Time,Mass,Radius,Lx
23.0,68.9970542082866,10.27,1.3e+30
33.0,68.97948615654342,10.2683448905908,2.6254430769169112e+29
43.0,68.97471289335078,10.267895168415132,8.125000000000072e+28
53.0,68.97211280486967,10.267650191269658,7.426368236754493e+28
63.0,68.969700666288,10.267422919501652,6.894438694426062e+28
73.0,68.96743575183795,10.267209516539502,6.471228435906223e+28
83.0,68.96529048104902,10.267007384174534,6.123675431864401e+28
93.0,68.9632451086134,10.266814662313568,5.831338311530708e+28
103.0,68.96128489957485,10.266629962864894,5.580794683491194e+28
113.0,68.9593984978033,10.266452216039209,5.3628105282020245e+28
123.0,68.9575769226689,10.26628057583072,5.17079246256987e+28
133.0,68.95581292068363,10.26611435893831,4.999887250044112e+28
143.0,68.95410052933337,10.265953003676252,4.846430887058217e+28
153.0,68.95243477371346,10.265796041395744,4.707597256923129e+28
163.0,68.95081144952202,10.265643076041833,4.581166083794146e+28
173.0,68.9492269640566,10.265493769174544,4.465365033814804e+28
183.0,68.9476782172663,10.265347828763453,4.358759462810436e+28
193.0,68.94616251113989,10.26520500065165,4.260173679432677e+28
203.0,68.94467747956713,10.26506506194837,4.168633588358353e+28
213.0,68.94322103327097,10.26492781584139,4.0833241655996765e+28
223.0,68.94179131601965,10.264793087472022,4.003557430124117e+28
233.0,68.94038666940813,10.264660720617403,3.928747977000493e+28
243.0,68.93900560423752,10.264530574994321,3.8583940460351e+28
253.0,68.93764677703692,10.264402524047494,3.7920627020956535e+28
263.0,68.93630897063761,10.264276453119589,3.729378110248499e+28
273.0,68.93499107797365,10.264152257925184,3.6700121686874417e+28
283.0,68.93369208847457,10.264029843268924,3.613676958017682e+28
293.0,68.93241107655912,10.263909121961586,3.5601186041825752e+28
303.0,68.93114719184503,10.263790013897816,3.509112252060391e+28
313.0,68.92989965077116,10.263672445266915,3.4604579193734174e+28
323.0,68.92866772938967,10.26355634787383,3.413977054036594e+28
333.0,68.92745075713381,10.263441658552084,3.3695096578945346e+28
343.0,68.92624811140408,10.263328318653752,3.3269118697439627e+28
353.0,68.92505921284467,10.263216273604517,3.286053923273607e+28
363.0,68.92388352120516,10.263105472513814,3.2468184129650017e+28
373.0,68.92272053170082,10.262995867831975,3.2090988144421355e+28
383.0,68.92156977179992,10.262887415047578,3.172798216220018e+28
393.0,68.92043079837795,10.262780072419373,3.1378282280030335e+28
403.0,68.91930319518866,10.262673800738051,3.10410803715654e+28
413.0,68.91818657060985,10.262568563113893,3.0715635901170065e+28
423.0,68.91708055562785,10.262464324786901,3.0401268796158984e+28
433.0,68.91598480203072,10.2623610529566,3.0097353218967007e+28
443.0,68.91489898078397,10.26225871662902,2.9803312107757257e+28
453.0,68.91382278056689,10.262157286478834,2.951861237568172e+28
463.0,68.91275590645022,10.262056734724773,2.924276067673974e+28
473.0,68.91169807869896,10.261957035016858,2.897529966073044e+28
483.0,68.91064903168599,10.261858162334066,2.8715804651790665e+28
493.0,68.9096085129041,10.261760092891256,2.8463880694941838e+28
503.0,68.90857628206587,10.26166280405438,2.821915992332692e+28
513.0,68.9075521102819,10.261566274263071,2.7981299205711427e+28
523.0,68.90653577930915,10.261470482959835,2.7749978039597874e+28
533.0,68.90552708086231,10.261375410525185,2.752489666016021e+28
543.0,68.90452581598166,10.261281038218089,2.730577433930342e+28
553.0,68.90353179445202,10.261187348121238,2.709234785262432e+28
563.0,68.90254483426769,10.261094323090642,2.688437009499774e+28
573.0,68.90156476113899,10.26100194670915,2.6681608828024535e+28
583.0,68.90059140803662,10.260910203243519,2.648384554472521e+28
593.0,68.89962461477016,10.260819077604719,2.6290874438703195e+28
603.0,68.89866422759779,10.26072855531116,2.6102501466583766e+28
613.0,68.89771009886434,10.260638622454605,2.5918543493897874e+28
623.0,68.89676208666519,10.260549265668507,2.573882751575808e+28
633.0,68.89582005453387,10.260460472098574,2.5563189944694234e+28
643.0,68.89488387115124,10.260372229375381,2.5391475958902273e+28
653.0,68.89395341007449,10.260284525588844,2.522353890493091e+28
663.0,68.89302854948438,10.260197349264402,2.5059239749503273e+28
673.0,68.89210917194913,10.260110689340781,2.4898446575758708e+28
683.0,68.89119516420371,10.260024535149206,2.474103411971505e+28
693.0,68.89028641694328,10.259938876393933,2.458688334320379e+28
703.0,68.88938282462976,10.259853703134045,2.44358810399283e+28
713.0,68.88848428531038,10.259769005766334,2.4287919471645745e+28
723.0,68.88759070044739,10.259684775009292,2.4142896031782987e+28
733.0,68.88670197475817,10.259601001888022,2.4000712934070193e+28
743.0,68.88581801606483,10.259517677720085,2.3861276924018707e+28
753.0,68.88493873515272,10.259434794102166,2.3724499011284936e+28
763.0,68.88406404563713,10.259352342897527,2.359029422115335e+28
773.0,68.88319386383776,10.259270316224164,2.3458581363542326e+28
783.0,68.88232810866016,10.259188706443656,2.332928281808844e+28
793.0,68.88146670148393,10.259107506150626,2.3202324334000776e+28
803.0,68.88060956605705,10.25902670816279,2.3077634843498247e+28
813.0,68.87975662839597,10.258946305511543,2.2955146287751747e+28
823.0,68.87890781669113,10.25886629143306,2.2834793454350823e+28
833.0,68.87806306121747,10.258786659359867,2.2716513825402087e+28
843.0,68.8772222942497,10.258707402912856,2.260024743544564e+28
853.0,68.87638544998191,10.25862851589372,2.2485936738446955e+28
863.0,68.87555246445136,10.258549992277773,2.2373526483185693e+28
873.0,68.87472327546615,10.25847182620712,2.2262963596420952e+28
883.0,68.87389782253653,10.258394011984217,2.215419707326484e+28
893.0,68.87307604680953,10.258316544065684,2.20471778742436e+28
903.0,68.87225789100692,10.258239417056476,2.1941858828568587e+28
913.0,68.87144329936613,10.25816262570432,2.1838194543178387e+28
923.0,68.87063221758402,10.25808616489441,2.17361413171487e+28
933.0,68.86982459276324,10.258010029644357,2.163565706109901e+28
943.0,68.8690203733613,10.257934215099393,2.1536701221254196e+28
953.0,68.86821950914178,10.257858716527775,2.1439234707846077e+28
963.0,68.86742195112801,10.257783529316422,2.1343219827564263e+28
973.0,68.86662765155864,10.257708648966727,2.124862021978793e+28
983.0,68.8658365638454,10.25763407109058,2.1155400796350374e+28
993.0,68.86504864253264,10.257559791406562,2.106352768460707e+28
1003.0,68.86426425414801,10.257485844472294,2.090081135351165e+28
1013.0,68.86348905193613,10.25741276324568,2.057564507998924e+28
1023.0,68.86272484138796,10.257340717948923,2.0258657787155107e+28
1033.0,68.86197136103235,10.257269683944555,1.9949566780668547e+28
1043.0,68.86122835807865,10.257199637412905,1.9648101746444167e+28
1053.0,68.86049558804847,10.257130555317394,1.9354004096365916e+28
1063.0,68.85977281442636,10.257062415371633,1.90670263543932e+28
1073.0,68.85905980832837,10.256995196008209,1.8786931580213176e+28
1083.0,68.8583563481872,10.25692887634902,1.851349282781836e+28
1093.0,68.8576622194533,10.256863436177127,1.824649263659377e+28
1103.0,68.85697721431065,10.256798855909974,1.7985722552685233e+28
1113.0,68.85630113140657,10.25673511657394,1.7730982678592005e+28
1123.0,68.85563377559471,10.25667219978013,1.748208124908331e+28
1133.0,68.8549749576904,10.256610087701326,1.723883423168225e+28
1143.0,68.85432449423772,10.256548763050047,1.700106495009184e+28
1153.0,68.85368220728765,10.25648820905765,1.6768603729058693e+28
1163.0,68.85304792418661,10.25642840945441,1.6541287559280541e+28
1173.0,68.85242147737492,10.256369348450532,1.6318959781065499e+28
1183.0,68.8518027041945,10.256311010718044,1.6101469785544454e+28
1193.0,68.85119144670541,10.2562533813735,1.588867273232399e+28
1203.0,68.85058755151083,10.25619644596151,1.5680429282546348e+28
1213.0,68.84999086958973,10.256140190438966,1.5476605346395964e+28
1223.0,68.84940125613723,10.256084601159996,1.5277071844159233e+28
1233.0,68.84881857041188,10.256029664861597,1.5081704480006252e+28
1243.0,68.84824267558977,10.255975368649874,1.4890383527720523e+28
1253.0,68.84767343862495,10.255921699986898,1.4702993627655415e+28
1263.0,68.84711073011589,10.25586864667812,1.4519423594245204e+28
1273.0,68.84655442417768,10.255816196860344,1.433956623344352e+28
1283.0,68.84600439831975,10.25576433899019,1.41633181695041e+28
1293.0,68.84546053332859,10.255713061833058,1.3990579680557288e+28
1303.0,68.8449227131556,10.255662354452555,1.3821254542471741e+28
1313.0,68.84439082480942,10.255612206200357,1.3655249880524102e+28
1323.0,68.84386475825288,10.255562606706494,1.3492476028430196e+28
1333.0,68.84334440630403,10.255513545870036,1.333284639432007e+28
1343.0,68.84282966454126,10.25546501385014,1.3176277333265775e+28
1353.0,68.8423204312123,10.255417001057493,1.3022688025995552e+28
1363.0,68.84181660714678,10.25536949814606,1.2872000363451093e+28
1373.0,68.84131809567234,10.255322496005181,1.272413883686598e+28
1383.0,68.84082480253399,10.255275985751995,1.257903043306326e+28
1393.0,68.84033663581673,10.255229958724115,1.2436604534688825e+28
1403.0,68.83985350587109,10.255184406472646,1.2296792825114366e+28
1413.0,68.8393753252416,10.255139320755418,1.2159529197759997e+28
1423.0,68.838902008598,10.255094693530529,1.2024749669601522e+28
1433.0,68.83843347266904,10.255050516950089,1.1892392298641452e+28
1443.0,68.83796963617887,10.255006783354238,1.1762397105136008e+28
1453.0,68.83751041978573,10.254963485265366,1.1634705996382474e+28
1463.0,68.83705574602297,10.254920615382554,1.1509262694882854e+28
1473.0,68.83660553924227,10.25487816657623,1.1386012669710393e+28
1483.0,68.83615972555896,10.25483613188301,1.1264903070915544e+28
1493.0,68.83571823279925,10.254794504500733,1.114588266681745e+28
1503.0,68.83528099044955,10.25475327778368,1.102890178403556e+28
1513.0,68.83484792960742,10.254712445237956,1.0913912250124469e+28
1523.0,68.83441898293447,10.254672000517052,1.0800867338682597e+28
1533.0,68.83399408461078,10.254631937417548,1.0689721716812628e+28
1543.0,68.83357317029103,10.254592249874985,1.058043139481841e+28
1553.0,68.83315617706218,10.25455293195987,1.0472953678029298e+28
1563.0,68.8327430434025,10.25451397787382,1.036724712064904e+28
1573.0,68.83233370914225,10.254475381945861,1.0263271481531739e+28
1583.0,68.83192811542546,10.254437138628816,1.0160987681792809e+28
1593.0,68.83152620467324,10.254399242495865,1.0060357764167797e+28
1603.0,68.83112792054818,10.254361688237164,9.961344854036515e+27
1613.0,68.8307332079201,10.254324470656652,9.863913122034388e+27
1623.0,68.83034201283279,10.254287584668885,9.768027748177005e+27
1633.0,68.82995428247199,10.254251025296043,9.67365488742779e+27
1643.0,68.82956996513441,10.254214787664994,9.580761636642259e+27
1653.0,68.82918901019772,10.254178867004477,9.489316002825918e+27
1663.0,68.8288113680916,10.25414325864237,9.399286872645987e+27
1673.0,68.8284369902697,10.254107958003047,9.310643983140233e+27
1683.0,68.8280658291824,10.254072960604816,9.223357893569133e+27
1693.0,68.82769783825076,10.254038262057458,9.137399958360179e+27
1703.0,68.8273329718409,10.254003858059816,9.05274230109589e+27
1713.0,68.82697118523956,10.253969744397493,8.96935778949935e+27
1723.0,68.82661243463014,10.253935916940591,8.887220011373481e+27
1733.0,68.82625667706971,10.253902371641553,8.806303251452434e+27
1743.0,68.82590387046666,10.253869104533047,8.726582469125438e+27
1753.0,68.82555397355902,10.253836111725926,8.648033276995488e+27
1763.0,68.8252069458935,10.253803389407253,8.570631920237025e+27
1773.0,68.82486274780511,10.25377093383839,8.49435525671848e+27
1783.0,68.8245213403975,10.253738741353125,8.419180737857249e+27
1793.0,68.82418268552382,10.253706808355892,8.345086390176169e+27
1803.0,68.82384674576821,10.253675131320007,8.272050797532034e+27
1813.0,68.82351348442776,10.253643706785981,8.200053083988135e+27
1823.0,68.82318286549518,10.253612531359881,8.129072897304038e+27
1833.0,68.82285485364179,10.25358160171173,8.059090393017164e+27
1843.0,68.82252941420114,10.25355091457396,7.990086219091827e+27
1853.0,68.82220651315309,10.253520466739912,7.922041501112572e+27
1863.0,68.8218861171083,10.253490255062385,7.854937827999701e+27
1873.0,68.82156819329329,10.253460276452206,7.788757238225886e+27
1883.0,68.82125270953578,10.253430527876874,7.723482206513706e+27
1893.0,68.82093963425059,10.253401006359216,7.659095630994922e+27
1903.0,68.82062893642586,10.253371708976086,7.595580820813075e+27
1913.0,68.82032058560971,10.253342632857121,7.532921484151906e+27
1923.0,68.82001455189722,10.253313775183505,7.471101716672822e+27
1933.0,68.81971080591788,10.253285133186784,7.410105990345382e+27
1943.0,68.81940931882326,10.253256704147715,7.349919142655515e+27
1953.0,68.81911006227517,10.253228485395137,7.290526366176811e+27
1963.0,68.818813008434,10.253200474304883,7.231913198490886e+27
1973.0,68.81851812994752,10.253172668298717,7.174065512443448e+27
1983.0,68.81822539993986,10.253145064843304,7.116969506723222e+27
1993.0,68.81793479200094,10.2531176614492,7.060611696751503e+27
2003.0,68.817646280176,10.253090455669888,7.004978905870561e+27
2013.0,68.81735983895565,10.253063445100807,6.9500582568197e+27
2023.0,68.81707544326594,10.253036627378453,6.895837163488174e+27
2033.0,68.81679306845885,10.253010000179456,6.842303322934677e+27
2043.0,68.81651269030304,10.252983561219724,6.78944470766351e+27
2053.0,68.81623428497475,10.25295730825357,6.737249558147974e+27
2063.0,68.81595782904905,10.252931239072906,6.685706375591914e+27
2073.0,68.81568329949121,10.252905351506415,6.634803914920715e+27
2083.0,68.81541067364837,10.252879643418773,6.584531177993409e+27
2093.0,68.81513992924144,10.252854112709882,6.534877407027916e+27
2103.0,68.81487104435715,10.252828757314127,6.485832078231711e+27
2113.0,68.81460399744032,10.252803575199637,6.437384895630586e+27
2123.0,68.81433876728637,10.252778564367594,6.389525785088442e+27
2133.0,68.81407533303403,10.252753722851526,6.342244888511314e+27
2143.0,68.8138136741581,10.252729048716647,6.295532558229129e+27
2153.0,68.8135537704626,10.252704540059197,6.24937935154897e+27
2163.0,68.81329560207394,10.252680195005794,6.203776025473794e+27
2173.0,68.81303914943426,10.252656011712828,6.158713531580889e+27
2183.0,68.81278439329512,10.252631988365842,6.114183011054509e+27
2193.0,68.81253131471107,10.252608123178941,6.070175789867359e+27
2203.0,68.8122798950336,10.252584414394216,6.026683374105825e+27
2213.0,68.81203011590515,10.252560860281184,5.983697445434027e+27
2223.0,68.81178195925325,10.252537459136226,5.941209856691981e+27
2233.0,68.8115354072849,10.252514209282072,5.899212627623287e+27
2243.0,68.81129044248091,10.252491109067256,5.857697940728021e+27
2253.0,68.8110470475906,10.252468156865618,5.816658137236578e+27
2263.0,68.81080520562645,10.252445351075803,5.776085713200457e+27
2273.0,68.81056489985893,10.252422690120774,5.735973315696062e+27
2283.0,68.8103261138115,10.252400172447341,5.696313739137784e+27
2293.0,68.81008883125568,10.252377796525693,5.65709992169678e+27
2303.0,68.80985303620628,10.252355560848946,5.618324941821917e+27
2313.0,68.80961871291665,10.252333463932708,5.579982014859597e+27
2323.0,68.80938584587416,10.25231150431464,5.5420644897692e+27
2333.0,68.80915441979572,10.252289680554036,5.504565845931068e+27
2343.0,68.80892441962338,10.252267991231417,5.467479690044014e+27
2353.0,68.80869583052014,10.252246434948123,5.430799753109507e+27
2363.0,68.8084686378657,10.252225010325924,5.394519887499714e+27
2373.0,68.80824282725247,10.25220371600664,5.358634064106775e+27
2383.0,68.80801838448154,10.252182550651757,5.323136369570685e+27
2393.0,68.8077952955588,10.252161512942067,5.288021003583316e+27
2403.0,68.80757354669119,10.25214060157731,5.253282276266181e+27
2413.0,68.8073531242829,10.252119815275819,5.218914605619628e+27
2423.0,68.80713401493183,10.252099152774191,5.184912515041214e+27
2433.0,68.80691620542603,10.252078612826937,5.151270630911126e+27
2443.0,68.80669968274019,10.252058194206166,5.117983680242569e+27
2453.0,68.80648443403226,10.25203789570126,5.085046488395105e+27
2463.0,68.80627044664017,10.252017716118566,5.052453976849009e+27
2473.0,68.80605770807857,10.251997654281087,5.020201161038791e+27
2483.0,68.80584620603565,10.251977709028184,4.98828314824405e+27
2493.0,68.80563592837005,10.251957879215283,4.956695135535962e+27
2503.0,68.80542686310783,10.251938163713593,4.925432407777659e+27
2513.0,68.80521899843949,10.251918561409822,4.8944903356769395e+27
2523.0,68.80501232271706,10.251899071205907,4.863864373889693e+27
2533.0,68.8048068244513,10.251879692018738,4.833550059172542e+27
2543.0,68.80460249230889,10.251860422779913,4.803543008583241e+27
2553.0,68.80439931510968,10.251841262435459,4.773838917727393e+27
2563.0,68.80419728182409,10.2518222099456,4.7444335590501514e+27
2573.0,68.80399638157047,10.251803264284504,4.7153227801715404e+27
2583.0,68.80379660361257,10.251784424440043,4.686502502264155e+27
2593.0,68.80359793735698,10.251765689413553,4.657968718471975e+27
2603.0,68.80340037235078,10.251747058219614,4.629717492369114e+27
2613.0,68.80320389827908,10.251728529885815,4.601744956457332e+27
2623.0,68.80300850496268,10.251710103452538,4.574047310701211e+27
2633.0,68.8028141823558,10.251691777972741,4.546620821099889e+27
2643.0,68.80262092054384,10.251673552511745,4.51946181829432e+27
2653.0,68.80242870974114,10.251655426147023,4.4925666962090457e+27
2663.0,68.80223754028883,10.251637397968004,4.4659319107274855e+27
2673.0,68.80204740265276,10.251619467075875,4.439553978399809e+27
2683.0,68.80185828742137,10.251601632583373,4.4134294751824675e+27
2693.0,68.8016701853037,10.251583893614605,4.3875550352084826e+27
2703.0,68.80148308712742,10.251566249304862,4.361927349587651e+27
2713.0,68.80129698383683,10.251548698800425,4.3365431652358174e+27
2723.0,68.80111186649098,10.251531241258398,4.3113992837324027e+27
2733.0,68.80092772626183,10.251513875846522,4.28649256020542e+27
2743.0,68.80074455443236,10.251496601743005,4.2618199022432046e+27
2753.0,68.8005623423948,10.251479418136357,4.2373782688321333e+27
2763.0,68.80038108164888,10.251462324225216,4.213164669319616e+27
2773.0,68.8002007638001,10.251445319218192,4.1891761624016685e+27
2783.0,68.80002138055805,10.251428402333708,4.165409855134403e+27
2793.0,68.79984292373469,10.251411572799835,4.1418629019687787e+27
2803.0,68.79966538524279,10.251394829854151,4.118532503807997e+27
2813.0,68.79948875709432,10.251378172743577,4.095415907086919e+27
2823.0,68.79931303139887,10.251361600724245,4.072510402872924e+27
2833.0,68.7991382003621,10.251345113061337,4.0498133259876243e+27
2843.0,68.79896425628426,10.251328709028954,4.0273220541488994e+27
2853.0,68.79879119155876,10.251312387909977,4.0050340071326904e+27
2863.0,68.79861899867062,10.251296148995923,3.982946645954044e+27
2873.0,68.79844767019512,10.25127999158682,3.961057472066896e+27
2883.0,68.79827719879638,10.25126391499107,3.939364026582101e+27
2893.0,68.79810757722602,10.251247918525317,3.917863889503228e+27
2903.0,68.79793879832178,10.251232001514332,3.896554678979668e+27
2913.0,68.79777085500622,10.251216163290875,3.8754340505765916e+27
2923.0,68.79760374028545,10.251200403195586,3.8544996965613276e+27
2933.0,68.79743744724783,10.251184720576857,3.8337493452057357e+27
2943.0,68.79727196906272,10.251169114790713,3.8131807601041674e+27
2953.0,68.79710729897931,10.25115358520071,3.792791739506602e+27
2963.0,68.79694343032537,10.251138131177804,3.7725801156665846e+27
2973.0,68.79678035650609,10.251122752100258,3.7525437542035844e+27
2983.0,68.79661807100292,10.251107447353514,3.732680553479397e+27
2993.0,68.79645656737245,10.251092216330104,3.7129884439882546e+27
3003.0,68.79629583924526,10.251077058429535,3.6934653877602815e+27
3013.0,68.7961358803249,10.251061973058189,3.674109377777966e+27
3023.0,68.79597668438673,10.25104695962922,3.654918437405324e+27
3033.0,68.79581824527692,10.251032017562453,3.635890619829437e+27
3043.0,68.79566055691137,10.251017146284292,3.617024007514053e+27
3053.0,68.79550361327478,10.251002345227622,3.5983167116649533e+27
3063.0,68.79534740841952,10.250987613831713,3.5797668717067947e+27
3073.0,68.79519193646476,10.250972951542122,3.5613726547711475e+27
3083.0,68.79503719159547,10.250958357810621,3.5431322551954445e+27
3093.0,68.79488316806146,10.250943832095086,3.5250438940325866e+27
3103.0,68.79472986017646,10.25092937385942,3.507105818570932e+27
3113.0,68.79457726231719,10.250914982573462,3.489316301864428e+27
3123.0,68.79442536892249,10.250900657712917,3.471673642272632e+27
3133.0,68.79427417449243,10.25088639875925,3.454176163010385e+27
3143.0,68.79412367358742,10.25087220519962,3.4368222117069026e+27
3153.0,68.79397386082739,10.250858076526796,3.4196101599740676e+27
3163.0,68.79382473089095,10.25084401223908,3.402538402983684e+27
3173.0,68.7936762785145,10.250830011840218,3.3856053590535004e+27
3183.0,68.79352849849153,10.250816074839342,3.368809469241778e+27
3193.0,68.79338138567174,10.250802200750883,3.352149196950212e+27
3203.0,68.7932349349603,10.250788389094495,3.335623027534996e+27
3213.0,68.79308914131707,10.250774639394995,3.3192294679258525e+27
3223.0,68.79294399975583,10.250760951182281,3.302967046252831e+27
3233.0,68.79279950534358,10.250747323991265,3.2868343114806943e+27
3243.0,68.79265565319976,10.250733757361804,3.2708298330507214e+27
3253.0,68.79251243849555,10.250720250838635,3.2549522005297456e+27
3263.0,68.79236985645319,10.250706803971307,3.239200023266266e+27
3273.0,68.79222790234525,10.25069341631411,3.223571930053467e+27
3283.0,68.79208657149394,10.250680087426021,3.208066568798985e+27
3293.0,68.7919458592705,10.25066681687063,3.192682606201272e+27
3303.0,68.79180576109448,10.25065360421609,3.177418727432395e+27
3313.0,68.79166627243312,10.250640449035048,3.1622736358271376e+27
3323.0,68.79152738880067,10.250627350904574,3.147246052578246e+27
3333.0,68.79138910575784,10.25061430940613,3.1323347164376943e+27
3343.0,68.7912514189111,10.250601324125482,3.117538383423817e+27
3353.0,68.79111432391213,10.250588394652667,3.102855826534189e+27
3363.0,68.79097781645717,10.250575520581915,3.0882858354641207e+27
3373.0,68.7908418922865,10.25056270151161,3.073827216330632e+27
3383.0,68.79070654718377,10.250549937044228,3.059478791401804e+27
3393.0,68.79057177697555,10.250537226786287,3.0452393988313605e+27
3403.0,68.79043757753067,10.250524570348292,3.031107892398391e+27
3413.0,68.79030394475967,10.250511967344677,3.017083141252077e+27
3423.0,68.79017087461433,10.250499417393765,3.003164029661331e+27
3433.0,68.79003836308708,10.25048692011771,2.989349456769218e+27
3443.0,68.78990640621046,10.250474475142454,2.9756383363520846e+27
3453.0,68.7897750000567,10.250462082097672,2.962029596583257e+27
3463.0,68.78964414073705,10.25044974061672,2.9485221798012355e+27
3473.0,68.78951382440145,10.250437450336605,2.9351150422822746e+27
3483.0,68.78938404723793,10.250425210897921,2.921807154017258e+27
3493.0,68.78925480547213,10.250413021944809,2.9085974984927695e+27
3503.0,68.78912609536685,10.250400883124913,2.8954850724762775e+27
3513.0,68.7889979132216,10.250388794089337,2.882468885805339e+27
3523.0,68.78887025537209,10.2503767544926,2.8695479611807346e+27
3533.0,68.78874311818979,10.25036476399259,2.856721333963461e+27
3543.0,68.78861649808147,10.250352822250525,2.8439880519754775e+27
3553.0,68.78849039148879,10.250340928930907,2.831347175304157e+27
3563.0,68.78836479488787,10.250329083701496,2.818797776110331e+27
3573.0,68.78823970478878,10.250317286233242,2.806338938439876e+27
3583.0,68.78811511773522,10.250305536200274,2.793969758038752e+27
3593.0,68.78799103030401,10.250293833279839,2.78168934217143e+27
3603.0,68.7878674391048,10.250282177152279,2.7694968094426294e+27
3613.0,68.78774434077953,10.250270567500982,2.7573912896223036e+27
3623.0,68.78762173200212,10.25025900401235,2.7453719234737977e+27
3633.0,68.78749960947808,10.250247486375763,2.733437862585118e+27
3643.0,68.78737796994405,10.250236014283535,2.7215882692032513e+27
3653.0,68.7872568101675,10.250224587430889,2.7098223160714554e+27
3663.0,68.78713612694635,10.250213205515914,2.698139186269483e+27
3673.0,68.78701591710853,10.250201868239536,2.6865380730566553e+27
3683.0,68.78689617751171,10.250190575305476,2.675018179717748e+27
3693.0,68.78677690504284,10.250179326420222,2.6635787194116096e+27
3703.0,68.78665809661791,10.250168121292994,2.6522189150224764e+27
3713.0,68.78653974918153,10.250156959635715,2.6409379990139167e+27
3723.0,68.78642185970658,10.250145841162974,2.6297352132853547e+27
3733.0,68.78630442519392,10.25013476559199,2.618609809031123e+27
3743.0,68.78618744267204,10.250123732642598,2.607561046601993e+27
3753.0,68.78607090919672,10.250112742037196,2.596588195369125e+27
3763.0,68.7859548218507,10.250101793500727,2.5856905335904005e+27
3773.0,68.78583917774338,10.25009088676065,2.574867348279084e+27
3783.0,68.78572397401054,10.25008002154691,2.564117935074767e+27
3793.0,68.78560920781395,10.2500691975919,2.5534415981165473e+27
3803.0,68.78549487634112,10.25005841463044,2.5428376499184034e+27
3813.0,68.78538097680499,10.250047672399749,2.5323054112467183e+27
3823.0,68.78526750644365,10.250036970639416,2.521844210999908e+27
3833.0,68.78515446252,10.250026309091371,2.511453386090116e+27
3843.0,68.78504184232152,10.25001568749986,2.501132281326932e+27
3853.0,68.78492964315994,10.250005105611411,2.490880249303095e+27
3863.0,68.784817862371,10.249994563174823,2.480696650282143e+27
3873.0,68.78470649731415,10.249984059941127,2.4705808520879673e+27
3883.0,68.78459554537226,10.249973595663562,2.4605322299962407e+27
3893.0,68.78448500395139,10.249963170097551,2.450550166627677e+27
3903.0,68.78437487048053,10.249952783000683,2.44063405184309e+27
3913.0,68.7842651424113,10.249942434132677,2.4307832826402154e+27
3923.0,68.78415581721771,10.249932123255366,2.4209972630522625e+27
3933.0,68.78404689239592,10.249921850132667,2.411275404048163e+27
3943.0,68.78393836546397,10.249911614530566,2.4016171234344798e+27
3953.0,68.78383023396155,10.249901416217082,2.3920218457589527e+27
3963.0,68.78372249544975,10.24989125496226,2.38248900221564e+27
3973.0,68.78361514751083,10.249881130538133,2.373018030551633e+27
3983.0,68.78350818774796,10.249871042718713,2.363608374975309e+27
3993.0,68.783401613785,10.24986099127996,2.3542594860660962e+27
4003.0,68.7832954232663,10.249850975999758,2.344970820685719e+27
4013.0,68.78318961385641,10.249840996657907,2.3357418418909012e+27
4023.0,68.7830841832399,10.24983105303609,2.3265720188474928e+27
4033.0,68.78297912912113,10.249821144917853,2.3174608267459975e+27
4043.0,68.78287444922405,10.249811272088591,2.308407746718476e+27
4053.0,68.78277014129196,10.249801434335525,2.2994122657567958e+27
4063.0,68.78266620308729,10.249791631447678,2.2904738766322043e+27
4073.0,68.7825626323914,10.249781863215858,2.2815920778162e+27
4083.0,68.78245942700443,10.24977212943264,2.272766373402681e+27
4093.0,68.78235658474497,10.249762429892348,2.2639962730313385e+27
4103.0,68.78225410345001,10.24975276439103,2.2552812918122858e+27
4113.0,68.78215198097462,10.24974313272644,2.2466209502518836e+27
4123.0,68.78205021519182,10.249733534698036,2.2380147741797563e+27
4133.0,68.78194880399235,10.249723970106931,2.2294622946769636e+27
4143.0,68.78184774528454,10.249714438755907,2.2209630480053176e+27
4153.0,68.78174703699403,10.249704940449373,2.2125165755378122e+27
4163.0,68.78164667706366,10.24969547499336,2.2041224236901585e+27
4173.0,68.78154666345327,10.249686042195504,2.195780143853395e+27
4183.0,68.78144699413949,10.249676641865022,2.1874892923275578e+27
4193.0,68.78134766711558,10.249667273812703,2.179249430256391e+27
4203.0,68.78124868039129,10.249657937850884,2.1710601235630806e+27
4213.0,68.78115003199261,10.249648633793436,2.162920942886989e+27
4223.0,68.78105171996168,10.249639361455753,2.1548314635213748e+27
4233.0,68.78095374235656,10.24963012065473,2.1467912653520822e+27
4243.0,68.78085609725107,10.249620911208751,2.1387999327971793e+27
4253.0,68.78075878273468,10.249611732937668,2.1308570547475294e+27
4263.0,68.78066179691226,10.249602585662792,2.1229622245082784e+27
4273.0,68.78056513790399,10.249593469206875,2.115115039741246e+27
4283.0,68.7804688038452,10.249584383394094,2.107315102408197e+27
4293.0,68.78037279288614,10.249575328050039,2.0995620187149845e+27
4303.0,68.78027710319192,10.249566303001696,2.0918553990565467e+27
4313.0,68.78018173294228,10.249557308077431,2.0841948579627403e+27
4323.0,68.7800866803315,10.249548343106984,2.0765800140449996e+27
4333.0,68.77999194356819,10.249539407921443,2.0690104899438047e+27
4343.0,68.77989752087521,10.24953050235324,2.0614859122769458e+27
4353.0,68.77980341048946,10.249521626236135,2.054005911588567e+27
4363.0,68.7797096106618,10.249512779405192,2.0465701222989805e+27
4373.0,68.77961611965684,10.249503961696787,2.0391781826552347e+27
4383.0,68.77952293575285,10.249495172948574,2.031829734682423e+27
4393.0,68.77943005724161,10.249486412999486,2.024524424135723e+27
4403.0,68.77933748242829,10.24947768168971,2.017261900453151e+27
4413.0,68.77924520963126,10.249468978860687,2.0100418167090202e+27
4423.0,68.77915323718199,10.249460304355091,2.002863829568093e+27
4433.0,68.77906156342496,10.249451658016818,1.9957275992404108e+27
4443.0,68.77897018671747,10.249443039690979,1.9886327894367942e+27
4453.0,68.77887910542954,10.249434449223877,1.9815790673249993e+27
4463.0,68.77878831794375,10.249425886463005,1.97456610348652e+27
4473.0,68.77869782265516,10.24941735125703,1.967593571874028e+27
4483.0,68.77860761797119,10.249408843455786,1.9606611497694318e+27
4493.0,68.77851770231143,10.249400362910253,1.953768517742556e+27
4503.0,68.77842807410761,10.249391909472555,1.946915359610418e+27
4513.0,68.7783387318034,10.249383482995947,1.9401013623971028e+27
4523.0,68.77824967385435,10.249375083334796,1.9333262162942188e+27
4533.0,68.77816089872773,10.249366710344582,1.9265896146219276e+27
4543.0,68.77807240490247,10.249358363881873,1.9198912537905384e+27
4553.0,68.77798419086898,10.249350043804334,1.9132308332626568e+27
4563.0,68.77789625512908,10.249341749970695,1.9066080555158793e+27
4573.0,68.77780859619588,10.249333482240754,1.9000226260060245e+27
4583.0,68.77772121259369,10.249325240475365,1.8934742531308902e+27
4593.0,68.77763410285785,10.249317024536422,1.8869626481945325e+27
4603.0,68.7775472655347,10.249308834286856,1.880487525372053e+27
4613.0,68.77746069918143,10.249300669590623,1.874048601674889e+27
4623.0,68.777374402366,10.249292530312687,1.8676455969165943e+27
4633.0,68.77728837366696,10.24928441631902,1.8612782336791138e+27
4643.0,68.77720261167349,10.249276327476592,1.854946237279525e+27
4653.0,68.77711711498516,10.24926826365335,1.848649335737259e+27
4663.0,68.77703188221193,10.249260224718226,1.8423872597417768e+27
4673.0,68.77694691197398,10.249252210541112,1.8361597426207058e+27
4683.0,68.77686220290165,10.249244220992857,1.8299665203084206e+27
4693.0,68.77677775363536,10.249236255945265,1.8238073313150648e+27
4703.0,68.77669356282544,10.24922831527107,1.8176819166960057e+27
4713.0,68.77660962913215,10.249220398843942,1.8115900200217174e+27
4723.0,68.77652595122548,10.249212506538473,1.80553138734808e+27
4733.0,68.77644252778512,10.249204638230164,1.7995057671870937e+27
4743.0,68.77635935750034,10.249196793795425,1.7935129104779976e+27
4753.0,68.77627643906993,10.24918897311156,1.7875525705587892e+27
4763.0,68.77619377120209,10.249181176056757,1.7816245031381374e+27
4773.0,68.77611135261432,10.249173402510088,1.7757284662676815e+27
4783.0,68.7760291820334,10.249165652351495,1.7698642203147102e+27
4793.0,68.77594725819523,10.249157925461784,1.7640315279352188e+27
4803.0,68.7758655798448,10.249150221722612,1.7582301540473313e+27
4813.0,68.77578414573608,10.24914254101649,1.752459865805089e+27
4823.0,68.77570295463192,10.249134883226757,1.7467204325725947e+27
4833.0,68.77562200530403,10.249127248237597,1.7410116258985086e+27
4843.0,68.77554129653281,10.249119635934008,1.7353332194908917e+27
4853.0,68.77546082710737,10.24911204620181,1.729684989192389e+27
4863.0,68.77538059582535,10.249104478927629,1.7240667129557497e+27
4873.0,68.77530060149294,10.249096933998894,1.718478170819675e+27
4883.0,68.77522084292472,10.249089411303828,1.7129191448849958e+27
4893.0,68.77514131894362,10.249081910731439,1.7073894192911658e+27
4903.0,68.77506202838087,10.249074432171518,1.701888780193072e+27
4913.0,68.77498297007585,10.249066975514626,1.6964170157381567e+27
4923.0,68.77490414287611,10.249059540652095,1.6909739160438435e+27
4933.0,68.77482554563721,10.249052127476006,1.6855592731752644e+27
4943.0,68.77474717722272,10.249044735879204,1.680172881123284e+27
4953.0,68.7746690365041,10.249037365755273,1.674814535782815e+27
4963.0,68.77459112236063,10.249030016998534,1.6694840349314214e+27
4973.0,68.77451343367939,10.249022689504047,1.6641811782082042e+27
4983.0,68.77443596935511,10.249015383167587,1.658905767092966e+27
4993.0,68.7743587282902,10.249008097885659,1.6536576048856497e+27
5003.0,68.77428170939457,10.249000833555472,1.6484364966860487e+27
