Time,Mass,Radius,Lx
23.0,68.9970542082866,10.27,1.3000000000000013e+30
33.0,68.96808267739675,10.267270470905789,8.759343917516788e+29
43.0,68.94692725462845,10.265277064150597,6.557671060380727e+29
53.0,68.9302620157576,10.263706594728323,5.217188931022641e+29
63.0,68.91651441977976,10.262410968080687,4.318578393882565e+29
73.0,68.90481553860012,10.261308345521353,3.6759150940485624e+29
83.0,68.8946344396458,10.260348718399625,3.194389126529449e+29
93.0,68.8856229186,10.259499287289872,2.8206900230836446e+29
103.0,68.87754025156254,10.258737375786422,2.5225893519864866e+29
113.0,68.87021307991743,10.258046652589696,2.2794814836921138e+29
123.0,68.86351241796307,10.257414966053291,2.0775905468556818e+29
133.0,68.85733970030955,10.25683303005162,1.9073648039537867e+29
143.0,68.85161791416724,10.256293588737565,1.7619773519404638e+29
153.0,68.84628574351188,10.25579086496653,1.636421961955088e+29
163.0,68.84129357552534,10.255320184120562,1.5269458788322928e+29
173.0,68.83660070107845,10.25487771039801,1.4306818240352996e+29
183.0,68.83217330500591,10.25446025749502,1.3454021997232546e+29
193.0,68.82798299307636,10.254065149840704,1.2693506973591002e+29
203.0,68.82400569239255,10.253690119008171,1.2011243297960343e+29
213.0,68.82022081710532,10.253333225117922,1.1395891336703854e+29
223.0,68.8166106261635,10.252992796331222,1.0838188555919484e+29
233.0,68.81315972239422,10.252667381657293,1.0330496397327944e+29
243.0,68.80985465716961,10.252355713707283,9.866460552511942e+28
253.0,68.80668361503508,10.252056678981193,9.440752903044585e+28
263.0,68.80363615964808,10.25176929393079,9.04887314097118e+28
273.0,68.80070302726078,10.251492685501669,8.686994590295373e+28
283.0,68.79787595745678,10.251226075185086,8.351843169368205e+28
293.0,68.79514755335903,10.2509687658464,8.040601484089326e+28
303.0,68.79251116535943,10.250720130769615,7.750832177973375e+28
313.0,68.78996079377588,10.250479604485186,7.480416181645057e+28
323.0,68.78749100685653,10.250246675043831,7.227502594537858e+28
333.0,68.78509687131675,10.250020877471163,6.990467724507181e+28
343.0,68.78277389317869,10.249801788193034,6.767881394083151e+28
353.0,68.7805179671327,10.249589020263834,6.5584790551217375e+28
363.0,68.77832533298927,10.249382219262873,6.361138578312497e+28
373.0,68.77619253806246,10.249181059749663,6.17486082964407e+28
383.0,68.77411640454135,10.248985242189198,5.998753333322625e+28
393.0,68.77209400107637,10.24879449027438,5.832016464725311e+28
403.0,68.77012261794373,10.248608548585612,5.673931728584031e+28
413.0,68.76819974526056,10.248427180537849,5.523851764661653e+28
423.0,68.76632305381203,10.248250166573778,5.381191791553448e+28
433.0,68.76449037812333,10.248077302568534,5.245422253274643e+28
443.0,68.76269970146853,10.24790839841693,5.116062476244546e+28
453.0,68.76094914255633,10.247743276778708,4.992675178614844e+28
463.0,68.75923694367245,10.247581771961046,4.874861701489704e+28
473.0,68.75756146009175,10.247423728920733,4.762257853884672e+28
483.0,68.75592115060024,10.247269002370917,4.654530281376442e+28
493.0,68.75431456899022,10.247117455979575,4.551373283164409e+28
503.0,68.7527403564112,10.246968961648614,4.45250601436629e+28
513.0,68.75119723447523,10.24682339886408,4.3576700203283276e+28
523.0,68.74968399902916,10.246680654109202,4.266627057958954e+28
533.0,68.74819951451785,10.24654062033314,4.1791571659205815e+28
543.0,68.74674270887229,10.246403196469203,4.095056951197836e+28
553.0,68.74531256886512,10.246268286997092,4.014138064310417e+28
563.0,68.7439081358831,10.246135801544476,3.936225839422058e+28
573.0,68.74252850207257,10.246005654523676,3.86115807894876e+28
583.0,68.74117280681887,10.24587776479986,3.7887839650987714e+28
593.0,68.7398402335258,10.245752055387491,3.7189630831725785e+28
603.0,68.73853000666486,10.245628453172216,3.651564543485951e+28
613.0,68.73724138906765,10.245506888655651,3.5864661905122504e+28
623.0,68.73597367943768,10.245387295720873,3.523553889320583e+28
633.0,68.7347262100607,10.245269611416596,3.462720880654244e+28
643.0,68.73349834469484,10.245153775758313,3.4038671970825973e+28
653.0,68.73228947662378,10.245039731544784,3.3468991335967104e+28
663.0,68.7310990268582,10.244927424188527,3.291728766827835e+28
673.0,68.72992644247208,10.244816801558976,3.238273517767337e+28
683.0,68.72877119506184,10.244707813837268,3.1864557534731505e+28
693.0,68.72763277931783,10.24460041338158,3.1362024237748e+28
703.0,68.72651071169814,10.244494554602124,3.08744472944781e+28
713.0,68.7254045291964,10.244390193845,3.0401178187287192e+28
723.0,68.7243137881954,10.244287289284143,2.994160509391896e+28
733.0,68.72323806339975,10.244185800820706,2.9495150339160146e+28
743.0,68.72217694684078,10.244085689989264,2.906126805537154e+28
753.0,68.72113004694823,10.243986919870311,2.8639442032221334e+28
763.0,68.72009698768326,10.243889455008533,2.822918373804159e+28
773.0,68.7190774077279,10.243793261336403,2.7830030497067953e+28
783.0,68.71807095972677,10.243698306102706,2.7441543808448876e+28
793.0,68.71707730957702,10.243604557805597,2.7063307794350126e+28
803.0,68.71609613576274,10.243511986129867,2.6694927765757184e+28
813.0,68.71512712873071,10.2434205618881,2.633602889571198e+28
823.0,68.71416999030433,10.243330256965413,2.598625499072933e+28
833.0,68.71322443313299,10.24324104426757,2.5645267352036986e+28
843.0,68.71229018017442,10.243152897672168,2.531274371908521e+28
853.0,68.7113669642075,10.243065791982714,2.4988377288487874e+28
863.0,68.71045452737359,10.242979702885396,2.4671875802198384e+28
873.0,68.7095526207443,10.242894606908333,2.4362960699297563e+28
883.0,68.70866100391396,10.242810481383147,2.4061366326286093e+28
893.0,68.70777944461493,10.242727304408714,2.3766839201236405e+28
903.0,68.70690771835453,10.242645054816933,2.34791373275754e+28
913.0,68.70604560807195,10.242563712140377,2.3198029553643783e+28
923.0,68.70519290381377,10.24248325658171,2.2923294974515703e+28
933.0,68.70434940242716,10.242403668984762,2.2654722372867254e+28
943.0,68.7035149072693,10.242324930807138,2.2392109695957916e+28
953.0,68.70268922793228,10.24224702409428,2.2135263566038155e+28
963.0,68.70187217998229,10.242169931454882,2.188399882172219e+28
973.0,68.70106358471234,10.242093636037584,2.163813808806949e+28
983.0,68.70026326890765,10.24201812150884,2.1397511373304293e+28
993.0,68.69947106462288,10.241943372031933,2.1161955690271127e+28
1003.0,68.6986869823508,10.241869388606641,2.090081135351165e+28
1013.0,68.69791326277571,10.241796382667518,2.057564507998924e+28
1023.0,68.69715051384503,10.241724411591193,2.0258657787155107e+28
1033.0,68.69639847458754,10.24165345076558,1.9949566780668547e+28
1043.0,68.69565689269595,10.241583476395538,1.9648101746444167e+28
1053.0,68.69492552415934,10.241514465468216,1.9354004096365916e+28
1063.0,68.69420413291452,10.241446395720178,1.90670263543932e+28
1073.0,68.69349249051515,10.241379245606222,1.8786931580213176e+28
1083.0,68.69279037581762,10.241312994269753,1.851349282781836e+28
1093.0,68.6920975746826,10.241247621514653,1.824649263659377e+28
1103.0,68.69141387969147,10.241183107778532,1.7985722552685233e+28
1113.0,68.69073908987653,10.241119434107317,1.7730982678592005e+28
1123.0,68.69007301046459,10.241056582131048,1.748208124908331e+28
1133.0,68.68941545263272,10.24099453404087,1.723883423168225e+28
1143.0,68.6887662332758,10.240933272567107,1.700106495009184e+28
1153.0,68.68812517478509,10.24087278095839,1.6768603729058693e+28
1163.0,68.68749210483713,10.240813042961749,1.6541287559280541e+28
1173.0,68.68686685619265,10.240754042803653,1.6318959781065499e+28
1183.0,68.68624926650459,10.240695765171914,1.6101469785544454e+28
1193.0,68.68563917813503,10.240638195198423,1.588867273232399e+28
1203.0,68.68503643798046,10.240581318442674,1.5680429282546348e+28
1213.0,68.68444089730481,10.240525120876018,1.5476605346395964e+28
1223.0,68.68385241158008,10.240469588866647,1.5277071844159233e+28
1233.0,68.68327084033396,10.240414709165215,1.5081704480006252e+28
1243.0,68.68269604700419,10.24036046889111,1.4890383527720523e+28
1253.0,68.6821278987992,10.240306855519313,1.4702993627655415e+28
1263.0,68.6815662665649,10.240253856867838,1.4519423594245204e+28
1273.0,68.68101102465712,10.240201461085707,1.433956623344352e+28
1283.0,68.6804620508195,10.24014965664143,1.41633181695041e+28
1293.0,68.6799192260665,10.240098432311976,1.3990579680557288e+28
1303.0,68.67938243457144,10.240047777172222,1.3821254542471741e+28
1313.0,68.67885156355902,10.23999768058481,1.3655249880524102e+28
1323.0,68.67832650320247,10.23994813219045,1.3492476028430196e+28
1333.0,68.67780714652481,10.239899121898617,1.333284639432007e+28
1343.0,68.67729338930413,10.239850639878604,1.3176277333265775e+28
1353.0,68.67678512998269,10.239802676550973,1.3022688025995552e+28
1363.0,68.67628226957979,10.239755222579316,1.2872000363451093e+28
1373.0,68.6757847116079,10.239708268862362,1.272413883686598e+28
1383.0,68.67529236199232,10.239661806526394,1.257903043306326e+28
1393.0,68.67480512899378,10.239615826917952,1.2436604534688825e+28
1403.0,68.67432292313426,10.239570321596839,1.2296792825114366e+28
1413.0,68.67384565712551,10.23952528232938,1.2159529197759997e+28
1423.0,68.67337324580045,10.239480701081948,1.2024749669601522e+28
1433.0,68.67290560604708,10.239436570014746,1.1892392298641452e+28
1443.0,68.67244265674496,10.239392881475801,1.1762397105136008e+28
1453.0,68.67198431870406,10.239349627995201,1.1634705996382474e+28
1463.0,68.67153051460586,10.239306802279552,1.1509262694882854e+28
1473.0,68.67108116894673,10.239264397206625,1.1386012669710393e+28
1483.0,68.67063620798324,10.239222405820206,1.1264903070915544e+28
1493.0,68.67019555967966,10.239180821325144,1.114588266681745e+28
1503.0,68.66975915365721,10.23913963708256,1.102890178403556e+28
1513.0,68.66932692114526,10.239098846605257,1.0913912250124469e+28
1523.0,68.66889879493414,10.239058443553255,1.0800867338682597e+28
1533.0,68.66847470932983,10.239018421729527,1.0689721716812628e+28
1543.0,68.66805460011005,10.23897877507586,1.058043139481841e+28
1553.0,68.66763840448206,10.23893949766887,1.0472953678029298e+28
1563.0,68.6672260610418,10.238900583716148,1.036724712064904e+28
1573.0,68.66681750973457,10.238862027552557,1.0263271481531739e+28
1583.0,68.66641269181697,10.238823823636638,1.0160987681792809e+28
1593.0,68.66601154982021,10.238785966547155,1.0060357764167797e+28
1603.0,68.66561402751464,10.238748450979742,9.961344854036515e+27
1613.0,68.66522006987546,10.238711271743684,9.863913122034388e+27
1623.0,68.66482962304967,10.238674423758777,9.768027748177005e+27
1633.0,68.66444263432402,10.238637902052329,9.67365488742779e+27
1643.0,68.66405905209407,10.238601701756226,9.580761636642259e+27
1653.0,68.66367882583434,10.238565818104126,9.489316002825918e+27
1663.0,68.66330190606926,10.238530246428716,9.399286872645987e+27
1673.0,68.66292824434532,10.238494982159084,9.310643983140233e+27
1683.0,68.66255779320389,10.238460020818156,9.223357893569133e+27
1693.0,68.66219050615504,10.238425358020232,9.137399958360179e+27
1703.0,68.6618263376522,10.23839098946859,9.05274230109589e+27
1713.0,68.66146524306758,10.238356910953168,8.96935778949935e+27
1723.0,68.6611071786684,10.23832311834833,8.887220011373481e+27
1733.0,68.66075210159386,10.238289607610682,8.806303251452434e+27
1743.0,68.66039996983282,10.23825637477698,8.726582469125438e+27
1753.0,68.66005074220224,10.238223415962086,8.648033276995488e+27
1763.0,68.65970437832618,10.238190727356988,8.570631920237025e+27
1773.0,68.65936083861551,10.238158305226898,8.49435525671848e+27
1783.0,68.65902008424827,10.238126145909385,8.419180737857249e+27
1793.0,68.65868207715054,10.238094245812581,8.345086390176169e+27
1803.0,68.65834677997803,10.238062601413441,8.272050797532034e+27
1813.0,68.65801415609803,10.238031209256034,8.200053083988135e+27
1823.0,68.65768416957211,10.238000065949928,8.129072897304038e+27
1833.0,68.65735678513913,10.237969168168572,8.059090393017164e+27
1843.0,68.65703196819895,10.237938512647766,7.990086219091827e+27
1853.0,68.65670968479648,10.237908096184155,7.922041501112572e+27
1863.0,68.65638990160626,10.237877915633776,7.854937827999701e+27
1873.0,68.65607258591746,10.237847967910644,7.788757238225886e+27
1883.0,68.65575770561934,10.237818249985379,7.723482206513706e+27
1893.0,68.65544522918712,10.237788758883871,7.659095630994922e+27
1903.0,68.65513512566825,10.237759491685992,7.595580820813075e+27
1913.0,68.65482736466909,10.237730445524333,7.532921484151906e+27
1923.0,68.6545219163419,10.23770161758298,7.471101716672822e+27
1933.0,68.65421875137235,10.237673005096333,7.410105990345382e+27
1943.0,68.6539178409672,10.237644605347947,7.349919142655515e+27
1953.0,68.65361915684241,10.237616415669418,7.290526366176811e+27
1963.0,68.65332267121164,10.237588433439278,7.231913198490886e+27
1973.0,68.65302835677495,10.237560656081948,7.174065512443448e+27
1983.0,68.6527361867079,10.237533081066701,7.116969506723222e+27
1993.0,68.65244613465089,10.237505705906663,7.060611696751503e+27
2003.0,68.65215817469881,10.237478528157826,7.004978905870561e+27
2013.0,68.65187228139105,10.23745154541812,6.9500582568197e+27
2023.0,68.6515884297016,10.237424755326465,6.895837163488174e+27
2033.0,68.65130659502961,10.237398155561891,6.842303322934677e+27
2043.0,68.65102675319007,10.237371743842653,6.78944470766351e+27
2053.0,68.65074888040478,10.237345517925386,6.737249558147974e+27
2063.0,68.65047295329359,10.237319475604266,6.685706375591914e+27
2073.0,68.65019894886584,10.237293614710218,6.634803914920715e+27
2083.0,68.649926844512,10.23726793311012,6.584531177993409e+27
2093.0,68.64965661799557,10.237242428706034,6.534877407027916e+27
2103.0,68.6493882474452,10.237217099434474,6.485832078231711e+27
2113.0,68.64912171134694,10.237191943265664,6.437384895630586e+27
2123.0,68.64885698853676,10.23716695820284,6.389525785088442e+27
2133.0,68.64859405819327,10.23714214228156,6.342244888511314e+27
2143.0,68.64833289983054,10.237117493569029,6.295532558229129e+27
2153.0,68.64807349329121,10.237093010163447,6.24937935154897e+27
2163.0,68.64781581873967,10.237068690193365,6.203776025473794e+27
2173.0,68.64755985665553,10.237044531817073,6.158713531580889e+27
2183.0,68.6473055878271,10.237020533221978,6.114183011054509e+27
2193.0,68.6470529933452,10.236996692624029,6.070175789867359e+27
2203.0,68.64680205459696,10.236973008267126,6.026683374105825e+27
2213.0,68.64655275325995,10.23694947842257,5.983697445434027e+27
2223.0,68.64630507129627,10.2369261013885,5.941209856691981e+27
2233.0,68.64605899094691,10.236902875489365,5.899212627623287e+27
2243.0,68.64581449472624,10.236879799075407,5.857697940728021e+27
2253.0,68.64557156541653,10.23685687052214,5.816658137236578e+27
2263.0,68.64533018606275,10.236834088229859,5.776085713200457e+27
2273.0,68.64509033996738,10.23681145062315,5.735973315696062e+27
2283.0,68.64485201068538,10.236788956150424,5.696313739137784e+27
2293.0,68.64461518201934,10.236766603283446,5.65709992169678e+27
2303.0,68.64437983801459,10.236744390516884,5.618324941821917e+27
2313.0,68.64414596295462,10.236722316367876,5.579982014859597e+27
2323.0,68.64391354135648,10.236700379375586,5.5420644897692e+27
2333.0,68.64368255796629,10.236678578100797,5.504565845931068e+27
2343.0,68.64345299775492,10.236656911125488,5.467479690044014e+27
2353.0,68.64322484591374,10.236635377052446,5.430799753109507e+27
2363.0,68.6429980878504,10.236613974504856,5.394519887499714e+27
2373.0,68.64277270918487,10.236592702125936,5.358634064106775e+27
2383.0,68.64254869574539,10.236571558578552,5.323136369570685e+27
2393.0,68.64232603356463,10.236550542544858,5.288021003583316e+27
2403.0,68.64210470887588,10.23652965272593,5.253282276266181e+27
2413.0,68.64188470810936,10.236508887841422,5.218914605619628e+27
2423.0,68.64166601788861,10.236488246629236,5.184912515041214e+27
2433.0,68.64144862502692,10.23646772784516,5.151270630911126e+27
2443.0,68.6412325165239,10.236447330262573,5.117983680242569e+27
2453.0,68.64101767956207,10.236427052672102,5.085046488395105e+27
2463.0,68.64080410150358,10.236406893881325,5.052453976849009e+27
2473.0,68.64059176988694,10.236386852714455,5.020201161038791e+27
2483.0,68.6403806724239,10.23636692801205,4.98828314824405e+27
2493.0,68.64017079699632,10.236347118630714,4.956695135535962e+27
2503.0,68.63996213165315,10.236327423442821,4.925432407777659e+27
2513.0,68.63975466460748,10.236307841336226,4.8944903356769395e+27
2523.0,68.63954838423363,10.236288371213993,4.863864373889693e+27
2533.0,68.63934327906433,10.236269011994136,4.833550059172542e+27
2543.0,68.63913933778792,10.236249762609344,4.803543008583241e+27
2553.0,68.63893654924566,10.236230622006735,4.773838917727393e+27
2563.0,68.63873490242905,10.236211589147606,4.7444335590501514e+27
2573.0,68.63853438647725,10.236192663007177,4.7153227801715404e+27
2583.0,68.63833499067454,10.236173842574367,4.686502502264155e+27
2593.0,68.63813670444777,10.236155126851537,4.657968718471975e+27
2603.0,68.63793951736403,10.236136514854286,4.629717492369114e+27
2613.0,68.63774341912814,10.236118005611202,4.601744956457332e+27
2623.0,68.63754839958038,10.236099598163657,4.574047310701211e+27
2633.0,68.63735444869418,10.236081291565583,4.546620821099889e+27
2643.0,68.6371615565739,10.236063084883263,4.51946181829432e+27
2653.0,68.63696971345259,10.236044977195125,4.4925666962090457e+27
2663.0,68.63677890968985,10.236026967591533,4.4659319107274855e+27
2673.0,68.63658913576978,10.236009055174598,4.439553978399809e+27
2683.0,68.63640038229882,10.235991239057974,4.4134294751824675e+27
2693.0,68.63621264000378,10.23597351836667,4.3875550352084826e+27
2703.0,68.63602589972984,10.235955892236868,4.361927349587651e+27
2713.0,68.63584015243866,10.235938359815728,4.3365431652358174e+27
2723.0,68.63565538920638,10.23592092026122,4.3113992837324027e+27
2733.0,68.63547160122182,10.235903572741947,4.28649256020542e+27
2743.0,68.63528877978466,10.23588631643696,4.2618199022432046e+27
2753.0,68.63510691630358,10.235869150535605,4.2373782688321333e+27
2763.0,68.63492600229459,10.235852074237346,4.213164669319616e+27
2773.0,68.63474602937924,10.235835086751614,4.1891761624016685e+27
2783.0,68.63456698928294,10.235818187297628,4.165409855134403e+27
2793.0,68.63438887383334,10.235801375104261,4.1418629019687787e+27
2803.0,68.63421167495869,10.235784649409872,4.118532503807997e+27
2813.0,68.63403538468621,10.235768009462161,4.095415907086919e+27
2823.0,68.63385999514058,10.235751454518024,4.072510402872924e+27
2833.0,68.63368549854239,10.2357349838434,4.0498133259876243e+27
2843.0,68.63351188720662,10.235718596713141,4.0273220541488994e+27
2853.0,68.6333391535412,10.235702292410865,4.0050340071326904e+27
2863.0,68.63316729004553,10.235686070228818,3.982946645954044e+27
2873.0,68.6329962893091,10.235669929467749,3.961057472066896e+27
2883.0,68.63282614401007,10.235653869436772,3.939364026582101e+27
2893.0,68.6326568469139,10.235637889453239,3.917863889503228e+27
2903.0,68.63248839087204,10.23562198884261,3.896554678979668e+27
2913.0,68.63232076882059,10.235606166938338,3.8754340505765916e+27
2923.0,68.63215397377904,10.235590423081742,3.8544996965613276e+27
2933.0,68.63198799884896,10.235574756621881,3.8337493452057357e+27
2943.0,68.63182283721278,10.235559166915449,3.8131807601041674e+27
2953.0,68.6316584821326,10.235543653326651,3.792791739506602e+27
2963.0,68.63149492694895,10.235528215227099,3.7725801156665846e+27
2973.0,68.63133216507963,10.23551285199569,3.7525437542035844e+27
2983.0,68.63117019001855,10.235497563018502,3.732680553479397e+27
2993.0,68.63100899533464,10.235482347688693,3.7129884439882546e+27
3003.0,68.63084857467068,10.235467205406389,3.6934653877602815e+27
3013.0,68.63068892174222,10.23545213557858,3.674109377777966e+27
3023.0,68.63053003033654,10.235437137619025,3.654918437405324e+27
3033.0,68.6303718943116,10.235422210948153,3.635890619829437e+27
3043.0,68.63021450759491,10.235407354992953,3.617024007514053e+27
3053.0,68.63005786418269,10.235392569186896,3.5983167116649533e+27
3063.0,68.62990195813869,10.23537785296983,3.5797668717067947e+27
3073.0,68.62974678359332,10.235363205787884,3.5613726547711475e+27
3083.0,68.62959233474267,10.23534862709339,3.5431322551954445e+27
3093.0,68.62943860584755,10.23533411634479,3.5250438940325866e+27
3103.0,68.62928559123256,10.235319673006533,3.507105818570932e+27
3113.0,68.62913328528519,10.235305296549008,3.489316301864428e+27
3123.0,68.62898168245492,10.23529098644846,3.471673642272632e+27
3133.0,68.62883077725232,10.235276742186883,3.454176163010385e+27
3143.0,68.62868056424821,10.235262563251974,3.4368222117069026e+27
3153.0,68.62853103807282,10.235248449137016,3.4196101599740676e+27
3163.0,68.62838219341491,10.235234399340827,3.402538402983684e+27
3173.0,68.62823402502097,10.235220413367673,3.3856053590535004e+27
3183.0,68.62808652769445,10.235206490727185,3.368809469241778e+27
3193.0,68.6279396962949,10.235192630934293,3.352149196950212e+27
3203.0,68.62779352573723,10.235178833509153,3.335623027534996e+27
3213.0,68.62764801099094,10.235165097977067,3.3192294679258525e+27
3223.0,68.62750314707935,10.235151423868416,3.302967046252831e+27
3233.0,68.6273589290789,10.23513781071859,3.2868343114806943e+27
3243.0,68.62721535211834,10.235124258067929,3.2708298330507214e+27
3253.0,68.62707241137812,10.23511076546163,3.2549522005297456e+27
3263.0,68.62693010208959,10.235097332449708,3.239200023266266e+27
3273.0,68.62678841953436,10.235083958586912,3.223571930053467e+27
3283.0,68.62664735904363,10.235070643432676,3.208066568798985e+27
3293.0,68.62650691599745,10.235057386551041,3.192682606201272e+27
3303.0,68.62636708582416,10.235044187510601,3.177418727432395e+27
3313.0,68.62622786399963,10.235031045884439,3.1622736358271376e+27
3323.0,68.62608924604673,10.235017961250072,3.147246052578246e+27
3333.0,68.62595122753464,10.235004933189384,3.1323347164376943e+27
3343.0,68.62581380407823,10.234991961288571,3.117538383423817e+27
3353.0,68.62567697133751,10.234979045138093,3.102855826534189e+27
3363.0,68.62554072501695,10.234966184332595,3.0882858354641207e+27
3373.0,68.62540506086496,10.23495337847088,3.073827216330632e+27
3383.0,68.6252699746733,10.234940627155831,3.059478791401804e+27
3393.0,68.62513546227648,10.23492792999437,3.0452393988313605e+27
3403.0,68.62500151955122,10.234915286597401,3.031107892398391e+27
3413.0,68.62486814241592,10.234902696579761,3.017083141252077e+27
3423.0,68.62473532683008,10.234890159560162,3.003164029661331e+27
3433.0,68.6246030687938,10.234877675161153,2.989349456769218e+27
3443.0,68.62447136434723,10.234865243009056,2.9756383363520846e+27
3453.0,68.62434020957008,10.234852862733925,2.962029596583257e+27
3463.0,68.62420960058107,10.234840533969503,2.9485221798012355e+27
3473.0,68.62407953353748,10.234828256353165,2.9351150422822746e+27
3483.0,68.62395000463462,10.234816029525874,2.921807154017258e+27
3493.0,68.62382101010537,10.234803853132137,2.9085974984927695e+27
3503.0,68.62369254621969,10.234791726819967,2.8954850724762775e+27
3513.0,68.62356460928414,10.234779650240823,2.882468885805339e+27
3523.0,68.62343719564146,10.234767623049581,2.8695479611807346e+27
3533.0,68.62331030167003,10.234755644904482,2.856721333963461e+27
3543.0,68.62318392378353,10.234743715467088,2.8439880519754775e+27
3553.0,68.62305805843042,10.234731834402258,2.831347175304157e+27
3563.0,68.62293270209352,10.234720001378081,2.818797776110331e+27
3573.0,68.62280785128962,10.234708216065856,2.806338938439876e+27
3583.0,68.622683502569,10.234696478140041,2.793969758038752e+27
3593.0,68.62255965251508,10.234684787278221,2.78168934217143e+27
3603.0,68.62243629774393,10.234673143161064,2.7694968094426294e+27
3613.0,68.62231343490394,10.234661545472285,2.7573912896223036e+27
3623.0,68.6221910606754,10.23464999389861,2.7453719234737977e+27
3633.0,68.62206917177011,10.234638488129736,2.733437862585118e+27
3643.0,68.62194776493095,10.234627027858297,2.7215882692032513e+27
3653.0,68.6218268369316,10.23461561277983,2.7098223160714554e+27
3663.0,68.62170638457607,10.234604242592734,2.698139186269483e+27
3673.0,68.62158640469838,10.234592916998244,2.6865380730566553e+27
3683.0,68.62146689416217,10.234581635700382,2.675018179717748e+27
3693.0,68.6213478498604,10.234570398405944,2.6635787194116096e+27
3703.0,68.62122926871493,10.23455920482445,2.6522189150224764e+27
3713.0,68.6211111476762,10.234548054668114,2.6409379990139167e+27
3723.0,68.62099348372291,10.234536947651822,2.6297352132853547e+27
3733.0,68.62087627386165,10.234525883493086,2.618609809031123e+27
3743.0,68.6207595151266,10.234514861912029,2.607561046601993e+27
3753.0,68.62064320457912,10.234503882631332,2.596588195369125e+27
3763.0,68.6205273393076,10.234492945376225,2.5856905335904005e+27
3773.0,68.62041191642695,10.23448204987445,2.574867348279084e+27
3783.0,68.6202969330784,10.234471195856221,2.564117935074767e+27
3793.0,68.62018238642915,10.234460383054213,2.5534415981165473e+27
3803.0,68.62006827367212,10.23444961120352,2.5428376499184034e+27
3813.0,68.61995459202556,10.234438880041631,2.5323054112467183e+27
3823.0,68.61984133873285,10.234428189308403,2.521844210999908e+27
3833.0,68.61972851106214,10.234417538746031,2.511453386090116e+27
3843.0,68.61961610630605,10.234406928099022,2.501132281326932e+27
3853.0,68.6195041217815,10.234396357114173,2.490880249303095e+27
3863.0,68.61939255482932,10.234385825540535,2.480696650282143e+27
3873.0,68.61928140281398,10.234375333129396,2.4705808520879673e+27
3883.0,68.61917066312338,10.234364879634251,2.4605322299962407e+27
3893.0,68.61906033316856,10.234354464810776,2.450550166627677e+27
3903.0,68.61895041038339,10.234344088416808,2.44063405184309e+27
3913.0,68.61884089222437,10.234333750212313,2.4307832826402154e+27
3923.0,68.61873177617035,10.23432344995937,2.4209972630522625e+27
3933.0,68.61862305972228,10.234313187422138,2.411275404048163e+27
3943.0,68.61851474040296,10.234302962366847,2.4016171234344798e+27
3953.0,68.61840681575677,10.234292774561757,2.3920218457589527e+27
3963.0,68.61829928334947,10.234282623777142,2.38248900221564e+27
3973.0,68.61819214076795,10.23427250978528,2.373018030551633e+27
3983.0,68.61808538561995,10.234262432360406,2.363608374975309e+27
3993.0,68.61797901553389,10.234252391278714,2.3542594860660962e+27
4003.0,68.6178730281586,10.23424238631832,2.344970820685719e+27
4013.0,68.61776742116312,10.23423241725925,2.3357418418909012e+27
4023.0,68.61766219223645,10.234222483883409,2.3265720188474928e+27
4033.0,68.61755733908734,10.234212585974568,2.3174608267459975e+27
4043.0,68.61745285944409,10.234202723318342,2.308407746718476e+27
4053.0,68.6173487510543,10.234192895702172,2.2994122657567958e+27
4063.0,68.61724501168469,10.2341831029153,2.2904738766322043e+27
4073.0,68.61714163912089,10.234173344748745,2.2815920778162e+27
4083.0,68.6170386311672,10.234163620995302,2.272766373402681e+27
4093.0,68.61693598564644,10.2341539314495,2.2639962730313385e+27
4103.0,68.61683370039968,10.234144275907601,2.2552812918122858e+27
4113.0,68.61673177328612,10.23413465416757,2.2466209502518836e+27
4123.0,68.61663020218285,10.234125066029065,2.2380147741797563e+27
4133.0,68.61652898498465,10.23411551129341,2.2294622946769636e+27
4143.0,68.61642811960384,10.234105989763588,2.2209630480053176e+27
4153.0,68.61632760397002,10.234096501244206,2.2125165755378122e+27
4163.0,68.61622743602999,10.234087045541504,2.2041224236901585e+27
4173.0,68.61612761374747,10.234077622463305,2.195780143853395e+27
4183.0,68.61602813510297,10.234068231819032,2.1874892923275578e+27
4193.0,68.61592899809358,10.23405887341966,2.179249430256391e+27
4203.0,68.61583020073286,10.234049547077726,2.1710601235630806e+27
4213.0,68.6157317410506,10.23404025260729,2.162920942886989e+27
4223.0,68.61563361709264,10.234030989823939,2.1548314635213748e+27
4233.0,68.61553582692078,10.234021758544754,2.1467912653520822e+27
4243.0,68.61543836861253,10.234012558588306,2.1387999327971793e+27
4253.0,68.61534124026099,10.234003389774635,2.1308570547475294e+27
4263.0,68.61524443997469,10.233994251925234,2.1229622245082784e+27
4273.0,68.61514796587738,10.233985144863038,2.115115039741246e+27
4283.0,68.61505181610796,10.233976068412405,2.107315102408197e+27
4293.0,68.61495598882023,10.233967022399105,2.0995620187149845e+27
4303.0,68.61486048218279,10.2339580066503,2.0918553990565467e+27
4313.0,68.61476529437888,10.233949020994537,2.0841948579627403e+27
4323.0,68.61467042360623,10.233940065261729,2.0765800140449996e+27
4333.0,68.61457586807687,10.23393113928314,2.0690104899438047e+27
4343.0,68.61448162601705,10.233922242891373,2.0614859122769458e+27
4353.0,68.61438769566708,10.233913375920356,2.054005911588567e+27
4363.0,68.61429407528111,10.233904538205328,2.0465701222989805e+27
4373.0,68.61420076312712,10.233895729582834,2.0391781826552347e+27
4383.0,68.61410775748665,10.233886949890692,2.031829734682423e+27
4393.0,68.61401505665476,10.233878198968002,2.024524424135723e+27
4403.0,68.61392265893984,10.233869476655116,2.017261900453151e+27
4413.0,68.61383056266348,10.233860782793638,2.0100418167090202e+27
4423.0,68.61373876616037,10.233852117226403,2.002863829568093e+27
4433.0,68.61364726777813,10.233843479797471,1.9957275992404108e+27
4443.0,68.61355606587722,10.233834870352107,1.9886327894367942e+27
4453.0,68.61346515883075,10.233826288736779,1.9815790673249993e+27
4463.0,68.61337454502441,10.233817734799132,1.97456610348652e+27
4473.0,68.61328422285635,10.233809208387994,1.967593571874028e+27
4483.0,68.613194190737,10.23380070935335,1.9606611497694318e+27
4493.0,68.61310444708901,10.233792237546334,1.953768517742556e+27
4503.0,68.61301499034708,10.233783792819224,1.946915359610418e+27
4513.0,68.61292581895786,10.233775375025424,1.9401013623971028e+27
4523.0,68.61283693137986,10.23376698401945,1.9333262162942188e+27
4533.0,68.61274832608329,10.233758619656932,1.9265896146219276e+27
4543.0,68.61266000154997,10.233750281794588,1.9198912537905384e+27
4553.0,68.61257195627321,10.233741970290229,1.9132308332626568e+27
4563.0,68.6124841887577,10.23373368500273,1.9066080555158793e+27
4573.0,68.6123966975194,10.23372542579203,1.9000226260060245e+27
4583.0,68.61230948108542,10.233717192519132,1.8934742531308902e+27
4593.0,68.61222253799392,10.23370898504607,1.8869626481945325e+27
4603.0,68.612135866794,10.233700803235916,1.880487525372053e+27
4613.0,68.61204946604565,10.233692646952765,1.874048601674889e+27
4623.0,68.61196333431951,10.233684516061722,1.8676455969165943e+27
4633.0,68.61187747019692,10.233676410428899,1.8612782336791138e+27
4643.0,68.61179187226969,10.233668329921397,1.854946237279525e+27
4653.0,68.61170653914012,10.233660274407304,1.848649335737259e+27
4663.0,68.6116214694208,10.233652243755685,1.8423872597417768e+27
4673.0,68.61153666173455,10.233644237836566,1.8361597426207058e+27
4683.0,68.61145211471434,10.233636256520931,1.8299665203084206e+27
4693.0,68.61136782700318,10.233628299680712,1.8238073313150648e+27
4703.0,68.611283797254,10.233620367188779,1.8176819166960057e+27
4713.0,68.61120002412962,10.233612458918932,1.8115900200217174e+27
4723.0,68.61111650630255,10.233604574745886,1.80553138734808e+27
4733.0,68.61103324245502,10.233596714545278,1.7995057671870937e+27
4743.0,68.61095023127882,10.233588878193641,1.7935129104779976e+27
4753.0,68.61086747147522,10.233581065568403,1.7875525705587892e+27
4763.0,68.61078496175487,10.233573276547885,1.7816245031381374e+27
4773.0,68.61070270083776,10.233565511011278,1.7757284662676815e+27
4783.0,68.61062068745309,10.23355776883865,1.7698642203147102e+27
4793.0,68.61053892033918,10.23355004991093,1.7640315279352188e+27
4803.0,68.61045739824341,10.233542354109893,1.7582301540473313e+27
4813.0,68.61037611992212,10.233534681318172,1.752459865805089e+27
4823.0,68.61029508414056,10.233527031419232,1.7467204325725947e+27
4833.0,68.61021428967277,10.233519404297372,1.7410116258985086e+27
4843.0,68.61013373530149,10.233511799837707,1.7353332194908917e+27
4853.0,68.61005341981813,10.233504217926177,1.729684989192389e+27
4863.0,68.60997334202267,10.233496658449525,1.7240667129557497e+27
4873.0,68.60989350072354,10.233489121295293,1.718478170819675e+27
4883.0,68.60981389473761,10.233481606351821,1.7129191448849958e+27
4893.0,68.60973452289007,10.233474113508235,1.7073894192911658e+27
4903.0,68.60965538401435,10.233466642654435,1.701888780193072e+27
4913.0,68.60957647695209,10.233459193681098,1.6964170157381567e+27
4923.0,68.60949780055302,10.233451766479664,1.6909739160438435e+27
4933.0,68.6094193536749,10.233444360942329,1.6855592731752644e+27
4943.0,68.60934113518346,10.233436976962045,1.680172881123284e+27
4953.0,68.60926314395232,10.233429614432508,1.674814535782815e+27
4963.0,68.60918537886293,10.233422273248149,1.6694840349314214e+27
4973.0,68.60910783880446,10.233414953304129,1.6641811782082042e+27
4983.0,68.60903052267379,10.233407654496338,1.658905767092966e+27
4993.0,68.6089534293754,10.233400376721384,1.6536576048856497e+27
5003.0,68.60887655782132,10.233393119876586,1.6484364966860487e+27
