Time,Mass,Radius,Lx
23.0,6.728688454232868,8.74,1.3000000000000013e+30
23.1,6.727284085581988,8.7342808634703,1.2938464140484582e+30
23.200000000000003,6.7258886271788425,8.728592950348668,1.2877483494470542e+30
23.300000000000004,6.724501983483773,8.722935956041143,1.2817050691574034e+30
23.400000000000006,6.723124060390626,8.717309580209301,1.2757158490325027e+30
23.500000000000007,6.7217547651992,8.711713526693085,1.269779977537365e+30
23.60000000000001,6.720394006588329,8.70614750343533,1.2638967554768648e+30
23.70000000000001,6.719041694589598,8.700611222407995,1.2580654957305787e+30
23.80000000000001,6.717697740561665,8.69510439953999,1.2522855229944139e+30
23.900000000000013,6.716362057165178,8.689626754646607,1.2465561735288236e+30
24.000000000000014,6.715034558338268,8.6841780113605,1.2408767949134135e+30
24.100000000000016,6.713715159272607,8.678757897064159,1.2352467458077523e+30
24.200000000000017,6.712403776390006,8.673366142823847,1.2296653957182031e+30
24.30000000000002,6.711100327319546,8.668002483324981,1.224132124770602e+30
24.40000000000002,6.709804730875234,8.662666656808893,1.218646323488611e+30
24.50000000000002,6.708516907034155,8.657358405010951,1.2132073925775848e+30
24.600000000000023,6.707236776915111,8.652077473099995,1.2078147427137893e+30
24.700000000000024,6.705964262757748,8.646823609619082,1.2024677943388182e+30
24.800000000000026,6.704699287902141,8.641596566427447,1.1971659774590621e+30
24.900000000000027,6.703441776768833,8.636396098643749,1.1919087314500831e+30
25.00000000000003,6.702191654839312,8.63122196459044,1.1866955048657568e+30
25.10000000000003,6.700948848636922,8.62607392573936,1.1815257552520472e+30
25.20000000000003,6.699713285708192,8.620951746658433,1.1763989489652839e+30
25.300000000000033,6.698484894604566,8.61585519495947,1.1713145609948152e+30
25.400000000000034,6.6972636048645375,8.610784041247076,1.1662720747899155e+30
25.500000000000036,6.696049346996168,8.605738059068583,1.1612709820908277e+30
25.600000000000037,6.694842052459982,8.600717024865032,1.1563107827638271e+30
25.70000000000004,6.693641653652227,8.595720717923138,1.1513909846401954e+30
25.80000000000004,6.692448083888499,8.590748920328263,1.1465111033589971e+30
25.90000000000004,6.691261277387711,8.585801416918299,1.1416706622135539e+30
26.000000000000043,6.690081169256399,8.580877995238543,1.1368691920015171e+30
26.100000000000044,6.68890769547337,8.57597844549741,1.1321062308784405e+30
26.200000000000045,6.687740792874664,8.571102560523112,1.1273813242147565e+30
26.300000000000047,6.686580399138838,8.566250135721129,1.1226940244560673e+30
26.40000000000005,6.685426452772551,8.56142096903259,1.1180438909866591e+30
26.50000000000005,6.684278893096457,8.556614860893433,1.113430489996155e+30
26.60000000000005,6.683137660231386,8.551831614194398,1.1088533943492211e+30
26.700000000000053,6.682002695084811,8.547071034241803,1.1043121834582475e+30
26.800000000000054,6.680873939337593,8.542332928719091,1.0998064431589215e+30
26.900000000000055,6.679751335431002,8.537617107649112,1.095335765588621e+30
27.000000000000057,6.678634826553998,8.532923383357167,1.0908997490675509e+30
27.10000000000006,6.677524356630779,8.528251570434755,1.0864979979825511e+30
27.20000000000006,6.676419870308569,8.523601485704008,1.0821301226735091e+30
27.30000000000006,6.675321312945666,8.51897294818285,1.0777957393223063e+30
27.400000000000063,6.674228630599722,8.514365779050774,1.0734944698442329e+30
27.500000000000064,6.6731417700162625,8.509779801615311,1.0692259417818103e+30
27.600000000000065,6.672060678617434,8.505214841279134,1.064989788200956e+30
27.700000000000067,6.670985304490978,8.50067072550776,1.0607856475894334e+30
27.800000000000068,6.669915596379419,8.496147283797907,1.0566131637575259e+30
27.90000000000007,6.668851503669471,8.4916443476464,1.0524719857408808e+30
28.00000000000007,6.667792976381651,8.487161750519697,1.048361767705468e+30
28.100000000000072,6.6667399651600965,8.48269932782397,1.0442821688545975e+30
28.200000000000074,6.665692421262584,8.478256916875758,1.0402328533379475e+30
28.300000000000075,6.664650296550738,8.473834356873125,1.0362134901625497e+30
28.400000000000077,6.663613543480435,8.469431488867416,1.032223753105686e+30
28.500000000000078,6.662582115092389,8.465048155735483,1.0282633206296451e+30
28.60000000000008,6.6615559650029255,8.460684202152436,1.0243318757982971e+30
28.70000000000008,6.660535047394923,8.456339474564913,1.0204291061954371e+30
28.800000000000082,6.659519317008936,8.452013821164808,1.0165547038448585e+30
28.900000000000084,6.658508729134485,8.447707091863496,1.0127083651321089e+30
29.000000000000085,6.65750323960151,8.44341913826652,1.0088897907278915e+30
29.100000000000087,6.656502804771994,8.439149813648752,1.0050986855130705e+30
29.200000000000088,6.655507381531731,8.43489897292996,1.0013347585052398e+30
29.30000000000009,6.6545169272822635,8.430666472650863,9.975977227868194e+29
29.40000000000009,6.653531399932962,8.426452170949586,9.938872954346423e+29
29.500000000000092,6.652550757893257,8.422255927538542,9.902031974509956e+29
29.600000000000094,6.6515749600650125,8.418077603681716,9.865451536960799e+29
29.700000000000095,6.650603965835044,8.413917062172377,9.82912892821855e+29
29.800000000000097,6.649637735067776,8.40977416731115,9.793061472072391e+29
29.900000000000098,6.64867622809803,8.405648784884505,9.757246528946272e+29
30.0000000000001,6.647719405723953,8.401540782143597,9.721681495276983e+29
30.1000000000001,6.646767229200063,8.397450027783501,9.68636380290483e+29
30.200000000000102,6.64581966023044,8.393376391922784,9.6512909184766e+29
30.300000000000104,6.64487666096202,8.389319746083455,9.616460342860512e+29
30.400000000000105,6.643938193978031,8.385279963171238,9.581869610572928e+29
30.500000000000107,6.64300422229153,8.381256917456216,9.547516289216485e+29
30.600000000000108,6.64207470933907,8.37725048455378,9.513397978929428e+29
30.70000000000011,6.641149618974471,8.373260541405916,9.479512311845878e+29
30.80000000000011,6.640228915462711,8.36928696626281,9.445856951566753e+29
30.900000000000112,6.63931256347392,8.365329638664779,9.412429592641157e+29
31.000000000000114,6.638400528077484,8.361388439424484,9.379227960057921e+29
31.100000000000115,6.637492774736249,8.357463250609467,9.346249808747143e+29
31.200000000000117,6.6365892693008375,8.353553955524966,9.313492923091438e+29
31.300000000000118,6.635689978004052,8.349660438697036,9.280955116446701e+29
31.40000000000012,6.63479486745539,8.345782585855936,9.248634230672192e+29
31.50000000000012,6.633903904635641,8.341920283919805,9.216528135669682e+29
31.600000000000122,6.633017056891594,8.33807342097861,9.184634728931507e+29
31.700000000000124,6.632134291930822,8.33424188627834,9.152951935097287e+29
31.800000000000125,6.6312555778165665,8.330425570205506,9.121477705519161e+29
31.900000000000126,6.630380882962707,8.326624364271844,9.090210017835311e+29
32.00000000000013,6.629510176128818,8.322838161099318,9.059146875551609e+29
32.10000000000013,6.62864342641531,8.319066854405323,9.028286307631202e+29
32.20000000000013,6.627780603258655,8.315310338988173,8.997626368091878e+29
32.30000000000013,6.6269216764266945,8.311568510712798,8.967165135611e+29
32.400000000000134,6.626066616014022,8.307841266496677,8.936900713137893e+29
32.500000000000135,6.625215392437451,8.304128504296017,8.906831227513494e+29
32.600000000000136,6.624367976431557,8.300430123092124,8.876954829097086e+29
32.70000000000014,6.623524339044292,8.296746022878025,8.847269691400029e+29
32.80000000000014,6.622684451632676,8.293076104645293,8.817774010726259e+29
32.90000000000014,6.621848285858558,8.289420270371062,8.788466005819459e+29
33.00000000000014,6.621015813684454,8.28577842300529,8.759343917516747e+29
33.10000000000014,6.620187007369443,8.282150466458189,8.73040600840873e+29
33.200000000000145,6.619361839465147,8.27853630558788,8.701650562505802e+29
33.300000000000146,6.618540282811759,8.274935846188221,8.67307588491055e+29
33.40000000000015,6.617722310534155,8.271348994976842,8.64468030149613e+29
33.50000000000015,6.616907896038055,8.267775659583355,8.616462158590497e+29
33.60000000000015,6.6160970130062555,8.264215748537785,8.588419822666352e+29
33.70000000000015,6.615289635394923,8.260669171259119,8.560551680036713e+29
33.80000000000015,6.614485737429945,8.257135838044093,8.532856136555962e+29
33.900000000000155,6.613685293603341,8.253615660056118,8.50533161732625e+29
34.000000000000156,6.612888278669735,8.250108549314394,8.477976566409196e+29
34.10000000000016,6.6120946676428805,8.246614418683185,8.450789446542718e+29
34.20000000000016,6.611304435792244,8.243133181861264,8.4237687388629e+29
34.30000000000016,6.6105175586396445,8.239664753371507,8.396912942630819e+29
34.40000000000016,6.609734011955944,8.236209048550673,8.370220574964201e+29
34.50000000000016,6.608953771757793,8.232765983539307,8.343690170573819e+29
34.600000000000165,6.608176814304428,8.229335475271828,8.317320281504518e+29
34.700000000000166,6.607403116094516,8.22591744146674,8.291109476880821e+29
34.80000000000017,6.606632653863057,8.222511800617013,8.26505634265695e+29
34.90000000000017,6.605865404578329,8.219118471980602,8.239159481371234e+29
35.00000000000017,6.605101345438879,8.215737375571095,8.213417511904792e+29
35.10000000000017,6.604340453870571,8.212368432148525,8.187829069244396e+29
35.20000000000017,6.603582707523669,8.209011563210302,8.162392804249444e+29
35.300000000000175,6.602828084269976,8.20566669098229,8.137107383422954e+29
35.400000000000176,6.602076562200007,8.20233373841002,8.1119714886865e+29
35.50000000000018,6.601328119620216,8.19901262915,8.086983817159006e+29
35.60000000000018,6.600582735050258,8.195703287561209,8.06214308093934e+29
35.70000000000018,6.599840387220301,8.192405638696679,8.037448006892596e+29
35.80000000000018,6.599101055068368,8.189119608295202,8.01289733644004e+29
35.90000000000018,6.598364717737734,8.185845122773179,7.988489825352594e+29
36.000000000000185,6.597631354574352,8.182582109216565,7.964224243547833e+29
36.100000000000186,6.596900945124322,8.179330495372943,7.940099374890408e+29
36.20000000000019,6.5961734691314,8.176090209643721,7.91611401699582e+29
36.30000000000019,6.595448906534542,8.17286118107643,7.892266981037483e+29
36.40000000000019,6.594727237465489,8.169643339357126,7.868557091557041e+29
36.50000000000019,6.594008442246382,8.166436614802937,7.844983186277822e+29
36.60000000000019,6.593292501387423,8.16324093835467,7.821544115921413e+29
36.700000000000195,6.5925793955845595,8.160056241569567,7.798238744027284e+29
36.800000000000196,6.591869105717212,8.156882456614124,7.775065946775384e+29
36.9000000000002,6.591161612846033,8.153719516257057,7.75202461281168e+29
37.0000000000002,6.590456898210699,8.150567353862328,7.729113643076554e+29
37.1000000000002,6.589754943227735,8.147425903382297,7.706331950636045e+29
37.2000000000002,6.589055729488372,8.144295099350952,7.68367846051582e+29
37.3000000000002,6.588359238756437,8.141174876877255,7.661152109537883e+29
37.400000000000205,6.587665452966273,8.138065171638566,7.638751846159933e+29
37.500000000000206,6.586974354220685,8.134965919874158,7.61647663031734e+29
37.60000000000021,6.586285924788931,8.131877058378839,7.59432543326767e+29
37.70000000000021,6.58560014710472,8.128798524496645,7.572297237437728e+29
37.80000000000021,6.584917003764261,8.12573025611464,7.55039103627308e+29
37.90000000000021,6.584236477524326,8.122672191656774,7.528605834089968e+29
38.00000000000021,6.583558551300346,8.11962427007786,7.506940645929619e+29
38.100000000000215,6.582883208164537,8.116586430857614,7.485394497414881e+29
38.200000000000216,6.582210431344048,8.113558613994773,7.463966424609137e+29
38.30000000000022,6.581540204219139,8.110540760001308,7.442655473877472e+29
38.40000000000022,6.580872510321383,8.107532809896718,7.421460701750044e+29
38.50000000000022,6.580207333331897,8.104534705202378,7.400381174787602e+29
38.60000000000022,6.579544657079596,8.101546387935993,7.379415969449157e+29
38.70000000000022,6.578884465539471,8.098567800606117,7.358564171961693e+29
38.800000000000225,6.578226742830894,8.095598886206737,7.337824878191975e+29
38.900000000000226,6.577571473215942,8.092639588211936,7.317197193520315e+29
39.00000000000023,6.5769186410977545,8.089689850570643,7.296680232716349e+29
39.10000000000023,6.576268231018903,8.086749617701438,7.276273119816728e+29
39.20000000000023,6.575620227659791,8.083818834487415,7.255974988004716e+29
39.30000000000023,6.574974615837072,8.080897446271148,7.235784979491658e+29
39.40000000000023,6.574331380502092,8.077985398849693,7.215702245400278e+29
39.500000000000234,6.573690506739354,8.075082638469677,7.195725945649773e+29
39.600000000000236,6.573051979765002,8.072189111822441,7.175855248842685e+29
39.70000000000024,6.5724157849253295,8.069304766039249,7.156089332153496e+29
39.80000000000024,6.571781907695304,8.066429548686568,7.136427381218947e+29
39.90000000000024,6.571150333677114,8.063563407761391,7.116868590030006e+29
40.00000000000024,6.570521048598737,8.060706291686659,7.09741216082551e+29
40.10000000000024,6.569894038312527,8.0578581493067,7.078057303987404e+29
40.200000000000244,6.569269288793819,8.055018929882749,7.058803237937572e+29
40.300000000000246,6.568646786139558,8.052188583088537,7.039649189036229e+29
40.40000000000025,6.568026516566937,8.049367059005913,7.020594391481848e+29
40.50000000000025,6.567408466412066,8.046554308120545,7.001638087212589e+29
40.60000000000025,6.566792622128647,8.04375028131766,6.982779525809208e+29
40.70000000000025,6.5661789702866775,8.040954929877849,6.96401796439942e+29
40.80000000000025,6.5655674975711635,8.038168205472926,6.94535266756369e+29
40.900000000000254,6.564958190780854,8.035390060161838,6.926782907242425e+29
41.000000000000256,6.564351036826991,8.032620446386627,6.908307962644552e+29
41.10000000000026,6.563746022732077,8.029859316968441,6.889927120157443e+29
41.20000000000026,6.563143135628659,8.027106625103606,6.871639673258183e+29
41.30000000000026,6.562542362758127,8.024362324359736,6.853444922426129e+29
41.40000000000026,6.5619436914695335,8.021626368671901,6.835342175056774e+29
41.50000000000026,6.56134710921842,8.018898712338844,6.817330745376875e+29
41.600000000000264,6.560752603565668,8.016179310019242,6.799409954360799e+29
41.700000000000266,6.560160162176359,8.013468116728005,6.781579129648132e+29
41.80000000000027,6.559569772818655,8.010765087832647,6.763837605462448e+29
41.90000000000027,6.558981423362686,8.00807017904968,6.746184722531295e+29
42.00000000000027,6.558395101779461,8.005383346441063,6.728619828007312e+29
42.10000000000027,6.557810796139787,8.002704546410689,6.711142275390505e+29
42.20000000000027,6.557228494613202,8.000033735700926,6.693751424451644e+29
42.300000000000274,6.55664818546693,7.997370871389196,6.67644664115676e+29
42.400000000000276,6.556069857064835,7.994715910884587,6.659227297592717e+29
42.50000000000028,6.555493497866405,7.992068811924522,6.642092771893878e+29
42.60000000000028,6.554919096425738,7.989429532571474,6.625042448169791e+29
42.70000000000028,6.554346641390541,7.986798031209693,6.60807571643392e+29
42.80000000000028,6.553776121501153,7.984174266541993,6.5911919725334e+29
42.90000000000028,6.553207525589564,7.98155819758659,6.574390618079765e+29
43.000000000000284,6.552640842578462,7.978949783673954,6.557671060380679e+29
43.100000000000286,6.552076061480283,7.976348984443719,6.54103271237263e+29
43.20000000000029,6.551513171396272,7.973755759841611,6.524474992554558e+29
43.30000000000029,6.550952161515569,7.971170070116438,6.507997324922434e+29
43.40000000000029,6.550393021114286,7.9685918758170935,6.49159913890475e+29
43.50000000000029,6.5498357395546165,7.966021137789619,6.475279869298911e+29
43.60000000000029,6.549280306283939,7.96345781717427,6.45903895620852e+29
43.700000000000294,6.548726710833945,7.960901875402655,6.442875844981536e+29
43.800000000000296,6.548174942819768,7.9583532741948915,6.42678998614929e+29
43.9000000000003,6.5476249919391325,7.95581197555677,6.410780835366352e+29
44.0000000000003,6.547076847971503,7.953277941777012,6.394847853351224e+29
44.1000000000003,6.546530500777257,7.950751135424506,6.378990505827864e+29
44.2000000000003,6.545985940296852,7.9482315193455975,6.363208263468e+29
44.3000000000003,6.5454431565500215,7.945719056661419,6.347500601834248e+29
44.400000000000304,6.544902139634964,7.943213710765237,6.331867001324015e+29
44.500000000000306,6.54436287972755,7.940715445319835,6.316306947114156e+29
44.60000000000031,6.543825367080544,7.938224224254938,6.300819929106399e+29
44.70000000000031,6.543289592022822,7.935740011764654,6.285405441873507e+29
44.80000000000031,6.542755544958612,7.933262772304941,6.270062984606178e+29
44.90000000000031,6.542223216366739,7.930792470591129,6.254792061060658e+29
45.00000000000031,6.541692596799874,7.928329071595446,6.239592179507074e+29
45.100000000000314,6.541163676883802,7.925872540544582,6.224462852678451e+29
45.200000000000315,6.540636447316693,7.923422842917283,6.2094035977204315e+29
45.30000000000032,6.54011089886838,7.920979944441976,6.19441393614166e+29
45.40000000000032,6.53958702237965,7.918543811094404,6.1794933937648366e+29
45.50000000000032,6.5390648087615455,7.916114409095316,6.1646415006784284e+29
45.60000000000032,6.538544248994665,7.913691704908162,6.149857791189026e+29
45.70000000000032,6.538025334128483,7.91127566523682,6.1351418037743276e+29
45.800000000000324,6.5375080552806715,7.908866257023355,6.1204930810367635e+29
45.900000000000325,6.53699240363643,7.906463447445796,6.105911169657717e+29
46.00000000000033,6.536478370447826,7.90406720391595,6.091395620352372e+29
46.10000000000033,6.535965947033144,7.901677494077223,6.0769459878251394e+29
46.20000000000033,6.535455124776239,7.899294285802485,6.0625618307256855e+29
46.30000000000033,6.534945895125896,7.896917547191938,6.048242711605529e+29
46.40000000000033,6.534438249595205,7.894547246571035,6.033988196875211e+29
46.500000000000334,6.533932179760938,7.892183352488402,6.019797856762033e+29
46.600000000000335,6.533427677262932,7.889825833713793,6.005671265268334e+29
46.70000000000034,6.5329247338034815,7.887474659236048,5.9916080001303245e+29
46.80000000000034,6.532423341146742,7.88512979826112,5.9776076427774514e+29
46.90000000000034,6.531923491118128,7.88279122021007,5.9636697782922874e+29
47.00000000000034,6.531425175603738,7.880458894717123,5.9497939953709476e+29
47.10000000000034,6.530928386549764,7.878132791627728,5.935979886284011e+29
47.200000000000344,6.530433115961925,7.875812880996641,5.922227046837954e+29
47.300000000000345,6.529939355904899,7.873499133086042,5.908535076337075e+29
47.40000000000035,6.529447098501763,7.871191518363654,5.8949035775459054e+29
47.50000000000035,6.528956335933442,7.868890007500896,5.881332156652116e+29
47.60000000000035,6.528467060438157,7.866594571371051,5.8678204232298816e+29
47.70000000000035,6.527979264310891,7.86430518104746,5.85436799020373e+29
47.80000000000035,6.52749293990285,7.862021807801726,5.840974473812832e+29
47.900000000000354,6.527008079620939,7.859744423101949,5.82763949357577e+29
48.000000000000355,6.5265246759272335,7.857472998610971,5.8143626722557305e+29
48.10000000000036,6.526042721338472,7.855207506184652,5.801143635826155e+29
48.20000000000036,6.52556220842554,7.8529479178701465,5.787982013436813e+29
48.30000000000036,6.525083129812965,7.850694205904212,5.7748774373803105e+29
48.40000000000036,6.524605478178423,7.848446342711544,5.7618295430590185e+29
48.50000000000036,6.524129246252242,7.846204300903107,5.748837968952414e+29
48.600000000000364,6.523654426816913,7.8439680532745,5.735902356584834e+29
48.700000000000365,6.523181012706612,7.841737572804325,5.723022350493629e+29
48.80000000000037,6.522708996806722,7.839512832652607,5.710197598197724e+29
48.90000000000037,6.522238372053363,7.837293806159183,5.697427750166552e+29
49.00000000000037,6.521769131432923,7.835080466842145,5.684712459789398e+29
49.10000000000037,6.521301267981601,7.832872788396278,5.672051383345103e+29
49.20000000000037,6.520834774784949,7.83067074469154,5.659444179972153e+29
50.20000000000037,6.516243720037196,7.808954592023257,5.536262162212191e+29
51.20000000000037,6.51178243460872,7.7877744145111905,5.418112644533694e+29
52.20000000000037,6.507444752310824,7.767106748652797,5.304697643497361e+29
53.20000000000037,6.503224912710272,7.746929584837487,5.195742084578242e+29
54.20000000000037,6.49911752732613,7.727222251901932,5.0909916511019556e+29
55.20000000000037,6.495117549211002,7.707965312787994,4.990210870436397e+29
56.20000000000037,6.491220245523071,7.689140470056248,4.893181407517682e+29
57.20000000000037,6.487421172747274,7.670730480167501,4.7997005400193026e+29
58.20000000000037,6.483716154268175,7.652719075581395,4.709579793043279e+29
59.20000000000037,6.480101260035068,7.635090893838761,4.6226437142339836e+29
60.20000000000037,6.476572788092241,7.617831412895509,4.538728772781112e+29
61.20000000000037,6.473127247775416,7.600926892063503,4.4576823679630815e+29
62.20000000000037,6.469761344399392,7.584364317989511,4.37936193474783e+29
63.20000000000037,6.466471965282874,7.5681313551692515,4.303634135565379e+29
64.20000000000037,6.463256166974496,7.5522163005508265,4.230374128737866e+29
65.20000000000037,6.4601111635597785,7.536608041831805,4.15946490523293e+29
66.20000000000037,6.457034315942472,7.521296019097939,4.090796686424558e+29
67.20000000000037,6.45402312200565,7.506270189489822,4.0242663764259695e+29
68.20000000000037,6.451075207568387,7.491520994617407,3.9597770633223584e+29
69.20000000000037,6.448188318063018,7.477039330471891,3.897237564294222e+29
70.20000000000037,6.445360310866026,7.462816519610579,3.8365620101991895e+29
71.20000000000037,6.442589148222668,7.448844285413372,3.777669465683722e+29
72.20000000000037,6.439872890711714,7.435114728229921,3.720483581336182e+29
73.20000000000037,6.437209691202199,7.421620303254521,3.6649322747782226e+29
74.20000000000037,6.4345977892589215,7.408353799981944,3.6109474379297146e+29
75.20000000000037,6.432035505957823,7.395308323111605,3.5584646679798195e+29
76.20000000000037,6.429521239076157,7.382477274780214,3.5074230198586994e+29
77.20000000000037,6.427053458625815,7.369854338014433,3.457764778235484e+29
78.20000000000037,6.424630702701211,7.3574334613051064,3.4094352472722814e+29
79.20000000000037,6.422251573615845,7.345208844213868,3.362382556544866e+29
80.20000000000037,6.419914734304087,7.333174923930885,3.31655748170095e+29
81.20000000000037,6.417618904966909,7.321326362709945,3.271913278569291e+29
82.20000000000037,6.415362859942216,7.309658036113582,3.228405529559573e+29
83.20000000000037,6.413145424782224,7.29816502200689,3.185992001305697e+29
84.20000000000037,6.410965473521829,7.286842590243916,3.1446325126058266e+29
85.20000000000037,6.408821926123403,7.275686192995483,3.1042888118023373e+29
86.20000000000037,6.406713746084672,7.2646914556714695,3.0649244628252773e+29
87.20000000000037,6.404639938197498,7.253854168394605,3.0265047391949468e+29
88.20000000000037,6.402599546446437,7.243170277986392,2.988996525343814e+29
89.20000000000037,6.400591652036865,7.232635880428935,2.9523682246760026e+29
90.20000000000037,6.398615371543318,7.222247213769458,2.9165896738347633e+29
91.20000000000037,6.396669855169479,7.212000651436899,2.8816320626953165e+29
92.20000000000037,6.394754285111919,7.2018926959424565,2.847467859642796e+29
93.20000000000037,6.392867874020352,7.19191997293807,2.81407074173323e+29
94.20000000000037,6.391009863547746,7.1820792256089625,2.781415529370044e+29
95.20000000000037,6.389179522984132,7.172367309378075,2.749478125159775e+29
96.20000000000037,6.387376147968467,7.162781186902018,2.7182354566389884e+29
97.20000000000037,6.385599059273319,7.153317923339596,2.6876654225900058e+29
98.20000000000037,6.383847601657547,7.1439746818754735,2.6577468426863345e+29
99.20000000000037,6.382121142782536,7.1347487194827295,2.6284594102298006e+29
100.20000000000037,6.3804190721878316,7.125637382909314,2.5997836477606188e+29
101.20000000000037,6.378740800322391,7.116638104874461,2.5717008653391097e+29
102.20000000000037,6.377085757627888,7.107748400462119,2.5441931213137125e+29
103.20000000000037,6.375453393670799,7.098965863699375,2.5172431854044736e+29
104.20000000000037,6.3738431763202374,7.090288164308687,2.4908345039444475e+29
105.20000000000037,6.372254590968686,7.081713044623514,2.4649511671335724e+29
106.20000000000037,6.37068713979303,7.073238316657694,2.4395778781706492e+29
107.20000000000037,6.369140341053422,7.0648618593194605,2.4146999241392073e+29
108.20000000000037,6.367613728427725,7.0565816157617665,2.390303148532318e+29
109.20000000000037,6.366106850379405,7.048395590860991,2.366373925309935e+29
110.20000000000037,6.364619269556906,7.040301848816718,2.342899134390158e+29
111.20000000000037,6.363150562222664,7.032298510865752,2.3198661384829792e+29
112.20000000000037,6.36170031771005,7.024383753103901,2.2972627611816785e+29
113.20000000000037,6.360268137906632,7.0165558044096095,2.2750772662330874e+29
114.20000000000037,6.358853636762265,7.008812944463758,2.253298337913524e+29
115.20000000000037,6.3574564398206,7.00115350186042,2.2319150624423448e+29
116.20000000000037,6.3560761837727195,6.993575852303623,2.210916910369796e+29
117.20000000000037,6.354712516031651,6.986078416885505,2.190293719880215e+29
118.20000000000037,6.353365094326634,6.978659660441524,2.170035680955675e+29
119.20000000000037,6.352033586316044,6.971318089978679,2.1501333203488802e+29
120.20000000000037,6.350717669217986,6.964052253172852,2.130577487317583e+29
121.20000000000037,6.34941702945759,6.95686073693178,2.1113593400759535e+29
122.20000000000037,6.348131362330136,6.949742166020181,2.092470332921319e+29
123.20000000000037,6.346860371679173,6.942695201743922,2.0739022039973828e+29
124.20000000000037,6.345603769588839,6.935718540690207,2.055646963657596e+29
125.20000000000037,6.344361276089654,6.9288109135209766,2.0376968833946863e+29
126.20000000000037,6.343132618877093,6.9219710838168815,2.020044485304531e+29
127.20000000000037,6.341917533042282,6.915197846969296,2.0026825320545933e+29
128.2000000000004,6.340715760814206,6.908490029118029,1.985604017329001e+29
129.2000000000004,6.339527051312854,6.901846486132529,1.968802156724121e+29
130.2000000000004,6.338351160312749,6.895266102634444,1.952270379070084e+29
131.2000000000004,6.337187850016356,6.888747791059567,1.9360023181552423e+29
132.2000000000004,6.336036888836877,6.882290490757306,1.9199918048319467e+29
133.2000000000004,6.334898051189984,6.875893167125895,1.904232859483342e+29
134.2000000000004,6.333771117294046,6.869554810781656,1.8887196848321052e+29
135.2000000000004,6.332655872978459,6.863274436760758,1.8734466590731923e+29
136.2000000000004,6.331552109499675,6.857051083751957,1.8584083293137203e+29
137.2000000000004,6.330459623364578,6.850883813358866,1.8435994053041173e+29
138.2000000000004,6.329378216160858,6.844771709390487,1.8290147534455884e+29
139.2000000000004,6.328307694394063,6.838713877178641,1.814649391059825e+29
140.2000000000004,6.3272478693310035,6.832709442921152,1.8004984809076906e+29
141.2000000000004,6.326198556849243,6.8267575530496,1.7865573259443845e+29
142.2000000000004,6.32515957729237,6.820857373620582,1.77282136429928e+29
143.2000000000004,6.324130755330813,6.815008089729442,1.7592861644693257e+29
144.2000000000004,6.323111919827935,6.8092089049454625,1.745947420715494e+29
145.2000000000004,6.322102903711172,6.803459040767633,1.7328009486523688e+29
146.2000000000004,6.321103543848005,6.797757736100079,1.7198426810214976e+29
147.2000000000004,6.320113680926534,6.7921042467463355,1.707068663639666e+29
148.2000000000004,6.319133159340468,6.786497844921609,1.6944750515137076e+29
149.2000000000004,6.318161827078332,6.780937818782368,1.682058105113955e+29
150.2000000000004,6.317199535616708,6.775423471972438,1.6698141867988196e+29
151.2000000000004,6.316246139817341,6.76995412318497,1.657739757383431e+29
152.2000000000004,6.315301497827946,6.764529105739621,1.645831372845613e+29
153.2000000000004,6.3143654709865515,6.759147767174301,1.6340856811628416e+29
154.2000000000004,6.313437923729243,6.753809468850902,1.6224994192741625e+29
155.2000000000004,6.312518723501154,6.748513585574475,1.6110694101613576e+29
156.2000000000004,6.311607740670576,6.743259505225254,1.5997925600439467e+29
157.2000000000004,6.310704848446055,6.738046628403049,1.5886658556828884e+29
158.2000000000004,6.309809922796355,6.732874368083534,1.5776863617881056e+29
159.2000000000004,6.308922842373174,6.727742149285911,1.5668512185252203e+29
160.2000000000004,6.30804348843649,6.722649408751545,1.5561576391170915e+29
161.2000000000004,6.30717174478245,6.717595594633119,1.5456029075359958e+29
162.2000000000004,6.306307497673683,6.712580166193925,1.5351843762824874e+29
163.2000000000004,6.305450635771947,6.707602593516867,1.5248994642471638e+29
164.2000000000004,6.304601050073023,6.702662357222831,1.514745654651765e+29
165.2000000000004,6.303758633843763,6.697758948198064,1.5047204930661953e+29
166.2000000000004,6.302923282561203,6.692891867330202,1.494821585498229e+29
167.2000000000004,6.302094893853673,6.688060625252636,1.4850465965528205e+29
168.2000000000004,6.301273367443821,6.683264742096917,1.4753932476580783e+29
169.2000000000004,6.30045860509347,6.678503747252867,1.4658593153551138e+29
170.2000000000004,6.299650510550254,6.673777179136152,1.4564426296491019e+29
171.2000000000004,6.298848989495953,6.669084584963002,1.4471410724190162e+29
172.2000000000004,6.29805394949647,6.664425520531848,1.437952575883625e+29
173.2000000000004,6.297265299953384,6.659799550011629,1.4288751211214427e+29
174.2000000000004,6.2964829520570245,6.6552062457364745,1.4199067366424396e+29
175.2000000000004,6.295706818741007,6.650645188006624,1.4110454970094185e+29
176.2000000000004,6.2949368146381826,6.646115964895271,1.402289521507054e+29
177.2000000000004,6.294172856037942,6.641618172061184,1.3936369728566905e+29
178.2000000000004,6.293414860844831,6.6371514125668565,1.3850860559750783e+29
179.2000000000004,6.292662748538422,6.632715296702036,1.376635016775304e+29
180.2000000000004,6.291916440134411,6.6283094418124175,1.368282141008263e+29
181.2000000000004,6.29117585814688,6.623933472133299,1.3600257531430779e+29
182.2000000000004,6.2904409265516925,6.619587018628106,1.3518642152849552e+29
183.2000000000004,6.289711570750984,6.615269718831515,1.3437959261290253e+29
184.2000000000004,6.288987717538698,6.610981216697111,1.3358193199487827e+29
185.2000000000004,6.288269295067148,6.606721162449363,1.3279328656178022e+29
186.2000000000004,6.2875562328145485,6.602489212439808,1.320135065663462e+29
187.2000000000004,6.286848461553503,6.5982850290072825,1.3124244553514622e+29
188.2000000000004,6.286145913320403,6.59410828034207,1.3047996017999779e+29
189.2000000000004,6.285448521385707,6.589958640353844,1.2972591031223358e+29
190.2000000000004,6.284756220225079,6.585835788543283,1.2898015875971515e+29
191.2000000000004,6.284068945491343,6.581739409877194,1.2824257128649088e+29
192.2000000000004,6.283386633987245,6.577669194667111,1.2751301651500046e+29
193.2000000000004,6.28270922363897,6.573624838451169,1.2679136585073248e+29
194.2000000000004,6.282036653470418,6.569606041879215,1.2607749340924563e+29
195.2000000000004,6.28136886357819,6.56561251060101,1.2537127594546756e+29
196.2000000000004,6.280705795107274,6.561643955157431,1.2467259278518906e+29
197.2000000000004,6.280047390227402,6.5577000908746115,1.239813257586746e+29
198.2000000000004,6.279393592110061,6.553780637760855,1.2329735913631358e+29
199.2000000000004,6.278744344906127,6.549885320406334,1.2262057956623962e+29
200.2000000000004,6.278099593724119,6.5460138678853745,1.21950876013848e+29
201.2000000000004,6.277459284609032,6.542166013661349,1.2128813970314465e+29
202.2000000000004,6.276823364521749,6.538341495494022,1.206322640598622e+29
203.2000000000004,6.276191781319004,6.534540055349314,1.1998314465628146e+29
204.2000000000004,6.275564483733878,6.530761439311389,1.1934067915769926e+29
205.2000000000004,6.274941421356815,6.527005397497014,1.1870476727048551e+29
206.2000000000004,6.274322544617142,6.523271683972084,1.1807531069167497e+29
207.2000000000004,6.273707804765072,6.5195600566703025,1.1745221306004125e+29
208.2000000000004,6.273097153854183,6.515870277313903,1.1683537990860234e+29
209.2000000000004,6.272490544724347,6.51220211133637,1.1622471861850937e+29
210.2000000000004,6.271887930985113,6.5085553278071036,1.1562013837427176e+29
211.2000000000004,6.271289266999509,6.504929699357971,1.1502155012027397e+29
212.2000000000004,6.270694507868262,6.501325002111667,1.1442886651854077e+29
213.2000000000004,6.270103609414426,6.4977410156118545,1.1384200190770914e+29
214.2000000000004,6.269516528168401,6.494177522755038,1.1326087226316742e+29
215.2000000000004,6.2689332213533255,6.490634309724079,1.1268539515832263e+29
216.2000000000004,6.268353646870844,6.487111165923363,1.121154897269595e+29
217.2000000000004,6.2677777632872305,6.4836078839155125,1.1155107662665514e+29
218.2000000000004,6.267205529819854,6.48012425935965,1.109920780032152e+29
219.2000000000004,6.266636906323989,6.476660090951135,1.1043841745609858e+29
220.2000000000004,6.266071853279945,6.473215180362752,1.098900200047988e+29
221.2000000000004,6.265510331780515,6.469789332187286,1.0934681205615102e+29
222.2000000000004,6.26495230351874,6.466382353881482,1.0880872137253577e+29
223.2000000000004,6.264397730775958,6.462994055711304,1.0827567704095043e+29
224.2000000000004,6.263846576410153,6.459624250698505,1.0774760944292119e+29
225.2000000000004,6.263298803844589,6.4562727545684275,1.0722445022522889e+29
226.2000000000004,6.262754377056706,6.4529393856990325,1.0670613227142351e+29
227.2000000000004,6.262213260567295,6.4496239650711065,1.0619258967410233e+29
228.2000000000004,6.261675419429924,6.4463263162196185,1.0568375770792834e+29
229.2000000000004,6.261140819220618,6.443046265186208,1.051795728033657e+29
230.2000000000004,6.260609426027782,6.4397836404727276,1.046799725211105e+29
231.2000000000004,6.260081206442362,6.436538272995895,1.0418489552719504e+29
232.2000000000004,6.259556127548243,6.433309996042922,1.0369428156874566e+29
233.2000000000004,6.259034156912856,6.430098645228185,1.0320807145037358e+29
234.2000000000004,6.258515262578021,6.426904058450852,1.0272620701118018e+29
235.2000000000004,6.2579994130509915,6.423726075853464,1.0224863110235764e+29
236.2000000000004,6.25748657729571,6.420564539781445,1.0177528756536756e+29
237.2000000000004,6.256976724724262,6.417419294743494,1.0130612121068008e+29
238.2000000000004,6.256469825188526,6.414290187372885,1.0084107779705652e+29
239.2000000000004,6.255965848972014,6.411177066389579,1.0038010401136001e+29
240.2000000000004,6.255464766781901,6.408079782563211,9.992314744887802e+28
241.2000000000004,6.254966549741224,6.404998188676846,9.947015659414198e+28
242.2000000000004,6.254471169381269,6.401932139491553,9.902108080222935e+28
243.2000000000004,6.253978597634119,6.398881491711723,9.85758702805342e+28
244.2000000000004,6.253488806825376,6.395846103951165,9.813447607099241e+28
245.2000000000004,6.253001769667036,6.392825836699892,9.769685003274867e+28
246.2000000000004,6.25251745925053,6.389820552291658,9.726294482525244e+28
247.2000000000004,6.252035849039912,6.386830114872149,9.683271389177023e+28
248.2000000000004,6.251556912865201,6.383854390367883,9.640611144330309e+28
249.2000000000004,6.251080624915866,6.38089324645575,9.598309244289681e+28
250.2000000000004,6.250606959734452,6.377946552533185,9.556361259033451e+28
251.2000000000004,6.250135892210349,6.375014179688989,9.514762830720026e+28
252.2000000000004,6.24966739757369,6.372096000674743,9.473509672230372e+28
253.2000000000004,6.24920145138938,6.369191889876822,9.432597565745535e+28
254.2000000000004,6.2487380295512605,6.36630172328899,9.392022361358268e+28
255.2000000000004,6.2482771082763895,6.363425378485559,9.351779975717784e+28
256.2000000000004,6.247818664099449,6.360562734595101,9.311866390706762e+28
257.2000000000004,6.247362673867268,6.357713672274693,9.272277652149673e+28
258.2000000000004,6.2469091147334606,6.354878073684702,9.233009868551596e+28
259.2000000000004,6.24645796415318,6.3520558224640595,9.194059209866666e+28
260.2000000000004,6.246009199877979,6.349246803706064,9.155421906295373e+28
261.2000000000004,6.24556279995078,6.346450903934651,9.11709424710991e+28
262.2000000000004,6.245118742700946,6.343668011081133,9.079072579506809e+28
263.2000000000004,6.244677006739458,6.340898014461446,9.041353307486137e+28
264.2000000000004,6.244237570954189,6.338140804753795,9.003932890756553e+28
265.2000000000004,6.243800414505274,6.335396273976784,8.966807843665505e+28
266.2000000000004,6.243365516820579,6.332664315467962,8.929974734153903e+28
267.2000000000004,6.242932857591258,6.3299448238627924,8.893430182734661e+28
268.2000000000004,6.242502416767401,6.327237695074039,8.857170861494411e+28
269.2000000000004,6.242074174553771,6.3245428262715535,8.821193493117818e+28
270.2000000000004,6.241648111405629,6.321860115862462,8.785494849933903e+28
271.2000000000004,6.241224208024637,6.319189463471718,8.75007175298379e+28
272.2000000000004,6.2408024453548485,6.316530769923062,8.714921071109311e+28
273.2000000000004,6.240382804578775,6.313883937220325,8.68003972006194e+28
274.2000000000004,6.239965267113533,6.311248868529088,8.64542466163153e+28
275.2000000000004,6.239549814607067,6.308625468158718,8.611072902794338e+28
276.2000000000004,6.239136428934446,6.3060136415447126,8.576981494879834e+28
277.2000000000004,6.238725092194233,6.303413295231422,8.543147532755839e+28
278.2000000000004,6.2383157867049235,6.300824336855044,8.509568154031486e+28
279.2000000000004,6.2379084950014585,6.298246675126997,8.476240538277612e+28
280.2000000000004,6.2375031998318,6.295680219817552,8.443161906264047e+28
281.2000000000004,6.237099884153577,6.293124881739823,8.410329519213483e+28
282.2000000000004,6.2366985311307905,6.290580572734012,8.37774067807142e+28
283.2000000000004,6.236299124130589,6.288047205651969,8.345392722791818e+28
284.2000000000004,6.235901646720101,6.285524694342039,8.31328303163808e+28
285.2000000000004,6.235506082663327,6.283012953634174,8.281409020498956e+28
286.2000000000004,6.235112415918095,6.280511899325342,8.249768142219016e+28
287.2000000000004,6.234720630633069,6.27802144816518,8.218357885943315e+28
288.2000000000004,6.234330711144819,6.275541517841923,8.187175776475929e+28
289.2000000000004,6.233942641974942,6.273072026968579,8.156219373651987e+28
290.2000000000004,6.233556407827237,6.270612895069373,8.12548627172291e+28
291.2000000000004,6.233171993584934,6.268164042566415,8.09497409875449e+28
292.2000000000004,6.232789384307978,6.265725390766622,8.06468051603752e+28
293.2000000000004,6.2324085652303545,6.263296861848863,8.034603217510697e+28
294.2000000000004,6.232029521757476,6.260878378851354,8.00473992919545e+28
295.2000000000004,6.231652239463606,6.258469865659247,7.975088408642443e+28
296.2000000000004,6.231276704089335,6.256071246992478,7.945646444389453e+28
306.2000000000004,6.227614407885646,6.232613271038167,7.66228700112079e+28
316.2000000000004,6.224112263385662,6.210067703120702,7.397661527946668e+28
326.2000000000004,6.220758406222998,6.1883713455242955,7.149995906159713e+28
336.2000000000004,6.217542185957096,6.16746716700098,6.9177317302251095e+28
346.2000000000004,6.214454009742604,6.147303537300752,6.6994946139708495e+28
356.2000000000004,6.211485210023212,6.12783357586053,6.494067911396682e+28
366.2000000000004,6.208627931993776,6.109014594933711,6.300370804629393e+28
376.2000000000004,6.2058750374230875,6.090807621287766,6.117439936615106e+28
386.2000000000004,6.2032200220911005,6.073176983611688,5.944413938275274e+28
396.2000000000004,6.200656944613913,6.05608995515459,5.780520332528891e+28
406.2000000000004,6.198180364840455,6.039516443007486,5.625064400592698e+28
416.2000000000004,6.195785290331653,6.023428716952266,5.47741967650013e+28
426.2000000000004,6.193467129694431,6.007801172017976,5.337019799146248e+28
436.2000000000004,6.191221651753595,5.9926101198682815,5.2033515013368315e+28
446.2000000000004,6.189044949715145,5.977833604944006,5.075948555277e+28
456.2000000000004,6.186933409613409,5.963451241938637,4.954386525935524e+28
466.2000000000004,6.184883682447859,5.949444071721718,4.838278209486246e+28
476.2000000000004,6.182892659508793,5.935794433268324,4.727269654878097e+28
486.2000000000004,6.1809574504680285,5.922485849520042,4.621036683539472e+28
496.2000000000004,6.179075363874618,5.909502925408663,4.519281836072881e+28
506.2000000000004,6.177243889748711,5.896831256529149,4.421731686160188e+28
516.2000000000004,6.175460684011099,5.884457347162776,4.32813447126306e+28
526.2000000000004,6.173723554523225,5.8723685365317575,4.238257997450723e+28
536.2000000000004,6.172030448543818,5.860552932319003,4.151887782121757e+28
546.2000000000004,6.1703794414347675,5.8489993506159905,4.068825403751118e+28
556.2000000000004,6.168768726471358,5.8376972615715665,3.988887032281548e+28
566.2000000000004,6.167196605631046,5.826636740108281,3.9119021175464366e+28
576.2000000000004,6.165661481251266,5.815808421153106,3.837712216284893e+28
586.2000000000004,6.164161848460666,5.805203458898296,3.7661699409915477e+28
596.2000000000004,6.16269628830018,5.794813489667344,3.697138016116678e+28
606.2000000000004,6.161263461460561,5.784630598012258,3.6304884290646124e+28
616.2000000000004,6.1598621025719345,5.774647285712506,3.5661016650857462e+28
626.2000000000004,6.158491014988559,5.764856443384499,3.5038660165658674e+28
636.2000000000004,6.157149066018673,5.7552513244437655,3.4436769584237e+28
646.2000000000004,6.1558351825550455,5.745825521191131,3.3854365823649825e+28
656.2000000000004,6.154548347066936,5.736572942819553,3.3290530836352165e+28
666.2000000000004,6.1532875939185105,5.727487795160592,3.274440294685043e+28
676.2000000000004,6.152052005982651,5.718564562008979,3.2215172608303766e+28
686.2000000000004,6.150840711522454,5.709797987880858,3.170207853569055e+28
696.2000000000004,6.149652881315661,5.701183062076467,3.1204404177197777e+28
706.2000000000004,6.148487725999904,5.692715003931308,3.0721474489882233e+28
716.2000000000004,6.147344493618916,5.684389249151664,3.025265298948681e+28
726.2000000000004,6.146222467351917,5.676201437140767,2.9797339047649386e+28
736.2000000000004,6.145120963410169,5.668147399231199,2.9354965412682327e+28
746.2000000000004,6.144039329086292,5.6602231477473275,2.8924995932682504e+28
756.2000000000004,6.142976940943354,5.652424865828934,2.8506923462004067e+28
766.2000000000004,6.141933203132014,5.644748897953717,2.8100267934128132e+28
776.2000000000004,6.1409075458250975,5.637191741102219,2.7704574585731903e+28
786.2000000000004,6.139899423760019,5.629750036513931,2.731941231832315e+28
796.2000000000004,6.138908314880345,5.622420561988028,2.6944372185191093e+28
806.2000000000004,6.137933719068588,5.615200224686381,2.65790659926538e+28
816.2000000000004,6.136975156963056,5.608086054400271,2.6223125005674233e+28
826.2000000000004,6.136032168852226,5.60107519724564,2.5876198748889145e+28
836.2000000000004,6.13510431364067,5.594164909754744,2.55379538949614e+28
846.2000000000004,6.134191167881132,5.58735255333486,2.5208073232939424e+28
856.2000000000004,6.133292324867757,5.5806355890671995,2.4886254709998957e+28
866.2000000000004,6.132407393785977,5.574011572821403,2.4572210540560755e+28
876.2000000000004,6.131535998914873,5.5674781506630655,2.4265666377332507e+28
886.2000000000004,6.130677778878224,5.561033054533553,2.3966360539320806e+28
896.2000000000004,6.12983238594076,5.554674098183149,2.3674043292306363e+28
906.2000000000004,6.128999485346409,5.5483991733399325,2.3388476177677625e+28
916.2000000000004,6.128178754695598,5.542206246098342,2.310943138588079e+28
926.2000000000004,6.127369883358908,5.536093353512559,2.283669117107073e+28
936.2000000000004,6.126572571924583,5.530058600380979,2.2570047303842648e+28
946.2000000000004,6.125786531677607,5.524100156209196,2.2309300559190943e+28
956.2000000000004,6.12501148410822,5.518216252339721,2.2054260237083215e+28
966.2000000000004,6.124247160447932,5.51240517923774,2.180474371325608e+28
976.2000000000004,6.123493301231212,5.506665283922793,2.156057601803775e+28
986.2000000000004,6.122749655881202,5.500994967537233,2.132158944118234e+28
996.2000000000004,6.122015982317887,5.495392683042748,2.1087623160864666e+28
1006.2000000000004,6.121292633663007,5.489857860485833,2.0795850522838523e+28
1016.2000000000004,6.120581737845438,5.484392765339752,2.0473333062578803e+28
1026.2000000000003,6.119883154344794,5.478996109009609,2.015890273224218e+28
1036.2000000000003,6.1191965493560305,5.4736663303748205,1.985228087294038e+28
1046.2000000000003,6.118521601309956,5.468401919319428,1.9553200992091087e+28
1056.2000000000003,6.117858000310573,5.463201414578574,1.926140812238161e+28
1066.2000000000003,6.117205447603437,5.4580634016959335,1.897665822018821e+28
1076.2000000000003,6.116563655073034,5.452986511085344,1.869871760067947e+28
1086.2000000000003,6.115932344767337,5.447969416190395,1.8427362407050463e+28
1096.2000000000003,6.115311248447846,5.443010831736183,1.81623781115338e+28
1106.2000000000003,6.1147001071634985,5.438109512067744,1.7903559046015737e+28
1116.2000000000003,6.114098670847012,5.4332642495701595,1.7650707960252065e+28
1126.2000000000003,6.113506697932248,5.428473873165585,1.740363560583081e+28
1136.2000000000003,6.112923954991354,5.423737246882798,1.7162160344168448e+28
1146.2000000000003,6.112350216390481,5.419053268495161,1.69261077769542e+28
1156.2000000000003,6.11178526396297,5.414420868223115,1.6695310397574346e+28
1166.2000000000003,6.111228886698983,5.409839007497653,1.6469607262156235e+28
1176.2000000000003,6.1106808804506105,5.405306677781347,1.6248843678970717e+28
1186.2000000000003,6.110141047651557,5.400822899443816,1.603287091502263e+28
1196.2000000000003,6.109609197050572,5.396386720688647,1.5821545918742788e+28
1206.2000000000003,6.109085143457838,5.391997216529015,1.5614731057772045e+28
1216.2000000000003,6.108568707503579,5.387653487809386,1.5412293870898976e+28
1226.2000000000003,6.108059715408214,5.383354660270869,1.521410683327828e+28
1236.2000000000003,6.1075579987634026,5.379099883657911,1.5020047134117472e+28
1246.2000000000003,6.107063394323387,5.374888330864202,1.482999646607521e+28
1256.2000000000003,6.1065757438060695,5.370719197115736,1.4643840825666095e+28
1266.2000000000003,6.106094893703288,5.366591699189145,1.4461470324014668e+28
1276.2000000000003,6.1056206950998035,5.362505074663491,1.4282779007345135e+28
1286.2000000000003,6.105153003500531,5.358458581203851,1.4107664686634456e+28
1296.2000000000003,6.10469167866557,5.354451495875082,1.3936028775893994e+28
1306.2000000000003,6.104236584452635,5.350483114484277,1.3767776138580195e+28
1316.2000000000003,6.103787588666493,5.346552750950492,1.3602814941667083e+28
1326.2000000000003,6.103344562915048,5.34265973670043,1.3441056516943638e+28
1336.2000000000003,6.102907382471726,5.338803420088781,1.3282415229127023e+28
1346.2000000000003,6.102475926143848,5.3349831658420745,1.3126808350408748e+28
1356.2000000000003,6.102050076146674,5.331198354524897,1.2974155941074943e+28
1366.2000000000003,6.101629717982852,5.327448382027418,1.2824380735864426e+28
1376.2000000000003,6.101214740326981,5.323732659073216,1.2677408035749206e+28
1386.2000000000003,6.100805034915052,5.3200506107464705,1.253316560484152e+28
1396.2000000000003,6.100400496438519,5.3164016760376,1.2391583572149607e+28
1406.2000000000003,6.100001022442772,5.312785307406518,1.225259433792144e+28
1416.2000000000003,6.099606513229807,5.309200970362688,1.2116132484331296e+28
1426.2000000000003,6.099216871764882,5.305648143061212,1.1982134690278803e+28
1436.2000000000003,6.098832003586976,5.302126315914253,1.1850539650083907e+28
1446.2000000000003,6.098451816722864,5.29863499121706,1.1721287995873873e+28
1456.2000000000003,6.098076221604645,5.295173682788005,1.1594322223470574e+28
1466.2000000000003,6.097705130990549,5.291741915621959,1.146958662159743e+28
1476.2000000000003,6.097338459888889,5.288339225556463,1.1347027204235874e+28
1486.2000000000003,6.096976125485,5.284965158950108,1.1226591645971015e+28
1496.2000000000003,6.096618047071024,5.281619272372625,1.1108229220175349e+28
1506.2000000000003,6.0962641459784255,5.278301132306138,1.0991890739887943e+28
1516.2000000000003,6.0959143455131075,5.275010314857173,1.0877528501254616e+28
1526.2000000000003,6.095568570893003,5.27174640547888,1.076509622940214e+28
1536.2000000000003,6.095226749188048,5.268508998703126,1.0654549026626564e+28
1546.2000000000003,6.094888809262413,5.2652976978819765,1.0545843322782478e+28
1556.2000000000003,6.09455468171891,5.26211211493822,1.0438936827766123e+28
1566.2000000000003,6.094224298845467,5.258951870124539,1.033378848599129e+28
1576.2000000000003,6.093897594563585,5.255816591790985,1.0230358432762241e+28
1586.2000000000003,6.093574504378691,5.252705916160417,1.0128607952453257e+28
1596.2000000000003,6.093254965332313,5.249619487111569,1.0028499438409112e+28
1606.2000000000003,6.092938915955981,5.246556955969462,9.929996354485407e+27
1616.2000000000003,6.092626296226804,5.2435179813028565,9.833063198152005e+27
1626.2000000000003,6.092317047524635,5.240502228728451,9.737665465086843e+27
1636.2000000000003,6.0920111125907646,5.237509370721592,9.643769615191152e+27
1646.2000000000003,6.091708435488075,5.234539086433212,9.551343039960791e+27
1656.2000000000003,6.091408961562603,5.231591061512759,9.460354031151718e+27
1666.2000000000003,6.09111263740645,5.228664987936909,9.370771750680819e+27
1676.2000000000003,6.090819410821971,5.225760563843805,9.282566201706327e+27
1686.2000000000003,6.090529230787215,5.22287749337262,9.195708200834901e+27
1696.2000000000003,6.0902420474225485,5.220015486508274,9.110169351405094e+27
1706.2000000000003,6.089957811958416,5.217174258931053,9.02592201779946e+27
1716.2000000000003,6.089676476704204,5.214353531871002,8.942939300739954e+27
1726.2000000000003,6.089397995018146,5.211553031966879,8.861195013523517e+27
1736.2000000000003,6.089122321278249,5.208772491129492,8.780663659156864e+27
1746.2000000000003,6.0888494108541815,5.206011646409319,8.70132040835149e+27
1756.2000000000003,6.0885792200801,5.203270239868168,8.623141078341857e+27
1766.2000000000003,6.088311706228369,5.2005480184547945,8.546102112491441e+27
1776.2000000000003,6.088046827484147,5.197844733884307,8.470180560653136e+27
1786.2000000000003,6.0877845429207955,5.195160142521219,8.395354060251982e+27
1796.2000000000003,6.08752481247609,5.192494005266042,8.321600818059838e+27
1806.2000000000003,6.0872675969292,5.189846087445256,8.248899592632971e+27
1816.2000000000003,6.087012857878403,5.1872161587045795,8.17722967738496e+27
1826.2000000000003,6.086760557719509,5.184603992905386,8.106570884268565e+27
1836.2000000000003,6.0865106596249765,5.182009368024174,8.036903528041486e+27
1846.2000000000003,6.0862631275236785,5.179432066054991,7.968208411092041e+27
1856.2000000000003,6.0860179260813085,5.1768718729146945,7.900466808801965e+27
1866.2000000000003,6.085775020681398,5.174328578350957,7.833660455424533e+27
1876.2000000000003,6.085534377406919,5.171801975852925,7.767771530457213e+27
1886.2000000000003,6.085295963022461,5.169291862564437,7.702782645489007e+27
1896.2000000000003,6.085059744956947,5.16679803919971,7.638676831503554e+27
1906.2000000000003,6.084825691286886,5.164320309961435,7.575437526619855e+27
1916.2000000000003,6.084593770720126,5.161858482461156,7.513048564253377e+27
1926.2000000000003,6.084363952580107,5.159412367641902,7.451494161680996e+27
1936.2000000000003,6.084136206790578,5.156981779702969,7.390758908993986e+27
1946.2000000000003,6.083910503860778,5.15456653602679,7.330827758423984e+27
1956.2000000000003,6.083686814871054,5.152166457107829,7.271686014027476e+27
1966.2000000000003,6.083465111458907,5.149781366483424,7.213319321715023e+27
1976.2000000000003,6.083245365805447,5.147411090666518,7.155713659611997e+27
1986.2000000000003,6.083027550622245,5.145055459080213,7.098855328738226e+27
1996.2000000000003,6.082811639138572,5.14271430399412,7.042730943994423e+27
2006.2000000000003,6.082597605089,5.140387460462382,6.987327425443852e+27
2016.2000000000003,6.082385422701369,5.138074766263385,6.932631989878117e+27
2026.2000000000003,6.082175066685097,5.135776061841067,6.87863214265649e+27
2036.2000000000003,6.081966512219819,5.133491190247776,6.825315669808592e+27
2046.2000000000003,6.081759734944356,5.1312199970886425,6.772670630390677e+27
2056.2000000000003,6.0815547109459915,5.1289623304674015,6.720685349086209e+27
2066.2000000000003,6.081351416750052,5.126718040933644,6.669348409041757e+27
2076.2000000000003,6.081149829309777,5.124486981431417,6.618648644929633e+27
2086.2000000000003,6.080949925996476,5.1222690072491766,6.568575136229065e+27
2096.2000000000003,6.080751684589953,5.1200639759710045,6.519117200717984e+27
2106.2000000000003,6.080555083269196,5.1178717474290885,6.470264388167871e+27
2116.2000000000003,6.080360100603328,5.115692183657412,6.422006474234409e+27
2126.2000000000003,6.080166715542799,5.113525148846611,6.374333454536945e+27
2136.2000000000003,6.07997490741082,5.111370509299963,6.32723553892009e+27
2146.2000000000003,6.07978465589503,5.109228133390511,6.280703145891029e+27
2156.2000000000003,6.079595941039385,5.107097891519221,6.234726897226366e+27
2166.2000000000003,6.079408743236269,5.1049796560742,6.189297612742578e+27
2176.2000000000003,6.07922304321881,5.102873301390929,6.144406305224403e+27
2186.2000000000003,6.079038822053404,5.100778703713453,6.100044175505666e+27
2196.2000000000003,6.078856061132438,5.09869574115655,6.056202607697327e+27
2206.2000000000003,6.0786747421672,5.096624293668799,6.012873164557642e+27
2216.2000000000003,6.078494847180979,5.094564242996561,5.970047582999649e+27
2226.2000000000003,6.078316358502342,5.092515472648824,5.927717769731257e+27
2236.2000000000003,6.078139258758589,5.090477867862896,5.885875797023471e+27
2246.2000000000003,6.077963530869376,5.088451315570915,5.844513898602436e+27
2256.2000000000003,6.077789158040497,5.086435704367172,5.803624465661137e+27
2266.2000000000003,6.077616123757838,5.084430924476191,5.763200042986762e+27
2276.2000000000003,6.077444411781468,5.082436867721574,5.723233325199875e+27
2286.2000000000003,6.077274006139898,5.080453427495579,5.683717153101716e+27
2296.2000000000003,6.077104891124471,5.078480498729407,5.644644510126024e+27
2306.2000000000003,6.076937051283902,5.076517977864188,5.606008518892001e+27
2316.2000000000003,6.076770471418947,5.074565762822628,5.567802437855071e+27
2326.2000000000003,6.076605136577217,5.072623752981328,5.530019658052269e+27
2336.2000000000003,6.076441032048108,5.070691849143727,5.492653699939192e+27
2346.2000000000003,6.076278143357865,5.068769953513672,5.455698210315554e+27
2356.2000000000003,6.076116456264764,5.066857969669583,5.4191469593365e+27
2366.2000000000003,6.075955956754411,5.064955802539214,5.38299383760694e+27
2376.2000000000003,6.075796631035162,5.063063358374986,5.347232853356233e+27
2386.2000000000003,6.075638465533648,5.061180544729859,5.311858129690722e+27
2396.2000000000003,6.075481446890409,5.0593072704337665,5.2768639019216e+27
2406.2000000000003,6.075325561955638,5.057443445570558,5.242244514965777e+27
2416.2000000000003,6.075170797785023,5.05558898145547,5.207994420817456e+27
2426.2000000000003,6.075017141635689,5.05374379061308,5.17410817608819e+27
2436.2000000000003,6.074864580962237,5.051907786755756,5.14058043961332e+27
2446.2000000000003,6.074713103412881,5.050080884762582,5.107405970122713e+27
2456.2000000000003,6.074562696825667,5.048263000658736,5.074579623973838e+27
2466.2000000000003,6.07441334922479,5.0464540515953225,5.04209635294526e+27
2476.2000000000003,6.0742650488169945,5.04465395582963,5.009951202088692e+27
2486.2000000000003,6.074117783988054,5.042862632705839,4.97813930763785e+27
2496.2000000000003,6.073971543299343,5.041080002636125,4.9466558949723545e+27
2506.2000000000003,6.073826315484475,5.03930598708217,4.9154962766350396e+27
2516.2000000000003,6.073682089446032,5.03754050853707,4.8846558504010526e+27
2526.2000000000003,6.073538854252355,5.035783490507626,4.854130097397195e+27
2536.2000000000003,6.073396599134423,5.034034857497019,4.823914580270003e+27
2546.2000000000003,6.073255313482786,5.03229453498783,4.794004941401119e+27
2556.2000000000003,6.073114986844584,5.03056244942543,4.764396901168552e+27
2566.2000000000003,6.072975608920623,5.028838528201722,4.7350862562524744e+27
2576.2000000000003,6.07283716956252,5.027122699639206,4.706068877984249e+27
2586.2000000000003,6.072699658769913,5.025414892975389,4.677340710737411e+27
2596.2000000000003,6.072563066687731,5.023715038347507,4.648897770359391e+27
2606.2000000000003,6.072427383603524,5.022023066777565,4.620736142642797e+27
2616.2000000000003,6.072292599944861,5.020338910157684,4.592851981835094e+27
2626.2000000000003,6.07215870627677,5.018662501235748,4.565241509185592e+27
2636.2000000000003,6.07202569329925,5.016993773601341,4.537901011528671e+27
2646.2000000000003,6.071893551844825,5.015332661671966,4.5108268399021844e+27
2656.2000000000003,6.0717622728761595,5.013679100679553,4.4840154082000626e+27
2666.2000000000003,6.071631847483724,5.0120330266572175,4.4574631918581363e+27
2676.2000000000003,6.071502266883507,5.010394376426314,4.4311667265722344e+27
2686.2000000000003,6.071373522414783,5.008763087583711,4.405122607047653e+27
2696.2000000000003,6.071245605537922,5.007139098489359,4.3793274857791124e+27
2706.2000000000003,6.071118507832252,5.005522348254068,4.3537780718603505e+27
2716.2000000000003,6.070992220993961,5.003912776727551,4.328471129822526e+27
2726.2000000000003,6.07086673683405,5.002310324486693,4.3034034785006256e+27
2736.2000000000003,6.0707420472763225,5.000714932824042,4.2785719899271105e+27
2746.2000000000003,6.0706181443554215,4.999126543736543,4.2539735882520416e+27
2756.2000000000003,6.070495020214907,4.9975450999144755,4.229605248688963e+27
2766.2000000000003,6.0703726671053735,4.99597054473061,4.205463996485832e+27
2776.2000000000003,6.070251077382602,4.994402822229573,4.181546905920318e+27
2786.2000000000003,6.070130243505761,4.992841877117417,4.157851099318807e+27
2796.2000000000003,6.070010158035634,4.991287654751398,4.134373746098465e+27
2806.2000000000003,6.069890813632889,4.98974010112992,4.1111120618317466e+27
2816.2000000000003,6.069772203056384,4.988199162882716,4.088063307332735e+27
2826.2000000000003,6.069654319161503,4.9866647872611685,4.0652247877647365e+27
2836.2000000000003,6.069537154898534,4.985136922128845,4.042593851768561e+27
2846.2000000000003,6.06942070331107,4.983615515952197,4.02016789061093e+27
2856.2000000000003,6.069304957534449,4.9821005177914355,3.9979443373524965e+27
2866.2000000000003,6.069189910794224,4.980591877291578,3.975920666034931e+27
2876.2000000000003,6.069075556404664,4.979089544673658,3.9540943908866015e+27
2886.2000000000003,6.068961887767287,4.977593470726113,3.9324630655463376e+27
2896.2000000000003,6.0688488983694135,4.976103606796302,3.91102428230482e+27
2906.2000000000003,6.068736581782761,4.974619904782205,3.889775671363121e+27
2916.2000000000003,6.068624931662061,4.973142317124275,3.8687149001079705e+27
2926.2000000000003,6.068513941743699,4.97167079679741,3.847839672403295e+27
2936.2000000000003,6.068403605844391,4.970205297303108,3.827147727897623e+27
2946.2000000000003,6.068293917859875,4.968745772661743,3.8066368413469447e+27
2956.2000000000003,6.068184871763638,4.967292177404982,3.786304821952627e+27
2966.2000000000003,6.068076461605661,4.96584446656834,3.766149512714008e+27
2976.2000000000003,6.067968681511193,4.964402595683881,3.746168789795283e+27
2986.2000000000003,6.067861525679543,4.962966520773026,3.72636056190634e+27
2996.2000000000003,6.067754988382905,4.961536198339515,3.7067227696971703e+27
3006.2000000000003,6.067649063965194,4.96011158536247,3.6872533851655275e+27
3016.2000000000003,6.067543746840913,4.958692639289598,3.667950411077498e+27
3026.2000000000003,6.067439031494037,4.95727931803051,3.648811880400656e+27
3036.2000000000003,6.067334912476922,4.955871579950155,3.629835855749494e+27
3046.2000000000003,6.067231384409232,4.954469383862362,3.611020428842825e+27
3056.2000000000003,6.067128441976886,4.953072689023515,3.5923637199728475e+27
3066.2000000000003,6.067026079931025,4.951681455126321,3.5738638774856047e+27
3076.2000000000003,6.066924293087004,4.950295642293689,3.555519077272542e+27
3086.2000000000003,6.066823076323393,4.948915211072719,3.5373275222728947e+27
3096.2000000000003,6.066722424581005,4.94754012242879,3.5192874419866437e+27
3106.2000000000003,6.066622332861939,4.94617033773976,3.501397091997781e+27
3116.2000000000003,6.066522796228637,4.944805818790252,3.483654753507626e+27
3126.2000000000003,6.066423809802967,4.943446527766042,3.4660587328779674e+27
3136.2000000000003,6.066325368765318,4.942092427248548,3.448607361183773e+27
3146.2000000000003,6.0662274683537065,4.940743480209404,3.4312989937752475e+27
3156.2000000000003,6.0661301038629105,4.939399650005138,3.4141320098490183e+27
3166.2000000000003,6.0660332706436115,4.938060900371917,3.397104812028221e+27
3176.2000000000003,6.065936964101554,4.9367271954204135,3.3802158259512743e+27
3186.2000000000003,6.0658411796967195,4.935398499630729,3.363463499869147e+27
3196.2000000000003,6.065745912942518,4.93407477784741,3.3468463042509046e+27
3206.2000000000003,6.065651159404991,4.932755995274558,3.330362731397344e+27
3216.2000000000003,6.065556914702033,4.931442117471006,3.314011295062529e+27
3226.2000000000003,6.06546317450262,4.930133110345586,3.297790530083039e+27
3236.2000000000003,6.06536993452606,4.928828940152467,3.281698992014743e+27
3246.2000000000003,6.0652771905412495,4.927529573486569,3.2657352567769414e+27
3256.2000000000003,6.065184938365951,4.926234977279065,3.24989792030368e+27
3266.2000000000003,6.065093173866074,4.924945118792934,3.234185598202095e+27
3276.2000000000003,6.065001892954976,4.92365996561861,3.218596925417606e+27
3286.2000000000003,6.0649110915927755,4.922379485669685,3.2031305559058116e+27
3296.2000000000003,6.0648207657856705,4.92110364717869,3.187785162310926e+27
3306.2000000000003,6.064730911585276,4.919832418692936,3.172559435650616e+27
3316.2000000000003,6.0646415250879695,4.918565769070437,3.157452085007078e+27
3326.2000000000003,6.064552602434252,4.917303667475879,3.1424618372242314e+27
3336.2000000000003,6.064464139808111,4.916046083376669,3.127587436610871e+27
3346.2000000000003,6.064376133436405,4.914792986539036,3.1128276446496543e+27
3356.2000000000003,6.064288579588254,4.9135443470241995,3.0981812397117966e+27
3366.2000000000003,6.064201474574436,4.912300135184606,3.0836470167773255e+27
3376.2000000000003,6.064114814746804,4.911060321660202,3.0692237871607954e+27
3386.2000000000003,6.064028596497704,4.909824877374799,3.054910378242322e+27
3396.2000000000003,6.063942816259406,4.908593773532459,3.0407056332038225e+27
3406.2000000000003,6.063857470503546,4.907366981613962,3.0266084107703514e+27
3416.2000000000003,6.063772555740577,4.906144473373329,3.0126175849564123e+27
3426.2000000000003,6.063688068519227,4.904926220834376,2.9987320448171383e+27
3436.2000000000003,6.063604005425966,4.903712196287348,2.984950694204232e+27
3446.2000000000003,6.063520363084488,4.902502372285586,2.971272451526564e+27
3456.2000000000003,6.063437138155195,4.901296721642263,2.9576962495153246e+27
3466.2000000000003,6.063354327334691,4.90009521742715,2.944221034993633e+27
3476.2000000000003,6.063271927355287,4.898897832963447,2.9308457686504977e+27
3486.2000000000003,6.06318993498451,4.897704541824654,2.917569424819045e+27
3496.2000000000003,6.063108347024625,4.896515317831497,2.9043909912589223e+27
3506.2000000000003,6.063027160312162,4.895330135048891,2.89130946894277e+27
3516.2000000000003,6.062946371717451,4.894148967782963,2.878323871846697e+27
3526.2000000000003,6.062865978144164,4.8929717905780965,2.86543322674466e+27
3536.2000000000003,6.062785976528867,4.8917985782140505,2.852636573006662e+27
3546.2000000000003,6.062706363840578,4.890629305703104,2.839932962400698e+27
3556.2000000000003,6.062627137080327,4.889463948287237,2.82732145889836e+27
3566.2000000000003,6.062548293280734,4.888302481435366,2.8148011384840286e+27
3576.2000000000003,6.062469829505588,4.8871448808406255,2.8023710889675654e+27
3586.2000000000003,6.062391742849425,4.885991122417671,2.7900304098004494e+27
3596.2000000000003,6.06231403043713,4.884841182300034,2.7777782118952695e+27
3606.2000000000003,6.062236689423528,4.883695036837523,2.7656136174485085e+27
3616.2000000000003,6.062159716992992,4.882552662593639,2.7535357597665514e+27
3626.2000000000003,6.06208311035906,4.881414036343061,2.7415437830948444e+27
3636.2000000000003,6.062006866764042,4.880279135069137,2.729636842450152e+27
3646.2000000000003,6.061930983478653,4.879147935961435,2.717814103455827e+27
3656.2000000000003,6.061855457801635,4.87802041641331,2.7060747421800525e+27
3666.2000000000003,6.061780287059403,4.876896554019538,2.6944179449769804e+27
3676.2000000000003,6.061705468605673,4.875776326573934,2.6828429083307144e+27
3686.2000000000003,6.061630999821121,4.874659712067058,2.671348838702072e+27
3696.2000000000003,6.061556878113027,4.8735466886839145,2.6599349523780757e+27
3706.2000000000003,6.061483100914938,4.87243723480171,2.6486004753241156e+27
3716.2000000000003,6.061409665686327,4.871331328987624,2.637344643038721e+27
3726.2000000000003,6.061336569912266,4.870228949996626,2.6261667004109033e+27
3736.2000000000003,6.061263811103094,4.869130076769317,2.6150659015800035e+27
3746.2000000000003,6.0611913867941025,4.8680346884298,2.604041509798004e+27
3756.2000000000003,6.061119294545211,4.866942764283584,2.593092797294247e+27
3766.2000000000003,6.061047531940662,4.865854283815518,2.5822190451425175e+27
3776.2000000000003,6.060976096588708,4.864769226687756,2.5714195431304357e+27
3786.2000000000003,6.060904986121317,4.863687572737737,2.5606935896311276e+27
3796.2000000000003,6.060834198193867,4.862609301976217,2.5500404914771094e+27
3806.2000000000003,6.060763730484859,4.861534394585304,2.5394595638363527e+27
3816.2000000000003,6.060693580695623,4.860462830916539,2.5289501300904875e+27
3826.2000000000003,6.060623746550038,4.859394591488993,2.5185115217150955e+27
3836.2000000000003,6.060554225794251,4.85832965698739,2.50814307816206e+27
3846.2000000000003,6.060485016196398,4.85726800826027,2.4978441467439195e+27
3856.2000000000003,6.060416115546338,4.856209626318158,2.4876140825202e+27
3866.2000000000003,6.0603475216553795,4.855154492331765,2.4774522481856804e+27
3876.2000000000003,6.06027923235602,4.8541025876302255,2.467358013960544e+27
3886.2000000000003,6.060211245501687,4.8530538936993395,2.4573307574824041e+27
3896.2000000000003,6.06014355896648,4.852008392179854,2.4473698637001396e+27
3906.2000000000003,6.060076170644919,4.8509660648657595,2.437474724769521e+27
3916.2000000000003,6.060009078451697,4.849926893702614,2.427644739950591e+27
3926.2000000000003,6.059942280321433,4.848890860785888,2.417879315506764e+27
3936.2000000000003,6.059875774208434,4.847857948359326,2.408177864605605e+27
3946.2000000000003,6.059809558086456,4.846828138813343,2.398539807221273e+27
3956.2000000000003,6.059743629948468,4.845801414683433,2.3889645700385733e+27
3966.2000000000003,6.059677987806424,4.844777758648599,2.3794515863586094e+27
3976.2000000000003,6.059612629691035,4.843757153529809,2.3700002960059946e+27
3986.2000000000003,6.0595475536515435,4.842739582288466,2.3606101452375875e+27
3996.2000000000003,6.059482757755504,4.841725028024904,2.3512805866527372e+27
4006.2000000000003,6.059418240088564,4.840713473976905,2.3420110791049983e+27
4016.2000000000003,6.0593539987542515,4.839704903518225,2.3328010876152894e+27
4026.2000000000003,6.059290031873761,4.838699300157153,2.3236500832864742e+27
4036.2000000000003,6.059226337585748,4.837696647535081,2.3145575432193303e+27
4046.2000000000003,6.059162914046119,4.836696929425096,2.3055229504298876e+27
4056.2000000000003,6.059099759427836,4.835700129730581,2.2965457937681026e+27
4066.2000000000003,6.059036871920709,4.8347062324838594,2.287625567837851e+27
4076.2000000000003,6.058974249731205,4.83371522184482,2.278761772918209e+27
4086.2000000000003,6.058911891082249,4.832727082099591,2.2699539148860036e+27
4096.200000000001,6.058849794213039,4.831741797659223,2.2612015051396042e+27
4106.200000000001,6.0587879573788515,4.830759353058378,2.2525040605239354e+27
4116.200000000001,6.058726378850857,4.829779732954043,2.243861103256688e+27
4126.200000000001,6.05866505691594,4.828802922124268,2.2352721608557044e+27
4136.200000000001,6.058603989876513,4.827828905466907,2.2267367660675227e+27
4146.200000000001,6.058543176050342,4.826857667998383,2.2182544567970484e+27
4156.200000000001,6.058482613770367,4.825889194852465,2.2098247760383425e+27
4166.200000000001,6.0584223013845335,4.824923471279057,2.2014472718065017e+27
4176.200000000001,6.0583622372556185,4.823960482643026,2.1931214970706093e+27
4186.200000000001,6.058302419761061,4.823000214422999,2.184847009687743e+27
4196.200000000001,6.058242847292798,4.822042652210226,2.1766233723380122e+27
4206.200000000001,6.058183518257097,4.821087781707423,2.168450152460615e+27
4216.200000000001,6.0581244310744,4.82013558872764,2.160326922190889e+27
4226.200000000001,6.058065584179157,4.819186059193144,2.1522532582983468e+27
4236.200000000001,6.058006976019674,4.8182391791343235,2.144228742125665e+27
4246.200000000001,6.0579486050579545,4.817294934688588,2.1362529595286287e+27
4256.200000000001,6.057890469769548,4.816353312099297,2.128325500816994e+27
4266.200000000001,6.057832568643399,4.815414297714698,2.1204459606962674e+27
4276.200000000001,6.057774900181696,4.814477877986869,2.1126139382103816e+27
4286.200000000001,6.057717462899725,4.813544039470701,2.1048290366852456e+27
4296.200000000001,6.057660255325727,4.81261276882285,2.0970908636731637e+27
4306.200000000001,6.057603276000752,4.811684052800745,2.0893990308981014e+27
4316.200000000001,6.0575465234785195,4.81075787826158,2.0817531542017846e+27
4326.200000000001,6.057489996325276,4.809834232161325,2.0741528534906197e+27
4336.200000000001,6.057433693119662,4.808913101553765,2.0665977526834172e+27
4346.200000000001,6.057377612452573,4.807994473589519,2.059087479659907e+27
4356.200000000001,6.057321752927027,4.8070783355151026,2.0516216662100315e+27
4366.200000000001,6.057266113158034,4.8061646746719875,2.0441999479840003e+27
4376.200000000001,6.057210691772461,4.805253478495667,2.0368219644430994e+27
4386.200000000001,6.057155487408907,4.804344734514741,2.0294873588112317e+27
4396.200000000001,6.057100498717575,4.803438430350017,2.0221957780271905e+27
4406.200000000001,6.057045724360147,4.802534553713608,2.0149468726976367e+27
4416.200000000001,6.056991163009662,4.801633092408052,2.0077402970507836e+27
4426.200000000001,6.056936813350388,4.800734034325435,2.0005757088907647e+27
4436.200000000001,6.05688267407771,4.7998373674465356,1.99345276955268e+27
4446.200000000001,6.056828743898004,4.798943079839963,1.9863711438583097e+27
4456.200000000001,6.056775021528524,4.79805115966132,1.979330500072474e+27
4466.200000000001,6.056721505697282,4.797161595152366,1.9723305098600457e+27
4476.200000000001,6.056668195142938,4.796274374640202,1.965370848243584e+27
4486.200000000001,6.056615088614687,4.79538948653645,1.958451193561599e+27
4496.200000000001,6.056562184872142,4.7945069193364525,1.9515712274274174e+27
4506.200000000001,6.05650948268523,4.793626661618477,1.9447306346886572e+27
4516.200000000001,6.0564569808340805,4.792748702042935,1.9379291033872845e+27
4526.200000000001,6.05640467810892,4.791873029351604,1.931166324720258e+27
4536.200000000001,6.056352573309963,4.790999632366855,1.9244419930007384e+27
4546.200000000001,6.056300665247311,4.790128499990909,1.9177558056198616e+27
4556.200000000001,6.056248952740848,4.789259621205075,1.9111074630090633e+27
4566.200000000001,6.056197434620139,4.788392985069018,1.9044966686029458e+27
4576.200000000001,6.0561461097243265,4.7875285807200205,1.8979231288026788e+27
4586.200000000001,6.056094976902036,4.786666397372269,1.891386552939926e+27
4596.200000000001,6.056044035011273,4.785806424316127,1.884886653241284e+27
4606.200000000001,6.055993282919331,4.784948650917443,1.8784231447932347e+27
4616.200000000001,6.055942719502691,4.784093066616837,1.871995745507592e+27
4626.200000000001,6.055892343646932,4.783239660929021,1.865604176087442e+27
4636.200000000001,6.0558421542466325,4.782388423442113,1.859248159993567e+27
4646.200000000001,6.055792150205282,4.781539343816961,1.852927423411342e+27
4656.200000000001,6.05574233043519,4.780692411786478,1.8466416952181027e+27
4666.200000000001,6.0556926938573925,4.77984761715498,1.8403907069509686e+27
4676.200000000001,6.055643239401568,4.779004949797535,1.8341741927751229e+27
4686.200000000001,6.055593966005946,4.778164399659322,1.8279918894525365e+27
4696.200000000001,6.055544872617225,4.7773259567549875,1.8218435363111266e+27
4706.200000000001,6.05549595819048,4.7764896111680155,1.8157288752143523e+27
4716.200000000001,6.055447221689085,4.775655353050112,1.809647650531228e+27
4726.200000000001,6.055398662084624,4.7748231726205805,1.8035996091067596e+27
4736.200000000001,6.055350278356814,4.773993060165717,1.7975845002327866e+27
4746.200000000001,6.055302069493418,4.773165006038205,1.7916020756192305e+27
4756.200000000001,6.0552540344901695,4.772339000656521,1.7856520893657412e+27
4766.200000000001,6.055206172350688,4.771515034504343,1.7797342979337332e+27
4776.200000000001,6.055158482086405,4.770693098129975,1.773848460118808e+27
4786.200000000001,6.055110962716484,4.769873182145761,1.7679943370235543e+27
4796.200000000001,6.055063613267746,4.769055277227524,1.7621716920307227e+27
4806.200000000001,6.055016432774589,4.768239374113991,1.7563802907767654e+27
4816.200000000001,6.054969420278919,4.7674254636062505,1.7506199011257397e+27
4826.200000000001,6.054922574830073,4.7666135365671884,1.7448902931435642e+27
4836.200000000001,6.054875895484746,4.765803583920951,1.7391912390726287e+27
4846.200000000001,6.054829381306919,4.764995596652396,1.7335225133067444e+27
4856.200000000001,6.054783031367788,4.764189565806573,1.7278838923664375e+27
4866.200000000001,6.054736844745694,4.763385482488182,1.7222751548745738e+27
4876.200000000001,6.0546908205260515,4.762583337861061,1.716696081532313e+27
4886.200000000001,6.054644957801282,4.761783123147666,1.711146455095387e+27
4896.200000000001,6.0545992556707455,4.760984829628557,1.7056260603506957e+27
4906.200000000001,6.054553713240671,4.760188448641901,1.7001346840932195e+27
4916.200000000001,6.054508329624094,4.7593939715829645,1.6946721151032356e+27
4926.200000000001,6.054463103940786,4.758601389903623,1.689238144123843e+27
4936.200000000001,6.054418035317195,4.7578106951118695,1.6838325638387854e+27
4946.200000000001,6.054373122886376,4.757021878771333,1.6784551688505683e+27
4956.200000000001,6.054328365787931,4.756234932500799,1.673105755658867e+27
4966.200000000001,6.054283763167948,4.755449847973736,1.6677841226392215e+27
4976.200000000001,6.0542393141789335,4.754666616917822,1.6624900700220102e+27
4986.200000000001,6.054195017979756,4.753885231114493,1.6572233998717055e+27
4996.200000000001,6.054150873735584,4.753105682398471,1.651983916066397e+27
5006.200000000001,6.054106880617826,4.752327962657316,1.6467714242775875e+27
