Time,Mass,Radius,Lx
23.0,6.728688454232868,8.74,1.3e+30
23.1,6.72729345585578,8.734295966492507,1.2752474159660922e+30
23.200000000000003,6.7259257228309774,8.728652761198322,1.2510700187002163e+30
23.300000000000004,6.724584595091916,8.723069197671197,1.2274520488710872e+30
23.400000000000006,6.723269431679323,8.717544119711485,1.204378243952064e+30
23.500000000000007,6.7219796100964135,8.712076400457088,1.1818338205272531e+30
23.60000000000001,6.72071452568898,8.706664941505208,1.159804457299554e+30
23.70000000000001,6.719473591049271,8.701308672063687,1.1382762787699839e+30
23.80000000000001,6.7182562354426265,8.696006548130894,1.117235839559073e+30
23.900000000000013,6.717061904255915,8.69075755170309,1.0966701093425096e+30
24.000000000000014,6.715890058466806,8.685560690008266,1.0765664583745275e+30
24.100000000000016,6.714740174133031,8.680414994765478,1.0569126435737776e+30
24.200000000000017,6.713611741900743,8.675319521468765,1.0376967951476133e+30
24.30000000000002,6.71250426653122,8.670273348694742,1.0189074037318373e+30
24.40000000000002,6.711417266445101,8.665275577433006,1.0005333080240303e+30
24.50000000000002,6.7103502732834395,8.66032533043854,9.825636828895939e+29
24.600000000000023,6.709302831484891,8.655421751605314,9.64988027920604e+29
24.700000000000024,6.708274497878337,8.650564005360316,9.477961564284822e+29
24.800000000000026,6.70726484129034,8.645751276077277,9.309781848523675e+29
24.900000000000027,6.706273442166802,8.640982767509424,9.145245225658937e+29
25.00000000000003,6.705299892208261,8.636257702240481,8.9842586206586e+29
25.10000000000003,6.704343794018268,8.631575321153429,8.826731695270362e+29
25.20000000000003,6.703404760764309,8.626934882916197,8.672576757080504e+29
25.300000000000033,6.70248241585079,8.622335663483874,8.521708671939781e+29
25.400000000000034,6.70157639260357,8.617776955616717,8.37404477961903e+29
25.500000000000036,6.700686333965619,8.61325806841349,8.229504812563264e+29
25.600000000000037,6.699811892203325,8.608778326859527,8.088010817618802e+29
25.70000000000004,6.698952728623063,8.604337071389068,7.949487080613647e+29
25.80000000000004,6.698108513297595,8.599933657461325,7.813860053676446e+29
25.90000000000004,6.697278924801937,8.595567455149798,7.68105828518451e+29
26.000000000000043,6.696463649958313,8.591237848744443,7.551012352236112e+29
26.100000000000044,6.6956623835898466,8.586944236366142,7.423654795546813e+29
26.200000000000045,6.6948748282826624,8.582686029593168,7.298920056673982e+29
26.300000000000047,6.6941006941560595,8.578462653099141,7.176744417477727e+29
26.40000000000005,6.693339698640458,8.57427354430213,7.057065941730487e+29
26.50000000000005,6.692591566262823,8.570118153024497,6.939824418791223e+29
26.60000000000005,6.691856028439275,8.565995941163147,6.824961309263782e+29
26.700000000000053,6.691132823274633,8.561906382369788,6.712419692562433e+29
26.800000000000054,6.690421695368604,8.557848961740897,6.602144216310775e+29
26.900000000000055,6.689722395628397,8.553823175517065,6.494081047503424e+29
27.000000000000057,6.689034681087502,8.549828530791363,6.388177825362774e+29
27.10000000000006,6.68835831473042,8.545864545226475,6.284383615826022e+29
27.20000000000006,6.687693065323113,8.541930746780311,6.1826488676003266e+29
27.30000000000006,6.687038707248971,8.538026673439738,6.082925369726546e+29
27.400000000000063,6.686395020350098,8.534151872962276,5.9851662105945e+29
27.500000000000064,6.6857617897737045,8.530305902625383,5.88932573835504e+29
27.600000000000065,6.685138805823448,8.526488328983174,5.795359522676454e+29
27.700000000000067,6.6845258638155185,8.522698727630257,5.7032243177949045e+29
27.800000000000068,6.683922763939314,8.51893668297249,5.612878026810644e+29
27.90000000000007,6.683329311122536,8.515201788004429,5.524279667183711e+29
28.00000000000007,6.682745314900543,8.51149364409324,5.437389337384708e+29
28.100000000000072,6.68217058928982,8.507811860768872,5.3521681846580304e+29
28.200000000000074,6.681604952665412,8.504156055520285,5.268578373856659e+29
28.300000000000075,6.681048227642186,8.500525853597537,5.18658305730925e+29
28.400000000000077,6.6805002409597725,8.496920887819549,5.106146345681845e+29
28.500000000000078,6.679960823371088,8.493340798387356,5.027233279798007e+29
28.60000000000008,6.679429809534281,8.489785232702665,4.9498098033826454e+29
29.60000000000008,6.674548091441651,8.455505615971894,4.2506053446701395e+29
30.60000000000008,6.6703502149609335,8.423337785899983,3.6686876217230824e+29
31.60000000000008,6.6667214824686685,8.393024448134842,3.181463867370353e+29
32.60000000000008,6.6635694426642775,8.364351395693223,2.7712226201347512e+29
33.60000000000008,6.660819020854126,8.337138848045438,2.4239712365316905e+29
34.60000000000008,6.658408830855398,8.311234762491827,2.128574515680989e+29
35.60000000000008,6.6562883550807985,8.286509623801962,1.8761104938064096e+29
36.60000000000008,6.654415769257855,8.262852351792384,1.6593844382880413e+29
37.60000000000008,6.652756250506856,8.240167061604776,1.4725591705158542e+29
38.60000000000008,6.65128065117496,8.21837047970737,1.3108716885692483e+29
39.60000000000008,6.64996445181071,8.197389868092497,1.1704143490042534e+29
40.60000000000008,6.648786928886919,8.17716134528027,1.0479647265669312e+29
41.60000000000008,6.647730488980656,8.157628519368911,9.408524525895847e+28
42.60000000000008,6.646780132894957,8.138741368155609,8.46854344347563e+28
43.60000000000008,6.645911043237667,8.120436421541683,8.07673130184524e+28
44.60000000000008,6.645061248622576,8.102593709655713,7.998358543779823e+28
45.60000000000008,6.644225130168362,8.085184084975689,7.922459121093206e+28
46.60000000000008,6.643402173639865,8.068187837227276,7.848903255829006e+28
47.60000000000008,6.64259189470754,8.051586552875724,7.777570578916457e+28
48.60000000000008,6.6417938366197635,8.035363004625475,7.7083492673707705e+28
49.60000000000008,6.641007568100228,8.019501052394425,7.641135276507624e+28
50.60000000000008,6.640232681444598,8.003985554366114,7.575831655027684e+28
51.60000000000008,6.639468790793972,7.988802286917069,7.51234793258568e+28
52.60000000000008,6.638715530565664,7.973937872380429,7.450599570933791e+28
53.60000000000008,6.637972554024247,7.959379713745836,7.390507470971007e+28
54.60000000000008,6.637239531977958,7.945115935513689,7.331997529079305e+28
55.60000000000008,6.6365161515873785,7.931135330022572,7.27500023701664e+28
56.60000000000008,6.635802115274895,7.917427308654867,7.2194503203929204e+28
57.60000000000008,6.63509713972478,7.903981857399518,7.1652864113999395e+28
58.60000000000008,6.634400954964931,7.890789496314614,7.1124507520179185e+28
59.60000000000008,6.633713303522332,7.877841242487284,7.060888924394497e+28
60.60000000000008,6.633033939645174,7.86512857613611,7.010549605499117e+28
61.60000000000008,6.6323626285853825,7.852643409542296,6.961384343506827e+28
62.60000000000008,6.6316991459359365,7.840378058531828,6.913347353669124e+28
63.60000000000008,6.631043277018014,7.828325216262051,6.866395331692642e+28
64.60000000000008,6.630394816313482,7.816477929093443,6.8204872828751516e+28
65.60000000000008,6.62975356693873,7.804829574351155,6.775584365447478e+28
66.60000000000008,6.629119340156259,7.793373839802058,6.731649746743828e+28
67.60000000000008,6.628491954920787,7.782104704691294,6.688648470974999e+28
68.60000000000008,6.627871237456962,7.771016422198697,6.646547337512324e+28
69.60000000000008,6.627257020866054,7.76010350318977,6.605314788707239e+28
70.60000000000008,6.626649144759249,7.749360701148563,6.5649208063744065e+28
71.60000000000008,6.626047454915401,7.738782998191111,6.5253368161572175e+28
72.60000000000008,6.625451802961289,7.728365592067961,6.486535599074742e+28
73.60000000000008,6.624862046072609,7.718103884073361,6.448491209620251e+28
74.60000000000008,6.624278046694096,7.707993467786386,6.411178899844389e+28
75.60000000000008,6.6236996722773185,7.698030118576517,6.37457504891206e+28
76.60000000000008,6.623126795034799,7.688209783812361,6.338657097671766e+28
77.60000000000008,6.6225592917092575,7.678528573717916,6.30340348782053e+28
78.60000000000008,6.621997043356856,7.668982752825794,6.268793605287063e+28
79.60000000000008,6.621439935143436,7.659568731981402,6.234807727491167e+28
80.60000000000008,6.620887856152807,7.6502830608560775,6.2014269741690526e+28
81.60000000000008,6.620340699206244,7.64112242093098,6.168633261482556e+28
82.60000000000008,6.619798360692402,7.632083618916695,6.13640925915574e+28
83.60000000000008,6.619260740406932,7.6231635805766125,6.104738350405204e+28
84.60000000000008,6.618727741401133,7.614359344924791,6.073604594451061e+28
85.60000000000008,6.618199269839035,7.605668058771466,6.042992691414051e+28
86.60000000000008,6.617675234862342,7.597086971591565,6.012887949421046e+28
87.60000000000008,6.617155548462729,7.588613430693645,5.983276253756298e+28
88.60000000000008,6.616640125361004,7.5802448766684165,5.954144037909477e+28
89.60000000000008,6.616128882892695,7.571978839097731,5.925478256383954e+28
99.60000000000008,6.611229872602284,7.494469529000179,5.661929904048294e+28
109.60000000000008,6.606673858712588,7.4250240784631085,5.433724337861171e+28
119.60000000000008,6.602408479708176,7.362170289168212,5.233495532133592e+28
129.60000000000008,6.598392993536918,7.304801490035775,5.0558738458936595e+28
139.60000000000008,6.594595015583045,7.252065330342891,4.896838214932965e+28
149.60000000000008,6.590988337498495,7.203291769138424,4.753308469676438e+28
159.60000000000008,6.58755142120013,7.15794479944163,4.622879094896061e+28
169.60000000000008,6.584266330274473,7.115589115363132,4.503639802625634e+28
179.60000000000008,6.581117953717184,7.075866504832124,4.394051292008986e+28
189.60000000000008,6.578093430377262,7.038478756584672,4.292857171028406e+28
199.60000000000008,6.575181714471925,7.003175041169307,4.199020208961016e+28
209.60000000000008,6.57237324233048,6.969742433313316,4.111675345127013e+28
219.60000000000008,6.5696596731251065,6.937998683603366,4.030094478656289e+28
229.60000000000008,6.567033684573688,6.907786629216176,3.9536596958053564e+28
239.60000000000008,6.56448881009497,6.87896981797925,3.8818426415478023e+28
249.60000000000008,6.562019307642107,6.851429043510787,3.814188433240927e+28
259.6000000000001,6.559620053041251,6.825059573401511,3.750302978158188e+28
269.6000000000001,6.5572864524977055,6.799768910853336,3.6898428739210414e+28
279.6000000000001,6.555014370248009,6.775474971412708,3.6325072914055284e+28
289.6000000000001,6.552800068292657,6.752104585936083,3.57803139536315e+28
299.6000000000001,6.550640155848132,6.729592262320081,3.526180969412544e+28
309.6000000000001,6.548531546681304,6.707879154239251,3.476747992839222e+28
319.6000000000001,6.546471422884111,6.686912196803185,3.4295469759111495e+28
329.6000000000001,6.544457203946815,6.666643377804176,3.384411904389568e+28
339.6000000000001,6.542486520218772,6.647029119867529,3.3411936768734434e+28
349.6000000000001,6.540557190024333,6.628029753897756,3.2997579435587162e+28
359.6000000000001,6.538667199841062,6.609609068135658,3.2599832740399406e+28
369.6000000000001,6.536814687057308,6.591733920192244,3.221759596448737e+28
379.6000000000001,6.53499792491324,6.57437390181766,3.1849868616073335e+28
389.6000000000001,6.533215309299009,6.557501048051801,3.1495738947771697e+28
399.6000000000001,6.53146534713951,6.541089583904762,3.1154374045921933e+28
409.6000000000001,6.529746646140404,6.52511570291632,3.0825011243229823e+28
419.6000000000001,6.528057905706717,6.5095573729102085,3.0506950650499665e+28
429.6000000000001,6.5263979088753645,6.494394165041477,3.019954863880465e+28
439.6000000000001,6.524765515127554,6.479607102871835,2.9902212132140315e+28
449.6000000000001,6.523159653967406,6.46517852872878,2.961439359388733e+28
459.6000000000001,6.521579319169967,6.451091985032406,2.9335586609393306e+28
469.6000000000001,6.520023563615882,6.4373321086273165,2.906532198253727e+28
479.6000000000001,6.5184914946417365,6.423884536450382,2.8803164276943767e+28
489.6000000000001,6.516982269844969,6.410735821109343,2.8548708743098584e+28
499.6000000000001,6.515495093290579,6.397873355151571,2.8301578581406907e+28
509.6000000000001,6.514029212073932,6.3852853029739265,2.806142249856095e+28
519.6000000000001,6.512583913199914,6.37296053946914,2.7827912520714885e+28
529.6000000000001,6.511158520743851,6.36088859462653,2.7600742032114656e+28
539.6000000000001,6.509752393263911,6.349059603408511,2.737962401217068e+28
549.6000000000001,6.50836492143851,6.337464260312856,2.71642894476329e+28
559.6000000000001,6.506995525905425,6.326093778105969,2.6954485899642866e+28
569.6000000000001,6.505643655282122,6.314939850277215,2.6749976208089437e+28
579.6000000000001,6.5043087843491945,6.3039946168197964,2.6550537317958716e+28
589.6000000000001,6.502990412380909,6.293250632991569,2.6355959214308024e+28
599.6000000000001,6.501688061608657,6.282700840750506,2.616604395415828e+28
609.6000000000001,6.500401275804717,6.272338542595362,2.598060478503289e+28
619.6000000000001,6.49912961897507,6.262157377573121,2.5799465341108885e+28
629.6000000000001,6.497872674151282,6.252151299241966,2.5622458909017056e+28
639.6000000000001,6.496630042272475,6.242314555401993,2.544942775625719e+28
649.6000000000001,6.495401341149391,6.23264166942673,2.5280222516002677e+28
659.6000000000001,6.494186204503334,6.2231274230463836,2.511470162277309e+28
669.6000000000001,6.492984281073552,6.213766840449862,2.4952730794068798e+28
679.6000000000001,6.491795233787215,6.204555173586449,2.4794182553600176e+28
689.6000000000001,6.490618738986774,6.195487888560374,2.4638935792216736e+28
699.6000000000001,6.4894544857099365,6.186560653022502,2.448687536305668e+28
709.6000000000001,6.488302175017994,6.177769324472896,2.433789170780329e+28
719.6000000000001,6.487161519368618,6.1691099393966216,2.4191880511257387e+28
729.6000000000001,6.4860322420296015,6.160578703162766,2.404874238172035e+28
739.6000000000001,6.484914076530354,6.152171980623393,2.3908382554934895e+28
749.6000000000001,6.483806766148241,6.143886287355132,2.377071061955512e+28
759.6000000000001,6.482710063427123,6.135718281491608,2.363564026231623e+28
769.6000000000001,6.481623729725678,6.1276647560995805,2.3503089031251922e+28
779.6000000000001,6.4805475347933035,6.119722632056069,2.337297811546534e+28
789.6000000000001,6.479481256371585,6.1118889513875665,2.3245232140100554e+28
799.6000000000001,6.478424679819481,6.104160871035921,2.3119778975287798e+28
809.6000000000001,6.477377597760542,6.096535657018594,2.2996549557948725e+28
819.6000000000001,6.476339809750609,6.0890106789538105,2.287547772544907e+28
829.6000000000001,6.4753111219645705,6.081583404923624,2.2756500060177343e+28
839.6000000000001,6.474291346900862,6.074251396650267,2.263955574420989e+28
849.6000000000001,6.473280303102517,6.067012304963198,2.2524586423296317e+28
859.6000000000001,6.472277814893649,6.059863865536093,2.2411536079465733e+28
869.6000000000001,6.471283712130339,6.0528038948747955,2.2300350911614287e+28
879.6000000000001,6.470297829965006,6.045830286538754,2.2190979223488636e+28
889.6000000000001,6.469320008623348,6.038941007579835,2.2083371318528928e+28
899.6000000000001,6.468350093193098,6.032134095183768,2.197747940107957e+28
909.6000000000001,6.4673879334237965,6.02540765350051,2.187325748351609e+28
919.6000000000001,6.466433383536933,6.0187598506510405,2.1770661298873174e+28
929.6000000000001,6.465486302045782,6.0121889158988555,2.16696482185922e+28
939.6000000000001,6.464546551584355,6.005693136975541,2.157017717503678e+28
949.6000000000001,6.463613998744922,5.9992708575504,2.1472208588452536e+28
959.6000000000001,6.462688513923563,5.992920474834998,2.1375704298072363e+28
969.6000000000001,6.461769971173302,5.9866404373140885,2.1280627497091498e+28
979.6000000000001,6.460858248064355,5.980429242595029,2.1186942671257584e+28
989.6000000000001,6.459953225551094,5.974285435368337,2.109461554084018e+28
999.6000000000001,6.459054787845329,5.9682076054726245,2.100361300576171e+28
1009.6000000000001,6.458167168764315,5.962199836705789,2.068526938746269e+28
1019.6000000000001,6.457294954392528,5.956266680789451,2.036553359996468e+28
1029.6000000000001,6.4564377862900395,5.950406519459616,2.0053788791791895e+28
1039.6000000000001,6.4555952586878,5.944617710938971,1.974976051509543e+28
1049.6000000000001,6.454766980605201,5.9388986664406875,1.945318626577136e+28
1059.6000000000001,6.453952575174065,5.933247847955526,1.9163814856164698e+28
1069.6000000000001,6.453151678999664,5.927663766151795,1.8881405826260917e+28
1079.6000000000001,6.452363941556416,5.922144978381365,1.860572889066989e+28
1089.6000000000001,6.451589024616074,5.916690086785456,1.8336563418918836e+28
1099.6000000000001,6.450826601706367,5.911297736494307,1.8073697946764126e+28
1109.6000000000001,6.450076357598222,5.9059666139152664,1.781692971640838e+28
1119.6000000000001,6.449337987819801,5.900695445104171,1.7566064243670931e+28
1129.6000000000001,6.448611198195724,5.895482994215266,1.7320914910307505e+28
1139.6000000000001,6.447895704409971,5.8903280620251905,1.7081302579810583e+28
1149.6000000000001,6.4471912315910265,5.885229484526851,1.6847055235146026e+28
1159.6000000000001,6.446497513917976,5.8801861315893245,1.661800763699557e+28
1169.6000000000001,6.445814294246299,5.8751969056800775,1.6394001001179515e+28
1179.6000000000001,6.4451413237522335,5.8702607406461595,1.617488269403005e+28
1189.6000000000001,6.444478361594625,5.8653766005511,1.5960505944574169e+28
1199.6000000000001,6.4438251745932655,5.860543478564555,1.575072957246655e+28
1209.6000000000001,6.44318153692279,5.855760395901836,1.554541773068774e+28
1219.6000000000001,6.442547229821246,5.851026400810758,1.5344439662092093e+28
1229.6000000000001,6.441922041312528,5.846340567603212,1.514766946895367e+28
1239.6000000000001,6.441305765941905,5.841701995729242,1.4954985894717092e+28
1249.6000000000001,6.440698204523914,5.837109808891343,1.4766272117214725e+28
1259.6000000000001,6.440099163901959,5.83256315419697,1.4581415552661697e+28
1269.6000000000001,6.439508456718981,5.828061201347301,1.440030766978673e+28
1279.6000000000001,6.438925901198595,5.823603141860405,1.4222843813499692e+28
1289.6000000000001,6.438351320936149,5.819188188327134,1.4048923037536577e+28
1299.6000000000001,6.437784544699174,5.814815573698075,1.387844794555941e+28
1309.6000000000001,6.437225406236744,5.810484550600059,1.3711324540222787e+28
1319.6000000000001,6.436673744097263,5.806194390680751,1.3547462079750428e+28
1329.6000000000001,6.436129401454268,5.801944383980015,1.338677294159447e+28
1339.6000000000001,6.435592225939825,5.7977338383267,1.3229172492777632e+28
1349.6000000000001,6.435062069485127,5.793562078759658,1.3074578966543662e+28
1359.6000000000001,6.434538788167951,5.789428446971883,1.2922913344965109e+28
1369.6000000000001,6.434022242066605,5.785332300776616,1.2774099247179412e+28
1379.6000000000001,6.433512295120064,5.78127301359444,1.2628062822944687e+28
1389.6000000000001,6.43300881499398,5.777249973960357,1.2484732651225608e+28
1399.6000000000001,6.432511672952279,5.773262585049979,1.2344039643537568e+28
1409.6000000000001,6.432020743734076,5.769310264223886,1.2205916951793695e+28
1419.6000000000001,6.431535905435648,5.765392442589386,1.2070299880414807e+28
1429.6000000000001,6.431057039397228,5.761508564578881,1.1937125802476714e+28
1439.6000000000001,6.430584030094385,5.757658087544071,1.1806334079682737e+28
1449.6000000000001,6.430116765033777,5.753840481365321,1.167786598596173e+28
1459.6000000000001,6.429655134653066,5.750055228075512,1.1551664634503794e+28
1469.6000000000001,6.429199032224816,5.746301821497724,1.1427674908056626e+28
1479.6000000000001,6.42874835376417,5.742579766896208,1.130584339231584e+28
1489.6000000000001,6.428302997940143,5.738888580639976,1.1186118312252072e+28
1499.6000000000001,6.427862865990373,5.735227789878577,1.1068449471226739e+28
1509.6000000000001,6.427427861639151,5.731596932229442,1.0952788192756662e+28
1519.6000000000001,6.42699789101861,5.727995555476385,1.0839087264795696e+28
1529.6000000000001,6.42657286259291,5.724423217278746,1.0727300886408844e+28
1539.6000000000001,6.426152687085295,5.720879484890737,1.0617384616721282e+28
1549.6000000000001,6.425737277407897,5.717363934890592,1.0509295326031234e+28
1559.6000000000001,6.4253265485941595,5.713876152919081,1.0402991148981707e+28
1569.6000000000001,6.424920417733771,5.7104157334270464,1.029843143969183e+28
1579.6000000000001,6.424518803910004,5.706982279431541,1.0195576728753949e+28
1589.6000000000001,6.4241216281393445,5.703575402280288,1.0094388682007657e+28
1599.6000000000001,6.423728813313324,5.700194721424058,9.994830061006682e+27
1609.6000000000001,6.423340284142457,5.696839864196702,9.896864685099105e+27
1619.6000000000001,6.422955967102194,5.6935104656025075,9.800457395045481e+27
1629.6000000000001,6.422575790380809,5.690206168110594,9.705574018103468e+27
1639.6000000000001,6.4221996838291355,5.68692662145609,9.612181334511289e+27
1649.6000000000001,6.42182757891208,5.683671482447792,9.520247045305872e+27
1659.6000000000001,6.421459408661833,5.680440414782092,9.429739741414769e+27
1669.6000000000001,6.421095107632718,5.6772330888629075,9.34062887396416e+27
1679.6000000000001,6.420734611857602,5.674049181627405,9.252884725748146e+27
1689.6000000000001,6.420377858805808,5.67088837637726,9.166478383807307e+27
1699.6000000000001,6.42002478734247,5.667750362615303,9.081381713067135e+27
1709.6000000000001,6.419675337689275,5.664634835887297,8.997567330989442e+27
1719.6000000000001,6.419329451386528,5.66154149762867,8.915008583192149e+27
1729.6000000000001,6.418987071256503,5.658470055016041,8.833679519995099e+27
1739.6000000000001,6.418648141368009,5.655420220823322,8.753554873851581e+27
1749.6000000000001,6.418312607002143,5.652391713282281,8.674610037627299e+27
1759.6000000000001,6.417980414619175,5.649384255947339,8.596821043690291e+27
1769.6000000000001,6.417651511826515,5.646397577564507,8.520164543777152e+27
1779.6000000000001,6.41732584734774,5.643431411944292,8.444617789602526e+27
1789.6000000000001,6.417003370992616,5.640485497838398,8.37015861418044e+27
1799.6000000000001,6.416684033628096,5.637559578820149,8.296765413827554e+27
1809.6000000000001,6.4163677871502465,5.634653403168452,8.224417130819788e+27
1819.6000000000001,6.416054584457076,5.631766723755192,8.153093236675161e+27
1829.6000000000001,6.415744379422227,5.6288992979359485,8.082773716036951e+27
1839.6000000000001,6.4154371268694925,5.626050887443901,8.013439051132442e+27
1849.6000000000001,6.4151327825481435,5.623221258286819,7.945070206783737e+27
1859.6000000000001,6.414831303109024,5.620410180647044,7.877648615948166e+27
1869.6000000000001,6.414532646081387,5.61761742878433,7.811156165766822e+27
1879.6000000000001,6.414236769850453,5.6148427809414905,7.745575184100797e+27
1889.6000000000001,6.4139436336356574,5.612086019252702,7.680888426535562e+27
1899.6000000000001,6.413653197469555,5.609346929654421,7.617079063834849e+27
1909.6000000000001,6.413365422177383,5.6066253017988075,7.554130669826207e+27
1919.6000000000001,6.413080269357228,5.603920928969561,7.492027209701227e+27
1929.6000000000001,6.412797701360801,5.6012336080001255,7.430753028714155e+27
1939.6000000000001,6.412517681274782,5.598563139194129,7.370292841263355e+27
1949.6000000000001,6.412240172902724,5.595909326248037,7.310631720340752e+27
1959.6000000000001,6.411965140747492,5.593271976175936,7.25175508733506e+27
1969.6000000000001,6.411692549994225,5.590650899236332,7.193648702175158e+27
1979.6000000000001,6.411422366493787,5.588045908860966,7.136298653800656e+27
1989.6000000000001,6.411154556746719,5.585456821585554,7.079691350947176e+27
1999.6000000000001,6.410889087887638,5.5828834569823655,7.023813513234429e+27
2009.6000000000001,6.410625927670101,5.58032563759461,6.968652162545705e+27
2019.6000000000001,6.4103650444519005,5.577783188872585,6.914194614687842e+27
2029.6000000000001,6.410106407180778,5.575255939111486,6.860428471321198e+27
2039.6000000000001,6.409849985380547,5.572743719390882,6.807341612149643e+27
2049.6000000000004,6.409595749137613,5.570246363515746,6.754922187360921e+27
2059.6000000000004,6.409343669087863,5.567763707959049,6.703158610308227e+27
2069.6000000000004,6.409093716403937,5.565295591805821,6.652039550424134e+27
2079.6000000000004,6.408845862782844,5.56284185669867,6.601553926358442e+27
2089.6000000000004,6.408600080433924,5.5604023467847,6.551690899331828e+27
2099.6000000000004,6.408356342067153,5.5579769086637665,6.502439866697508e+27
2109.6000000000004,6.408114620881753,5.555565391338067,6.453790455703453e+27
2119.6000000000004,6.407874890555131,5.553167646163008,6.405732517448017e+27
2129.6000000000004,6.407637125232105,5.550783526799286,6.358256121022042e+27
2139.6000000000004,6.407401299514435,5.548412889166199,6.311351547830933e+27
2149.6000000000004,6.407167388450627,5.546055591396106,6.265009286090263e+27
2159.6000000000004,6.4069353675260174,5.54371149379001,6.219220025488917e+27
2169.6000000000004,6.406705212653121,5.54138045877426,6.173974652013868e+27
2179.6000000000004,6.406476900162233,5.539062350858298,6.129264242930985e+27
2189.6000000000004,6.406250406792286,5.5367570365934515,6.085080061916512e+27
2199.6000000000004,6.406025709681942,5.5344643845327255,6.041413554333972e+27
2209.6000000000004,6.4058027863609235,5.53218426519156,5.998256342651568e+27
2219.6000000000004,6.405581614741569,5.529916551009565,5.955600221995263e+27
2229.6000000000004,6.40536217311061,5.527661116313137,5.913437155832928e+27
2239.6000000000004,6.4051444401211555,5.525417837278988,5.87175927178515e+27
2249.6000000000004,6.404928394784894,5.523186591898556,5.830558857558405e+27
2259.6000000000004,6.4047140164644825,5.520967259943223,5.789828356996539e+27
2269.6000000000004,6.404501284866142,5.518759722930394,5.749560366246555e+27
2279.6000000000004,6.404290180032436,5.516563864090344,5.70974763003497e+27
2289.6000000000004,6.404080682335228,5.514379568333849,5.670383038051038e+27
2299.6000000000004,6.403872772468827,5.512206722220583,5.631459621433349e+27
2309.6000000000004,6.403666431443297,5.510045213928221,5.592970549356394e+27
2319.6000000000004,6.403461640577935,5.507894933222271,5.55490912571386e+27
2329.6000000000004,6.403258381494912,5.505755771426612,5.517268785895488e+27
2339.6000000000004,6.403056636113079,5.5036276213946795,5.480043093654472e+27
2349.6000000000004,6.4028563866419095,5.501510377481315,5.443225738062487e+27
2359.6000000000004,6.402657615575608,5.4994039355152715,5.40681053054953e+27
2369.6000000000004,6.4024603056873515,5.497308192772312,5.370791402025871e+27
2379.6000000000004,6.402264440023678,5.49522304794894,5.335162400083488e+27
2389.6000000000004,6.4020700018990055,5.493148401136687,5.299917686274473e+27
2399.6000000000004,6.40187697489029,5.49108415379701,5.265051533464e+27
2409.6000000000004,6.401685342831804,5.489030208736713,5.230558323255468e+27
2419.6000000000004,6.401495089810051,5.486986470083928,5.196432543485615e+27
2429.6000000000004,6.401306200158786,5.484952843264624,5.162668785787375e+27
2439.6000000000004,6.401118658454174,5.482929234979627,5.129261743218407e+27
2449.6000000000004,6.400932449510044,5.480915553182147,5.096206207953244e+27
2459.6000000000004,6.400747558373268,5.478911707055776,5.063497069037124e+27
2469.6000000000004,6.40056397031924,5.476917606992991,5.031129310199601e+27
2479.6000000000004,6.40038167084747,5.474933164574093,4.999098007726101e+27
2489.6000000000004,6.400200645677272,5.472958292546618,4.967398328385687e+27
2499.6000000000004,6.400020880743554,5.4709929048051755,4.9360255274133004e+27
2509.6000000000004,6.399842362192708,5.469036916371715,4.9049749465448605e+27
2519.6000000000004,6.399665076378595,5.467090243376226,4.8742420121036134e+27
2529.6000000000004,6.399489009858614,5.465152803037828,4.8438222331362116e+27
2539.6000000000004,6.399314149389876,5.4632245136462725,4.813711199597035e+27
2549.6000000000004,6.399140481925447,5.461305294543816,4.783904580579317e+27
2559.6000000000004,6.398967994610689,5.459395066107492,4.754398122591698e+27
2569.6000000000004,6.398796674779678,5.45749374973173,4.7251876478788677e+27
2579.6000000000004,6.398626509951707,5.455601267811353,4.696269052784991e+27
2589.6000000000004,6.398457487827858,5.45371754372491,4.66763830615868e+27
2599.6000000000004,6.398289596287662,5.451842501818362,4.639291447798304e+27
2609.6000000000004,6.398122823385826,5.449976067389095,4.611224586936439e+27
2619.6000000000004,6.397957157349032,5.448118166670266,4.58343390076237e+27
2629.6000000000004,6.3977925865728125,5.446268726815452,4.5559156329815105e+27
2639.6000000000004,6.397629099618486,5.44442767588363,4.5286660924106985e+27
2649.6000000000004,6.397466685210169,5.442594942824441,4.5016816516083485e+27
2659.6000000000004,6.397305332231845,5.44077045746376,4.474958745538452e+27
2669.6000000000004,6.397145029724501,5.43895415048955,4.4484938702674756e+27
2679.6000000000004,6.396985766883326,5.4371459534380016,4.422283581693231e+27
2689.6000000000004,6.396827533054968,5.435345798679944,4.396324494304805e+27
2699.6000000000004,6.396670317734854,5.433553619407524,4.370613279972686e+27
2709.6000000000004,6.396514110564559,5.431769349621149,4.3451466667682487e+27
2719.6000000000004,6.396358901329243,5.4299929241166875,4.319921437811759e+27
2729.6000000000004,6.396204679955128,5.428224278472916,4.294934430148136e+27
2739.6000000000004,6.396051436507044,5.426463349039214,4.270182533649682e+27
2749.6000000000004,6.395899161186013,5.4247100729234905,4.245662689945042e+27
2759.6000000000004,6.395747844326892,5.422964387980356,4.22137189137369e+27
2769.6000000000004,6.395597476396062,5.421226232799511,4.197307179965209e+27
2779.6000000000004,6.3954480479891656,5.419495546694359,4.173465646442731e+27
2789.6000000000004,6.395299549828894,5.417772269690843,4.1498444292498523e+27
2799.6000000000004,6.3951519727628146,5.416056342516493,4.1264407136003907e+27
2809.6000000000004,6.395005307761248,5.414347706589666,4.10325173055039e+27
2819.6000000000004,6.394859545915186,5.412646304009019,4.080274756091749e+27
2829.6000000000004,6.394714678434257,5.410952077543154,4.057507110266913e+27
2839.6000000000004,6.394570696644722,5.40926497062047,4.034946156304056e+27
2849.6000000000004,6.394427591987526,5.407584927319194,4.0125892997722187e+27
2859.6000000000004,6.394285356016376,5.405911892357617,3.990433987755866e+27
2869.6000000000004,6.394143980395866,5.4042458110844915,3.968477708048352e+27
2879.6000000000004,6.394003456899635,5.402586629469615,3.946717988363803e+27
2889.6000000000004,6.393863777408565,5.4009342940945935,3.925152395566925e+27
2899.6000000000004,6.393724933909011,5.399288752143751,3.9037785349202764e+27
2909.6000000000004,6.393586918491073,5.397649951395245,3.8825940493485436e+27
2919.6000000000004,6.393449723346896,5.3960178402122985,3.861596618719388e+27
2929.6000000000004,6.393313340769002,5.394392367534633,3.8407839591404284e+27
2939.6000000000004,6.3931777631486675,5.392773482870023,3.8201538222719417e+27
2949.6000000000004,6.393042982974315,5.391161136286026,3.799703994654889e+27
2959.6000000000004,6.392908992829948,5.389555278401849,3.779432297053863e+27
2969.6000000000004,6.392775785393616,5.387955860380365,3.759336583814582e+27
2979.6000000000004,6.392643353435903,5.3863628339202725,3.7394147422355584e+27
2989.6000000000004,6.39251168981845,5.38477615124839,3.7196646919535924e+27
2999.6000000000004,6.392380787492505,5.383195765112099,3.7000843843427206e+27
3009.6000000000004,6.392250639497502,5.381621628771903,3.6806718019263054e+27
3019.6000000000004,6.392121238959663,5.38005369599413,3.6614249578019166e+27
3029.6000000000004,6.391992579090634,5.378491921043767,3.642341895078697e+27
3039.6000000000004,6.391864653186139,5.376936258677398,3.6234206863268985e+27
3049.6000000000004,6.391737454624664,5.375386664136297,3.6046594330392766e+27
3059.6000000000004,6.3916109768661675,5.373843093139616,3.5860562651040694e+27
3069.6000000000004,6.39148521345081,5.3723055018776975,3.5676093402892553e+27
3079.6000000000004,6.3913601579977115,5.3707738470055055,3.5493168437378255e+27
3089.6000000000004,6.391235804203731,5.369248085636176,3.5311769874737924e+27
3099.6000000000004,6.3911121458422695,5.367728175334657,3.5131880099186826e+27
3109.6000000000004,6.390989176762093,5.366214074111481,3.495348175418242e+27
3119.6000000000004,6.39086689088618,5.36470574041663,3.477655773779127e+27
3129.6000000000004,6.39074528221059,5.363203133133515,3.460109119815318e+27
3139.6000000000004,6.39062434480335,5.361706211573032,3.44270655290404e+27
3149.6000000000004,6.390504072803365,5.360214935467757,3.425446436550943e+27
3159.6000000000004,6.390384460419348,5.358729264966209,3.4083271579643417e+27
3169.6000000000004,6.3902655019287655,5.35724916062722,3.3913471276382775e+27
3179.6000000000004,6.3901471916768084,5.355774583414401,3.3745047789442046e+27
3189.6000000000004,6.390029524075375,5.35430549469069,3.3577985677310924e+27
3199.6000000000004,6.389912493602081,5.352841856213004,3.3412269719337445e+27
3209.6000000000004,6.389796094799274,5.351383630126973,3.324788491189143e+27
3219.6000000000004,6.389680322273082,5.349930778961753,3.308481646460625e+27
3229.6000000000004,6.389565170692467,5.348483265624946,3.292304979669708e+27
3239.6000000000004,6.3894506347882984,5.347041053397579,3.2762570533353926e+27
3249.6000000000004,6.389336709352444,5.3456041059291755,3.2603364502207593e+27
3259.6000000000004,6.389223389236878,5.344172387232915,3.244541772986692e+27
3269.6000000000004,6.389110669352804,5.3427458616808625,3.22887164385257e+27
3279.6000000000004,6.388998544669793,5.341324493999267,3.213324704263756e+27
3289.6000000000004,6.388887010214932,5.339908249263955,3.197899614565732e+27
3299.6000000000004,6.388776061072002,5.33849709289579,3.1825950536847327e+27
3309.6000000000004,6.3886656923806475,5.3370909906561925,3.167409718814717e+27
3319.6000000000004,6.388555899335586,5.335689908642753,3.15234232511054e+27
3329.6000000000004,6.38844667718581,5.3342938132849,3.1373916053871906e+27
3339.6000000000004,6.388338021233816,5.332902671339641,3.122556309824938e+27
3349.6000000000004,6.38822992683484,5.331516449887369,3.107835205680282e+27
3359.6000000000004,6.38812238939611,5.330135116327751,3.093227077002543e+27
3369.6000000000004,6.38801540437611,5.328758638375649,3.078730724355995e+27
3379.6000000000004,6.387908967283853,5.327386984057137,3.064344964547396e+27
3389.6000000000004,6.3878030736781755,5.326020121705559,3.0500686303588115e+27
3399.6000000000004,6.387697719167032,5.324658019957665,3.035900570285596e+27
3409.6000000000004,6.387592899406813,5.323300647749796,3.0218396482794343e+27
3419.6000000000004,6.387488610101666,5.321947974314127,3.007884743496321e+27
3429.6000000000004,6.387384847002834,5.320599969174975,2.9940347500493694e+27
3439.6000000000004,6.387281605907998,5.319256602145165,2.9802885767663503e+27
3449.6000000000004,6.38717888266064,5.317917843322444,2.9666451469518487e+27
3459.6000000000004,6.387076673149408,5.316583663085957,2.95310339815394e+27
3469.6000000000004,6.386974973307494,5.315254032092768,2.9396622819352897e+27
3479.6000000000004,6.386873779112028,5.313928921274448,2.9263207636485807e+27
3489.6000000000004,6.386773086583474,5.312608301833703,2.9130778222161647e+27
3499.6000000000004,6.386672891785042,5.311292145241058,2.89993244991386e+27
3509.6000000000004,6.3865731908221015,5.30998042323159,2.886883652158799e+27
3519.6000000000004,6.386473979841617,5.308673107801708,2.873930447301237e+27
3529.6000000000004,6.386375255031582,5.307370171205985,2.861071866420238e+27
3539.6000000000004,6.386277012620467,5.306071585954043,2.848306953123159e+27
3549.6000000000004,6.386179248876677,5.3047773248074686,2.835634763348848e+27
3559.6000000000004,6.3860819601080125,5.303487360776785,2.823054365174478e+27
3569.6000000000004,6.385985142661149,5.302201667118475,2.810564838625933e+27
3579.6000000000004,6.385888792921117,5.300920217332032,2.7981652754916843e+27
3589.6000000000004,6.385792907310787,5.299642985157069,2.785854779140077e+27
3599.6000000000004,6.385697482290377,5.29836994457046,2.7736324643399425e+27
3609.6000000000004,6.385602514356953,5.297101069783534,2.7614974570844934e+27
3619.6000000000004,6.385508000043948,5.295836335239301,2.749448894418408e+27
3629.6000000000004,6.3854139359206785,5.294575715609717,2.7374859242680484e+27
3639.6000000000004,6.38532031859188,5.293319185793001,2.7256077052747516e+27
3649.6000000000004,6.385227144697242,5.292066720910977,2.713813406631116e+27
3659.6000000000004,6.385134410910952,5.290818296306468,2.702102207920234e+27
3669.6000000000004,6.38504211394125,5.289573887540714,2.6904732989578064e+27
3679.6000000000004,6.3849502505299816,5.288333470390832,2.678925879637074e+27
3689.6000000000004,6.384858817452171,5.287097020847325,2.6674591597765175e+27
3699.6000000000004,6.384767811515589,5.2858645151116015,2.6560723589702593e+27
3709.6000000000004,6.3846772295603325,5.284635929593557,2.64476470644112e+27
3719.6000000000004,6.384587068458411,5.283411240909169,2.633535440896274e+27
3729.6000000000004,6.38449732511334,5.28219042587814,2.622383810385445e+27
3739.6000000000004,6.384407996459737,5.280973461521565,2.6113090721615996e+27
3749.6000000000004,6.384319079462927,5.279760325059643,2.600310492544081e+27
3759.6000000000004,6.384230571118555,5.2785509939094,2.589387346784138e+27
3769.6000000000004,6.384142468452199,5.277345445682473,2.5785389189327987e+27
3779.6000000000004,6.384054768518994,5.276143658182892,2.5677645017110433e+27
3789.6000000000004,6.383967468403264,5.2749456094049325,2.557063396382229e+27
3799.6000000000004,6.38388056521815,5.273751277530952,2.546434912626725e+27
3809.6000000000004,6.383794056105254,5.272560640929301,2.5358783684187067e+27
3819.6000000000004,6.38370793823428,5.2713736781522265,2.525393089905074e+27
3829.6000000000004,6.383622208802687,5.270190367933831,2.514978411286452e+27
3839.6000000000004,6.383536865035345,5.269010689188042,2.5046336747002206e+27
3849.6000000000004,6.383451904184194,5.2678346210066245,2.4943582301055513e+27
3859.6000000000004,6.383367323527911,5.266662142657203,2.4841514351703966e+27
3869.6000000000004,6.383283120371578,5.265493233581326,2.4740126551604018e+27
3879.6000000000004,6.383199292046362,5.264327873392551,2.4639412628297025e+27
3889.6000000000004,6.383115835909191,5.263166041874557,2.4539366383135618e+27
3899.6000000000004,6.383032749342443,5.262007718979275,2.443998169022824e+27
3909.6000000000004,6.382950029753635,5.260852884825056,2.43412524954014e+27
3919.6000000000004,6.382867674575116,5.259701519694857,2.4243172815179343e+27
3929.6000000000004,6.382785681263765,5.258553604034451,2.4145736735780815e+27
3939.6000000000004,6.382704047300697,5.2574091184506635,2.4048938412132526e+27
3949.6000000000004,6.382622770190972,5.25626804370963,2.3952772066899105e+27
3959.6000000000004,6.3825418474633,5.255130360735079,2.3857231989529103e+27
3969.6000000000004,6.3824612766697655,5.25399605060664,2.376231253531682e+27
3979.6000000000004,6.382381055385542,5.252865094558164,2.3668008124479653e+27
3989.6000000000004,6.382301181208618,5.251737473976077,2.3574313241250627e+27
3999.6000000000004,6.382221651759527,5.250613170397762,2.348122243298586e+27
4009.6000000000004,6.382142464681076,5.249492165509932,2.3388730309286645e+27
4019.6000000000004,6.382063617638084,5.2483744411470585,2.329683154113592e+27
4029.6000000000004,6.3819851083171235,5.247259979289806,2.3205520860048832e+27
4039.6000000000004,6.381906934426259,5.246148762063481,2.3114793057237074e+27
4049.6000000000004,6.381829093694798,5.245040771736511,2.3024642982786887e+27
4059.6000000000004,6.381751583873043,5.243935990718946,2.2935065544850272e+27
4069.6000000000004,6.38167440273204,5.242834401560959,2.2846055708849348e+27
4079.6000000000004,6.381597548063343,5.2417359869514035,2.2757608496693505e+27
4089.6000000000004,6.381521017678771,5.240640729716338,2.266971898600915e+27
4099.6,6.381444809410172,5.239548612817623,2.2582382309381794e+27
4109.6,6.381368921109194,5.238459619351499,2.249559365361027e+27
4119.6,6.381293350647057,5.237373732547194,2.240934825897291e+27
4129.6,6.38121809591432,5.236290935765561,2.2323641418505307e+27
4139.6,6.381143154820667,5.23521121249771,2.223846847728962e+27
4149.6,6.381068525294683,5.234134546363668,2.2153824831755148e+27
4159.6,6.380994205283639,5.233060921111074,2.2069705928989908e+27
4169.6,6.380920192753277,5.231990320613852,2.1986107266063122e+27
4179.6,6.380846485687601,5.230922728870938,2.1903024389358327e+27
4189.6,6.3807730820886706,5.229858130005003,2.1820452893916974e+27
4199.6,6.380699979976393,5.228796508261194,2.1738388422792307e+27
4209.6,6.380627177388324,5.227737848005899,2.1656826666413312e+27
4219.6,6.380554672379468,5.226682133725513,2.1575763361958602e+27
4229.6,6.38048246302208,5.2256293500252395,2.149519429274003e+27
4239.6,6.380410547405475,5.22457948162789,2.1415115287595857e+27
4249.6,6.380338923635834,5.2235325133726995,2.1335522220293315e+27
4259.6,6.3802675898360155,5.222488430214172,2.1256411008940397e+27
4269.6,6.380196544145373,5.221447217220922,2.1177777615406687e+27
4279.6,6.380125784719568,5.2204088595745395,2.1099618044753132e+27
4289.6,6.38005530973039,5.2193733425684705,2.10219283446705e+27
4299.6,6.379985117365578,5.218340651606903,2.0944704604926468e+27
4309.6,6.379915205828645,5.217310772203682,2.0867942956821147e+27
4319.6,6.379845573338702,5.216283689981207,2.0791639572650858e+27
4329.6,6.3797762181302895,5.215259390669392,2.0715790665180088e+27
4339.6,6.379707138453206,5.214237860104586,2.0640392487121445e+27
4349.6,6.379638332572342,5.213219084228543,2.0565441330623461e+27
4359.6,6.379569798767514,5.212203049087387,2.0490933526766124e+27
4369.6,6.379501535333306,5.211189740830598,2.0416865445064012e+27
4379.6,6.379433540578901,5.210179145709997,2.0343233492976885e+27
4389.6,6.379365812827932,5.2091712500787715,2.0270034115427596e+27
4399.6,6.379298350418318,5.208166040390473,2.0197263794327224e+27
4409.6,6.379231151702115,5.207163503198063,2.0124919048107282e+27
4419.6,6.3791642150453605,5.206163625152943,2.0052996431258884e+27
4429.6,6.379097538827926,5.205166393004023,1.9981492533878754e+27
4439.6,6.379031121443366,5.204171793596769,1.9910403981221977e+27
4449.6,6.378964961298773,5.203179813872288,1.9839727433261312e+27
4459.6,6.3788990568146335,5.202190440866421,1.9769459584253066e+27
4469.6,6.378833406424684,5.201203661708824,1.9699597162309314e+27
4479.6,6.378768008575773,5.200219463622091,1.963013692897641e+27
4489.6,6.378702861727717,5.199237833920863,1.9561075678819667e+27
4499.6,6.378637964353168,5.198258760010965,1.9492410239014128e+27
4509.6,6.378573314937477,5.197282229388538,1.9424137468941268e+27
4519.6,6.3785089119785585,5.196308229639193,1.9356254259791605e+27
4529.6,6.37844475398676,5.195336748437164,1.928875753417304e+27
4539.6,6.378380839484732,5.194367773544489,1.922164424572492e+27
4549.6,6.378317167007299,5.193401292810172,1.9154911378737608e+27
4559.6,6.37825373510133,5.192437294169389,1.9088555947777632e+27
4569.6,6.378190542325617,5.191475765642666,1.9022574997318137e+27
4579.6,6.37812758725075,5.1905166953351065,1.895696560137472e+27
4589.6,6.378064868458994,5.189560071435588,1.8891724863146426e+27
4599.6,6.378002384544165,5.188605882216,1.8826849914661904e+27
4609.6,6.377940134111518,5.187654116030469,1.8762337916430628e+27
4619.6,6.377878115777624,5.186704761314613,1.869818605709903e+27
4629.6,6.377816328170255,5.1857578065847765,1.8634391553111572e+27
4639.6,6.377754769928267,5.1848132404373,1.8570951648376596e+27
4649.6,6.377693439701493,5.183871051547788,1.8507863613936905e+27
4659.6,6.377632336150622,5.182931228670382,1.8445124747644984e+27
4669.6,6.377571457947097,5.181993760637048,1.838273237384282e+27
4679.6,6.377510803772998,5.181058636356865,1.8320683843046193e+27
4689.6,6.377450372320941,5.180125844815326,1.8258976531633409e+27
4699.6,6.377390162293966,5.179195375073653,1.8197607841538392e+27
4709.6,6.3773301724054345,5.178267216268105,1.8136575199948047e+27
4719.6,6.377270401378925,5.177341357609302,1.807587605900386e+27
4729.6,6.377210847948129,5.176417788381566,1.801550789550763e+27
4739.6,6.377151510856753,5.175496497942245,1.795546821063129e+27
4749.6,6.377092388858412,5.174577475721071,1.7895754529630746e+27
4759.6,6.3770334807165385,5.173660711219507,1.7836364401563685e+27
4769.6,6.376974785204276,5.172746194010111,1.777729539901123e+27
4779.6,6.376916301104391,5.171833913735899,1.7718545117803489e+27
4789.6,6.376858027209169,5.170923860109724,1.766011117674881e+27
4799.6,6.376799962320326,5.170016022913654,1.7601991217366784e+27
4809.6,6.376742105248915,5.169110391998364,1.7544182903624903e+27
4819.6,6.376684454815229,5.168206957282527,1.7486683921678768e+27
4829.6,6.376627009848717,5.167305708752215,1.7429491979615883e+27
4839.6,6.376569769187888,5.166406636460307,1.7372604807202918e+27
4849.6,6.376512731680226,5.16550973052591,1.7316020155636362e+27
4859.6,6.376455896182098,5.164614981133772,1.725973579729662e+27
4869.6,6.3763992615586735,5.163722378533712,1.7203749525505357e+27
4879.6,6.376342826683834,5.1628319130400495,1.7148059154286179e+27
4889.6,6.3762865904400865,5.161943575031053,1.7092662518128474e+27
4899.6,6.376230551718487,5.161057354948371,1.7037557471754468e+27
4909.6,6.376174709418551,5.160173243296498,1.6982741889889372e+27
4919.6,6.376119062448176,5.159291230642225,1.692821366703463e+27
4929.6,6.376063609723555,5.158411307614094,1.6873970717244153e+27
4939.6,6.376008350169104,5.1575334649018885,1.6820010973903575e+27
4949.6,6.375953282717378,5.156657693256084,1.6766332389512408e+27
4959.6,6.375898406308996,5.15578398348734,1.6712932935469115e+27
4969.6,6.375843719892558,5.154912326465985,1.665981060185899e+27
4979.6,6.375789222424578,5.154042713121509,1.6606963397244877e+27
4989.6,6.3757349128694,5.153175134442052,1.6554389348460635e+27
4999.6,6.375680790199129,5.152309581473913,1.6502086500407303e+27
5009.6,6.375626853393556,5.151446045321053,1.6450052915851966e+27
