Time,Mass,Radius,Lx
23.0,5.4008044830316075,5.59,
23.100002009282885,5.393006682224399,5.545557433822946,
23.20000401856577,5.385451526041956,5.502025520301691,
23.300006027848656,5.378128896804464,5.459378640958377,
23.400008037131542,5.3710291861922945,5.417591967912594,
23.500010046414427,5.364143266292571,5.376641445692201,
23.600012055697313,5.357462462398186,5.336503772340642,
23.7000140649802,5.350978527454713,5.29715638001518,
23.800016074263084,5.344683618055781,5.258577415244036,
23.90001808354597,5.3385702718925785,5.2207457189869455,
24.000020092828855,5.332631386568203,5.183640806622899,
24.10002210211174,5.326860199692492,5.147242847970645,
24.200024111394626,5.321250270177768,5.1115326474314156,
24.30002612067751,5.315795460660552,5.076491624329167,
24.400028129960397,5.3104899209787275,5.042101793511415,
24.500030139243282,5.305328072637907,5.008345746262723,
24.600032148526168,5.300304594204779,4.975206631573571,
24.700034157809053,5.295414407569084,4.942668137799007,
24.80003616709194,5.290652665019498,4.9107144747344105,
24.900038176374824,5.286014737082163,4.879330356129378,
25.00004018565771,5.281496201073858,4.848500982655382,
25.100042194940595,5.277092830324866,4.818212025338335,
25.20004420422348,5.27280058402949,4.788449609462994,
25.300046213506366,5.268615597684861,4.759200298952963,
25.400048222789252,5.264534174081263,4.7304510812269145,
25.500050232072137,5.260552774809536,4.702189352529409,
25.600052241355023,5.25666801225341,4.674402903732407,
25.70005425063791,5.252876642036656,4.647079906601998,
25.800056259920794,5.249175555896954,4.620208900523309,
25.90005826920368,5.245561774960161,4.593778779675429,
26.000060278486565,5.242032443390404,4.56777878064719,
26.10006228776945,5.238584822393008,4.542198470483948,
26.200064297052336,5.2352162845487555,4.517027735154754,
26.30006630633522,5.231924308459387,4.4922567684291055,
26.400068315618107,5.22870647368553,4.467876061151831,
26.500070324900992,5.225560455959466,4.443876390904711,
26.600072334183878,5.222484022656297,4.42024881204318,
26.700074343466763,5.219475028508086,4.396984646096406,
26.80007635274965,5.216531411546582,4.374075472519097,
26.900078362032534,5.213651189261032,4.351513119783496,
27.00008037131542,5.210832454958431,4.329289656800016,
27.100082380598305,5.208073374314402,4.3073973846553155,
27.20008438988119,5.2053721821036065,4.285828828656606,
27.300086399164076,5.202727179099303,4.264576730671443,
27.400088408446962,5.2001367291323195,4.2436340417522125,
27.500090417729847,5.197599256300318,4.222993915035058,
27.600092427012733,5.195113242318784,4.202649698903048,
27.70009443629562,5.1926772240057195,4.1825949304038295,
27.800096445578504,5.19028979089251,4.162823328912154,
27.90009845486139,5.187949582953885,4.1433287900280975,
28.000100464144275,5.1856552884503495,4.124105379701961,
28.10010247342716,5.18340564187684,4.105147328577226,
28.200104482710046,5.181199422011759,4.086449026543155,
28.30010649199293,5.179035450060882,4.068005017488995,
28.400108501275817,5.176912587890964,4.049809994251936,
28.500110510558702,5.174829736348193,4.0318587937513435,
28.600112519841588,5.172785833656902,4.014146392302022,
28.700114529124473,5.170779853894249,3.9966679010994612,
28.80011653840736,5.168810805536814,3.979418561870462,
28.900118547690244,5.166877730075293,3.962393742682562,
29.00012055697313,5.1649797006937135,3.9455889339061367,
29.100122566256015,5.163115821009779,3.9289997443231677,
29.2001245755389,5.1612852238731595,3.912621897376913,
29.300126584821786,5.15948707021873,3.8964512275569976,
29.40012859410467,5.157720547971918,3.8804836769146283,
29.500130603387557,5.155984871003496,3.8647152917028,
29.600132612670443,5.154279278131299,3.8491422191366835,
29.700134621953328,5.152603032166485,3.8337607042694213,
29.800136631236214,5.1509554190021,3.818567086978914,
29.9001386405191,5.149335746741828,3.8035577990611893,
30.000140649801985,5.147743344866917,3.788729361426316,
30.10014265908487,5.146177563439401,3.7740783813927705,
30.200144668367756,5.1446377723398165,3.7596015500765425,
30.30014667765064,5.1431233605377455,3.745295639871283,
30.400148686933527,5.141633735393557,3.73115750201594,
30.500150696216412,5.1401683219898615,3.7171840642465983,
30.600152705499298,5.1387265624912315,3.7033723285292326,
30.700154714782183,5.137307915530841,3.6897193688702785,
30.80015672406507,5.135911855622744,3.6762223292021172,
30.900158733347954,5.1345378725985675,3.662878421340519,
31.00016074263084,5.133185471067477,3.6496849230113875,
31.100162751913725,5.131854169898324,3.6366391759441754,
31.20016476119661,5.130543501722941,3.623738584029403,
31.300166770479496,5.129253012459594,3.6109806115379337,
31.40016877976238,5.127982260855686,3.598362781399658,
31.500170789045267,5.126730818048805,3.5858826735393388,
31.600172798328153,5.1254982671452956,3.5735379232675384,
31.700174807611038,5.124284202815555,3.561326219724566,
31.800176816893924,5.123088230905295,3.5492453043754226,
31.90017882617681,5.121909968062065,3.537292969553971,
32.000180835459695,5.120749041376341,3.525467057054414,
32.100182844742584,5.119605088036546,3.5137654567684176,
32.20018485402547,5.118477754997384,3.502186105366186,
32.30018686330836,5.117366698660893,3.4907269850198532,
32.40018887259125,5.116271584569681,3.4793861221677536,
32.50019088187414,5.115192087111796,3.4681615863179855,
32.60019289115703,5.114127889236743,3.457051488889892,
32.70019490043992,5.113078682182154,3.4460539820921614,
32.80019690972281,5.1120441652106745,3.435167257836124,
32.900198919005696,5.1110240453566105,3.42438954668309,
33.000200928288585,5.1100180371819395,3.413719116824459,
33.100202937571474,5.109025862541283,3.403154273093469,
33.20020494685436,5.108047250355469,3.392693356007486,
33.30020695613725,5.107081936393325,3.382334740839718,
33.40020896542014,5.106129663061358,3.372076836719364,
33.50021097470303,5.105190179201003,3.361918085759178,
33.60021298398592,5.104263239893121,3.351856962209546,
33.70021499326881,5.10334860626946,3.341891971638108,
33.8002170025517,5.102446045330786,3.332021650134054,
33.90021901183459,5.101555329771421,3.322244563536269,
34.000221021117476,5.100676237809933,3.3125593066845145,
34.100223030400365,5.099808553025721,3.3029645026928414,
34.200225039683254,5.098952064201274,3.2934588022444884,
34.30022704896614,5.09810656516987,3.284040882907537,
34.40022905824903,5.097271854668497,3.2747094484706425,
34.50023106753192,5.096447736195812,3.265463228298172,
34.60023307681481,5.095634017874912,3.2563009767040416,
34.7002350860977,5.09483051232075,3.2472214723437163,
34.80023709538059,5.094037036512019,3.2382235176237333,
34.90023910466348,5.093253411667312,3.2293059381281353,
35.000241113946366,5.092479463125412,3.220467582061315,
35.100243123229255,5.0917150202295565,3.2117073197067256,
35.200245132512144,5.090959916215509,3.203024042900895,
35.30024714179503,5.090213988103308,3.1944166645223087,
35.40024915107792,5.089477076592554,3.1858841179946222,
35.50025116036081,5.0887490259610955,3.177425356803794,
35.6002531696437,5.088029683966993,3.1690393540286497,
35.70025517892659,5.087318901753641,3.1607251018844886,
35.80025718820948,5.086616533757926,3.1524816112792573,
35.90025919749237,5.085922437621313,3.144307911381972,
36.00026120677526,5.085236474103754,3.1362030492029467,
36.100263216058146,5.084558507000317,3.128166089185464,
36.200265225341035,5.0838884030604286,3.120196112808525,
36.300267234623924,5.083226031909651,3.112292218200386,
36.40026924390681,5.082571265973885,3.104453519762447,
36.5002712531897,5.081923980405935,3.0966791478033,
36.60027326247259,5.08128405301432,3.0889682481824607,
36.70027527175548,5.080651364194291,3.0813199819636714,
36.80027728103837,5.08002579686094,3.0737335250773192,
36.90027929032126,5.079407236384354,3.06620806799182,
37.00028129960415,5.078795570526726,3.0587428153935843,
37.100283308887036,5.078190689381365,3.0513369858753636,
37.200285318169925,5.077592485313536,3.0439898116327884,
37.300287327452814,5.0770008529030655,3.0367005381686765,
37.4002893367357,5.076415688888654,3.0294684240050818,
37.50029134601859,5.075836892113834,3.022292740402675,
37.60029335530148,5.07526436347453,3.0151727710873937,
37.70029536458437,5.074698005868146,3.0081078119840363,
37.80029737386726,5.074137724144142,3.0010971709566228,
37.90029938315015,5.073583425056056,2.99414016755535,
38.00030139243304,5.073035017214904,2.9872361327699464,
38.10030340171593,5.07249241104393,2.9803844087892086,
38.200305410998816,5.07195551873465,2.9735843487665297,
38.300307420281705,5.071424254204158,2.966835316591353,
38.400309429564594,5.070898533053639,2.9601366866662233,
38.50031143884748,5.070378272528064,2.9534878436893868,
38.60031344813037,5.069863391477015,2.9468881824427564,
38.70031545741326,5.069353810316616,2.9403371075850595,
38.80031746669615,5.068849450992526,2.9338340334500805,
38.90031947597904,5.068350236943961,2.927378383849759,
39.00032148526193,5.067856093068715,2.920969591882125,
39.10032349454482,5.067366945689149,2.914607099743842,
39.200325503827706,5.066882722519108,2.908290358547266,
39.300327513110595,5.0664033526317525,2.9020188281419,
39.400329522393484,5.065928766428258,2.895791976940099,
39.50033153167637,5.065458895607375,2.88960928174697,
39.60033354095926,5.064993673135801,2.883470227594223,
39.70033555024215,5.064533033219353,2.8773743075780116,
39.80033755952504,5.064076911274924,2.871321022700581,
39.90033956880793,5.063625243903168,2.8653098817155866,
40.00034157809082,5.063177968861931,2.8593404009770826,
40.10034358737371,5.062735025040372,2.8534121042919676,
40.2003455966566,5.062296352433778,2.8475245227758967,
40.300347605939486,5.061861892119028,2.8416771947124966,
40.400349615222375,5.061431586230708,2.8358696654157924,
40.500351624505264,5.06100537793785,2.830101487095866,
40.60035363378815,5.060583211421263,2.824372218727484,
40.70035564307104,5.060165031851467,2.818681425921805,
40.80035765235393,5.059750785367179,2.8130286808009197,
40.90035966163682,5.05934041905436,2.8074135618752605,
41.00036167091971,5.058933880925797,2.80183565392377,
41.1003636802026,5.058531119901202,2.7962945478767702,
41.20036568948549,5.058132085787815,2.7907898407013727,
41.300367698768376,5.0577367292614985,2.785321135289556,
41.400369708051265,5.057345001848309,2.779888040348614,
41.500371717334154,5.056956855906525,2.774490170294091,
41.60037372661704,5.0565722446091295,2.769127145145058,
41.70037573589993,5.056191121926724,2.7637985904216658,
41.80037774518282,5.055813442610867,2.7585041370449686,
41.90037975446571,5.055439162177823,2.7532434212389045,
42.0003817637486,5.055068236892713,2.74801608443441,
42.10038377303149,5.05470062375405,2.7428217731756206,
42.20038578231438,5.054336280478653,2.7376601390280673,
42.30038779159727,5.053975165486929,2.7325308384888656,
42.400389800880156,5.05361723788851,2.7274335328988073,
42.500391810163045,5.053262457468233,2.722367888356346,
42.600393819445934,5.052910784672467,2.717333575633407,
42.70039582872882,5.052562180595754,2.7123302700929477,
42.80039783801171,5.05221660696778,2.7073576516083024,
42.9003998472946,5.051874026140646,2.70241540448419,
43.00040185657749,5.051534401076451,2.6975032173793982,
43.10040386586038,5.05119769533516,2.6926207832310736,
43.20040587514327,5.050863873062757,2.687767799180565,
43.30040788442616,5.05053289897968,2.6829439665008503,
43.400409893709046,5.050204738369523,2.6781489905254183,
43.500411902991935,5.049879357068001,2.6733825805786227,
43.600413912274824,5.049556721452172,2.6686444499075144,
43.70041592155771,5.049236798429904,2.6639343156149824,
43.8004179308406,5.048919555429591,2.6592518985943454,
43.90041994012349,5.0486049603900955,2.6545969234651956,
44.00042194940638,5.04829298175093,2.649969118510609,
44.10042395868927,5.047983588442656,2.645368215615557,
44.20042596797216,5.047676749877501,2.640793950206621,
44.30042797725505,5.04737243594019,2.636246061192856,
44.40042998653794,5.047070616978983,2.6317242909078717,
44.500431995820826,5.046771263796912,2.6272283850530638,
44.600434005103715,5.046474347643214,2.622758092641962,
44.700436014386604,5.046179840204956,2.6183131659456764,
44.80043802366949,5.045887713598846,2.613893360439425,
44.90044003295238,5.045597940363227,2.6094984347501384,
45.00044204223527,5.0453104934502395,2.605128150605008,
45.10044405151816,5.045025346218167,2.600782272781147,
45.20044606080105,5.044742472423943,2.596460569056161,
45.30044807008394,5.04446184621582,2.5921628101596577,
45.40045007936683,5.044183442126206,2.5878887697257977,
45.500452088649716,5.043907235064646,2.5836382242466334,
45.600454097932605,5.043633200310961,2.5794109530264273,
45.700456107215494,5.0433613135085364,2.5752067381368002,
45.80045811649838,5.043091550657749,2.571025364372797,
45.90046012578127,5.042823888109538,2.56686661920968,
46.00046213506416,5.042558302559114,2.562730292760671,
46.10046414434705,5.042294771039798,2.558616177735379,
46.20046615362994,5.042033270916995,2.554524069399087,
46.30046816291283,5.041773779882288,2.550453765532744,
46.40047017219572,5.041516275947669,2.546405066393791,
46.50047218147861,5.041260737439876,2.542377774677602,
46.600474190761496,5.041007142994857,2.5383716954797415,
46.700476200044385,5.040755471552351,2.5343866362588714,
46.800478209327274,5.040505702350573,2.5304224068003762,
46.90048021861016,5.040257814921016,2.526478819180596,
47.00048222789305,5.040011789083362,2.522555687731802,
47.10048423717594,5.039767604940487,2.518652829007752,
47.20048624645883,5.039525242873581,2.5147700617498727,
47.30048825574172,5.0392846835373595,2.510907206854124,
47.40049026502461,5.0390459078553755,2.5070640873383745,
47.5004922743075,5.038808897015426,2.5032405283104193,
47.600494283590386,5.038573632465052,2.499436356936587,
47.700496292873275,5.03834009590713,2.495651402410865,
47.800498302156164,5.038108269295549,2.4918854959246204,
47.90050031143905,5.037878134830976,2.4881384706368124,
48.00050232072194,5.037649674956708,2.484410161644794,
48.10050433000483,5.0374228723546075,2.480700405955618,
48.20050633928772,5.0371977099411085,2.4770090424577837,
48.30050834857061,5.036974170863316,2.4733359118935816,
48.4005103578535,5.036752238495174,2.4696808568318556,
48.50051236713639,5.036531896433708,2.4660437216412756,
48.60051437641928,5.036313128495348,2.4624243524640774,
48.700516385702166,5.036095918712317,2.4588225971902187,
48.800518394985055,5.0358802513290915,2.455238305432048,
48.900520404267944,5.035666110798932,2.4516713284993714,
49.00052241355083,5.035453481780479,2.4481215193749306,
49.10052442283372,5.035242349134419,2.4445887326903843,
49.20052643211661,5.035032697920209,2.4410728247026037,
49.3005284413995,5.0348245133928655,2.4375736532704533,
49.40053045068239,5.034617780999819,2.4340910778319205,
49.50053245996528,5.034412486377823,2.4306249593816287,
49.60053446924817,5.0342086153499235,2.4271751604487806,
49.700536478531056,5.03400615392249,2.423741545075442,
49.800538487813945,5.033805088282296,2.420323978795199,
49.900540497096834,5.033605404793661,2.4169223286121477,
50.00054250637972,5.03340708999564,2.4135364629802716,
50.10054451566261,5.03321013059927,2.4101662517831732,
50.2005465249455,5.033014513484867,2.4068115663140883,
50.30054853422839,5.032820225699375,2.403472279256307,
50.40055054351128,5.032627254453759,2.400148264663841,
50.50055255279417,5.032435587120452,2.396839397942463,
50.60055456207706,5.032245211230846,2.3935455558310457,
50.70055657135995,5.032056114472828,2.3902666163831983,
50.800558580642836,5.031868284688371,2.3870024589492433,
50.900560589925725,5.03168170987115,2.3837529641583997,
51.000562599208614,5.031496378164224,2.3805180139013755,
51.1005646084915,5.031312277857741,2.377297491313116,
51.20056661777439,5.031129397386697,2.3740912807559367,
51.30056862705728,5.030947725328732,2.370899267802905,
51.40057063634017,5.0307672504019605,2.3677213392214016,
51.50057264562306,5.030587961462853,2.364557382957096,
51.60057465490595,5.030409847504142,2.3614072881180466,
51.70057666418884,5.030232897652774,2.3582709449591133,
51.800578673471726,5.030057101167897,2.3551482448666414,
51.900580682754615,5.029882447438882,2.352039080343329,
52.000582692037504,5.029708925983378,2.3489433449933665,
52.10058470132039,5.0295365264454075,2.3458609335078187,
52.20058671060328,5.029365238593488,2.342791741650217,
52.30058871988617,5.029195052318796,2.3397356662424134,
52.40059072916906,5.02902595763335,2.336692605150584,
52.50059273845195,5.028857944668239,2.3336624572715188,
52.60059474773484,5.028691003671873,2.3306451225191083,
52.70059675701773,5.028525125008268,2.327640501811037,
52.80059876630062,5.028360299155359,2.324648497055665,
52.900600775583506,5.0281965167033436,2.321669011139117,
53.000602784866395,5.028033768353051,2.3187019479126114,
53.100604794149284,5.027872044914345,2.315747212179914,
53.20060680343217,5.027711337304547,2.312804709685061,
53.30060881271506,5.027551636546895,2.309874347100204,
53.40061082199795,5.027392933769018,2.306956032013656,
53.50061283128084,5.0272352202014465,2.3040496729181394,
53.60061484056373,5.027078487176142,2.3011551791992186,
53.70061684984662,5.026922726125052,2.2982724611238496,
53.80061885912951,5.026767928578698,2.295401429829184,
53.900620868412396,5.02661408616477,2.2925419973114636,
54.000622877695285,5.026461190606762,2.2896940764151266,
54.100624886978174,5.026309233722619,2.286857580822055,
54.20062689626106,5.026158207423415,2.284032425040995,
54.30062890554395,5.026008103712045,2.281218524397169,
54.40063091482684,5.025858914681944,2.278415795021921,
54.50063292410973,5.0257106325158265,2.2756241538426902,
54.60063493339262,5.025563249484445,2.27284351857295,
54.70063694267551,5.0254167579453695,2.2700738077024383,
54.8006389519584,5.025271150341791,2.2673149404874517,
54.90064096124129,5.025126419201337,2.2645668369413174,
55.000642970524176,5.024982557134916,2.261829417824987,
55.100644979807065,5.024839556835569,2.2591026046377447,
55.200646989089954,5.024697411077352,2.2563863196081013,
55.30064899837284,5.02455611271423,2.2536804856847934,
55.40065100765573,5.024415654678987,2.250985026527875,
55.50065301693862,5.024276029982159,2.2482998665000395,
55.60065502622151,5.0241372317109825,2.2456249306579146,
55.7006570355044,5.023999253028356,2.242960144743636,
55.80065904478729,5.023862087171826,2.2403054351764218,
55.90066105407018,5.023725727452578,2.2376607290443413,
56.000663063353066,5.023590167254458,2.2350259540961623,
56.100665072635955,5.023455400032995,2.232401038733323,
56.200667081918844,5.023321419314451,2.2297859120020087,
56.30066909120173,5.023188218694875,2.2271805035853562,
56.40067110048462,5.023055791839184,2.2245847437957673,
56.50067310976751,5.022924132480248,2.2219985635672965,
56.6006751190504,5.022793234417995,2.2194218944481845,
56.70067712833329,5.02266309151853,2.216854668593469,
56.80067913761618,5.022533697713263,2.2142968187577026,
56.90068114689907,5.022405046998059,2.2117482782878013,
57.00068315618196,5.02227713343239,2.209208981115923,
57.100685165464846,5.022149951138514,2.2066788617525144,
57.200687174747735,5.022023494300653,2.2041578552793974,
57.300689184030624,5.02189775716419,2.201645897342977,
57.40069119331351,5.021772734034885,2.199142924147573,
57.5006932025964,5.021648419278088,2.1966488724487543,
57.60069521187929,5.021524807317978,2.194163679546864,
57.70069722116218,5.021401892636806,2.1916872832805323,
57.80069923044507,5.0212796697741515,2.189219622020356,
57.90070123972796,5.021158133326191,2.1867606346626385,
58.00070324901085,5.021037277944975,2.184310260623164,
58.100705258293736,5.020917098337724,2.1818684398311543,
58.200707267576625,5.020797589266121,2.1794351127232194,
58.300709276859514,5.02067874554563,2.177010220237386,
58.4007112861424,5.020560562044812,2.17459370380728,
58.50071329542529,5.0204430336846615,2.17218550535631,
58.60071530470818,5.020326155437944,2.169785567291953,
58.70071731399107,5.020209922328553,2.16739383250015,
58.80071932327396,5.020094329430864,2.165010244339688,
58.90072133255685,5.019979371869114,2.162634746636747,
59.00072334183974,5.019865044816775,2.1602672836794548,
59.10072535112263,5.019751343495947,2.1579078002125422,
59.200727360405516,5.019638263176753,2.1555562414320617,
59.300729369688405,5.01952579917675,2.1532125529801416,
59.400731378971294,5.019413946860344,2.150876680939856,
59.50073338825418,5.019302701638212,2.1485485718301396,
59.60073539753707,5.0191920589667385,2.1462281726007477,
59.70073740681996,5.019082014347455,2.143915430627319,
59.80073941610285,5.018972563326488,2.1416102937064356,
59.90074142538574,5.01886370149402,2.1393127100508025,
60.00074343466863,5.018755424483751,2.1370226282845035,
60.10074544395152,5.018647727972375,2.134739997438253,
60.200747453234406,5.018540607679058,2.1324647669446914,
60.300749462517295,5.0184340593649255,2.1301968866338448,
60.400751471800184,5.018328078832562,2.1279363067285706,
60.50075348108307,5.01822266192551,2.125682977840014,
60.60075549036596,5.01811780452778,2.1234368509632175,
60.70075749964885,5.0180135025633685,2.1211978774726994,
60.80075950893174,5.017909751995783,2.1189660091181626,
60.90076151821463,5.01780654882757,2.116741198020168,
61.00076352749752,5.017703889099853,2.1145233966659456,
61.10076553678041,5.017601768891876,2.1123125579051694,
61.2007675460633,5.017500184320554,2.1101086349458376,
61.300769555346186,5.017399131540028,2.107911581350233,
61.400771564629075,5.017298606741232,2.105721351030838,
61.500773573911964,5.017198606151456,2.1035378982463553,
61.60077558319485,5.0170991260339255,2.1013611775977936,
61.70077759247774,5.01700016268738,2.0991911440245365,
61.80077960176063,5.0169017124456605,2.0970277528004955,
61.90078161104352,5.016803771677299,2.094870959530299,
62.00078362032641,5.0167063367851235,2.092720720145576,
62.1007856296093,5.0166094042058536,2.090576990901164,
62.20078763889219,5.016512970409716,2.0884397283714846,
62.300789648175076,5.016417031900054,2.0863088894468516,
62.400791657457965,5.016321585212951,2.0841844313299074,
62.500793666740854,5.016226626916853,2.082066311532068,
62.60079567602374,5.016132153612201,2.0799544878699545,
62.70079768530663,5.016038161931064,2.0778489184619815,
62.80079969458952,5.015944648536782,2.0757495617248765,
62.90080170387241,5.015851610123607,2.0736563763702662,
63.0008037131553,5.015759043416357,2.0715693214012907,
63.10080572243819,5.015666945170068,2.069488356109341,
63.20080773172108,5.015575312169655,2.0674134400706765,
63.30080974100397,5.0154841412295745,2.065344533143226,
63.400811750286856,5.0153934291934945,2.0632815954633053,
63.500813759569745,5.015303172933966,2.0612245874424655,
63.600815768852634,5.015213369352101,2.0591734697642963,
63.70081777813552,5.015124015377255,2.057128203381346,
63.80081978741841,5.01503510796671,2.0550887495119343,
63.9008217967013,5.014946644105369,2.053055069637187,
64.00082380598418,5.014858620805446,2.0510271254979426,
64.10082581526707,5.014771035106168,2.0490048790917643,
64.20082782454996,5.014683884073473,2.0469882926699268,
64.30082983383285,5.014597164799719,2.044977328734526,
64.40083184311574,5.0145108744033955,2.042971950035548,
64.50083385239863,5.014425010028835,2.0409721195679658,
64.60083586168152,5.01433956884593,2.03897780056887,
64.7008378709644,5.014254548049856,2.036988956514633,
64.8008398802473,5.014169944860798,2.03500555111815,
64.90084188953018,5.014085756523676,2.033027548326011,
65.00084389881307,5.014001980307879,2.0310549123157546,
65.10084590809596,5.013918613506999,2.029087607493151,
65.20084791737885,5.013835653438575,2.0271255984894925,
65.30084992666174,5.013753097443827,2.0251688501588916,
65.40085193594463,5.01367094288741,2.023217327575666,
65.50085394522752,5.01358918715716,2.0212709960316593,
65.60085595451041,5.013507827663844,2.019329821033682,
65.7008579637933,5.0134268618409195,2.017393768300873,
65.80085997307619,5.013346287144292,2.0154628037621882,
65.90086198235907,5.013266101052074,2.0135368935537983,
66.00086399164196,5.013186301064355,2.0116160040166244,
66.10086600092485,5.013106884702965,2.009700101693806,
66.20086801020774,5.013027849511246,2.007789153328216,
66.30087001949063,5.01294919305383,2.005883125860022,
66.40087202877352,5.012870912916407,2.0039819864242086,
66.50087403805641,5.012793006705514,2.002085702348207,
66.6008760473393,5.012715472048312,2.0001942411494738,
66.70087805662219,5.01263830659237,1.998307570533067,
66.80088006590508,5.012561508005458,1.99642565838934,
66.90088207518797,5.012485073975331,1.994548472791532,
67.00088408447085,5.012409002209526,1.9926759819934965,
67.10088609375374,5.012333290435158,1.9908081544273484,
67.20088810303663,5.012257936398716,1.9889449587011905,
67.30089011231952,5.012182937865864,1.9870863635967726,
67.40089212160241,5.012108292621247,1.9852323380673016,
67.5008941308853,5.012033998468293,1.9833828512351617,
67.60089614016819,5.011960053229022,1.9815378723896373,
67.70089814945108,5.01188645474386,1.9796973709847394,
67.80090015873397,5.011813200871447,1.977861316636991,
67.90090216801686,5.011740289488453,1.9760296791231904,
68.00090417729974,5.011667718489401,1.9742024283783055,
68.10090618658263,5.011595485786478,1.9723795344931963,
68.20090819586552,5.011523589309364,1.970560967712575,
68.30091020514841,5.011452027005053,1.9687466984327768,
68.4009122144313,5.011380796837678,1.966936697199659,
68.50091422371419,5.011309896788342,1.9651309347064603,
68.60091623299708,5.01123932485495,1.9633293817917317,
68.70091824227997,5.011169079052037,1.9615320094371993,
68.80092025156286,5.011099157410605,1.9597387887656794,
68.90092226084575,5.011029557977961,1.9579496910389933,
69.00092427012864,5.010960278817554,1.9561646876559113,
69.10092627941152,5.010891318008815,1.9543837501500991,
69.20092828869441,5.0108226736470005,1.9526068501880034,
69.3009302979773,5.010754343843039,1.9508339595668962,
69.40093230726019,5.0106863267233726,1.9490650502127478,
69.50093431654308,5.010618620429811,1.9473000941782823,
69.60093632582597,5.010551223119376,1.9455390636408834,
69.70093833510886,5.010484132964158,1.943781930900617,
69.80094034439175,5.010417348151166,1.9420286683781918,
69.90094235367464,5.0103508668821854,1.9402792486129723,
70.00094436295753,5.010284687373634,1.9385336442609762,
70.10094637224041,5.010218807856422,1.9367918280928975,
70.2009483815233,5.010153226575811,1.9350537729920958,
70.3009503908062,5.010087941791279,1.9333194519526118,
70.40095240008908,5.010022951776381,1.9315888380771908,
70.50095440937197,5.009958254818614,1.9298619045752912,
70.60095641865486,5.009893849219291,1.9281386247611452,
70.70095842793775,5.0098297332934,1.9264189720517118,
70.80096043722064,5.009765905369481,1.9247029199648005,
70.90096244650353,5.009702363789498,1.922990442117062,
71.00096445578642,5.009639106908706,1.9212815122219666,
71.1009664650693,5.009576133095533,1.9195761040879233,
71.2009684743522,5.009513440731453,1.9178741916162771,
71.30097048363508,5.009451028210865,1.9161757487993283,
71.40097249291797,5.00938889394097,1.9144807497183656,
71.50097450220086,5.009327036341654,1.9127891685417517,
71.60097651148375,5.009265453845369,1.9111009795228546,
71.70097852076664,5.009204144897018,1.9094161569981731,
71.80098053004953,5.009143107953839,1.9077346753853304,
71.90098253933242,5.009082341485288,1.9060565091810762,
72.0009845486153,5.009021843972934,1.90438163295932,
72.1009865578982,5.00896161391034,1.9027100213691492,
72.20098856718108,5.008901649802957,1.9010416491328308,
72.30099057646397,5.0088419501680175,1.8993764910438466,
72.40099258574686,5.008782513534424,1.8977145219648621,
72.50099459502975,5.008723338442646,1.8960557168257548,
72.60099660431264,5.008664423444615,1.8944000506215755,
72.70099861359553,5.008605767103619,1.8927474984105424,
72.80100062287842,5.008547367994203,1.8910980353120186,
72.90100263216131,5.008489224702066,1.8894516365044494,
73.0010046414442,5.008431335823961,1.887808277223378,
73.10100665072709,5.008373699967599,1.8861679327593244,
73.20100866000998,5.008316315751548,1.8845305784557915,
73.30101066929286,5.00825918180514,1.882896189707158,
73.40101267857575,5.0082022967683715,1.8812647419566,
73.50101468785864,5.008145659291814,1.8796362106939715,
73.60101669714153,5.008089268036518,1.8780105714537636,
73.70101870642442,5.008033121673924,1.8763877998129233,
73.80102071570731,5.007977218885765,1.874767871388726,
73.9010227249902,5.007921558363986,1.8731507618366514,
74.00102473427309,5.007866138810648,1.8715364468482207,
74.10102674355598,5.007810958937846,1.8699249021488058,
74.20102875283887,5.0077560174676155,1.8683161034954234,
74.30103076212175,5.007701313131854,1.866710026674531,
74.40103277140464,5.007646844672232,1.8651066474998248,
74.50103478068753,5.007592610840111,1.8635059418099187,
74.60103678997042,5.00753861039646,1.8619078854661464,
74.70103879925331,5.007484842111775,1.8603124543502203,
74.8010408085362,5.007431304765997,1.8587196243619364,
74.90104281781909,5.007377997148435,1.8571293714168848,
75.00104482710198,5.007324918057684,1.855541671444006,
75.10104683638487,5.007272066301549,1.8539565003832743,
75.20104884566776,5.007219440696967,1.852373834183253,
75.30105085495065,5.007167040069933,1.8507936487986745,
75.40105286423353,5.007114863255424,1.849215920188017,
75.50105487351642,5.007062909097324,1.847640624310951,
75.60105688279931,5.0070111764483505,1.846067737125832,
75.7010588920822,5.006959664169984,1.8444972345871906,
75.80106090136509,5.006908371132396,1.8429290926431392,
75.90106291064798,5.006857296214378,1.841363287232746,
76.00106491993087,5.00680643830327,1.8397997942834032,
76.10106692921376,5.006755796294897,1.838238589708134,
76.20106893849665,5.006705369093493,1.836679649402865,
76.30107094777954,5.00665515561164,1.8351229492436898,
76.40107295706242,5.006605154770201,1.833568465084067,
76.50107496634531,5.006555365498249,1.8320161727519815,
76.6010769756282,5.006505786733012,1.8304660480471204,
76.70107898491109,5.006456417419798,1.828918066737845,
76.80108099419398,5.006407256511942,1.8273722045583378,
76.90108300347687,5.0063583029707335,1.8258284372054892,
77.00108501275976,5.006309555765365,1.8242867403359557,
77.10108702204265,5.006261013872865,1.8227470895629572,
77.20108903132554,5.006212676278039,1.8212094604531592,
77.30109104060843,5.00616454197341,1.8196738285234524,
77.40109304989132,5.006116609959164,1.8181401692376815,
77.5010950591742,5.0060688792430845,1.8166084580033222,
77.6010970684571,5.006021348840504,1.8150786701681008,
77.70109907773998,5.005974017774241,1.8135507810165605,
77.80110108702287,5.00592688507455,1.8120247657665678,
77.90110309630576,5.005879949779063,1.8105005995656756,
78.00110510558865,5.005833210932734,1.8089782574875353,
78.10110711487154,5.005786667587794,1.8074577145282162,
78.20110912415443,5.005740318803687,1.8059389456023753,
78.30111113343732,5.005694163647028,1.8044219255394116,
78.4011131427202,5.005648201191545,1.8029066290795523,
78.5011151520031,5.005602430518034,1.8013930308698334,
78.60111716128598,5.005556850714306,1.799881105460006,
78.70111917056887,5.005511460875137,1.7983708272983896,
78.80112117985176,5.005466260102225,1.7968621707275316,
78.90112318913465,5.005421247504136,1.795355109979921,
79.00112519841754,5.005376422196262,1.793849619173503,
79.10112720770043,5.00533178330077,1.7923456723070972,
79.20112921698332,5.005287329946563,1.7908432432558417,
79.30113122626621,5.005243061269229,1.7893423057663616,
79.4011332355491,5.005198976411002,1.7878428334519234,
79.50113524483199,5.005155074520713,1.7863447997874262,
79.60113725411487,5.005111354753754,1.7848481781043681,
79.70113926339776,5.005067816272029,1.783352941585616,
79.80114127268065,5.005024458243918,1.781859063260022,
79.90114328196354,5.004981279844235,1.78036651599704,
80.00114529124643,5.004938280254184,1.778875272501005,
80.10114730052932,5.004895458661328,1.7773853053055197,
80.20114930981221,5.004852814259542,1.775896586767525,
80.3011513190951,5.00481034624898,1.774409089061197,
80.40115332837799,5.004768053836035,1.7729227841718487,
80.50115533766088,5.004725936233305,1.7714376438895552,
80.60115734694376,5.004683992659556,1.7699536398026519,
80.70115935622665,5.0046422223396885,1.7684707432910363,
80.80116136550954,5.004600624504699,1.7669889255192972,
80.90116337479243,5.004559198391648,1.7655081574296652,
81.00116538407532,5.0045179432436315,1.764028409734777,
81.10116739335821,5.00447685830974,1.7625496529102156,
81.2011694026411,5.004435942845036,1.761071857186944,
81.30117141192399,5.004395196110515,1.7595949925433099,
81.40117342120688,5.004354617373083,1.7581190286970845,
81.50117543048977,5.004314205905519,1.7566439350970542,
81.60117743977266,5.0042739609864535,1.7551696809144717,
81.70117944905554,5.004233881900335,1.7536962350342933,
81.80118145833843,5.004193967937407,1.7522235660460663,
81.90118346762132,5.004154218393676,1.7507516422345821,
82.00118547690421,5.004114632570894,1.7492804315702841,
82.1011874861871,5.004075209776524,1.747809901699323,
82.20118949546999,5.004035949323724,1.7463400199333112,
82.30119150475288,5.003996850531316,1.7448707532388625,
82.40119351403577,5.003957912723771,1.7434020682266071,
82.50119552331866,5.00391913523118,1.7419339311400646,
82.60119753260155,5.003880517389238,1.7404663078440608,
82.70119954188444,5.003842058539221,1.738999163812744,
82.80120155116732,5.003803758027968,1.7375324641172445,
82.90120356045021,5.00376561520786,1.7360661734129632,
83.0012055697331,5.003727629436806,1.734600255926408,
83.10120757901599,5.003689800078223,1.7331346754415533,
83.20120958829888,5.00365212650102,1.7316693952858082,
83.30121159758177,5.0036146080795865,1.7302043783154701,
83.40121360686466,5.0035772441937745,1.728739586900675,
83.50121561614755,5.003540034228886,1.7272749829097547,
83.60121762543044,5.00350297757566,1.7258105276931799,
83.70121963471333,5.003466073630264,1.7243461820668946,
83.80122164399621,5.003429321794283,1.7228819062950154,
83.9012236532791,5.003392721474707,1.7214176600718307,
84.00122566256199,5.003356272083926,1.7199534025033472,
84.10122767184488,5.00331997303972,1.718489092087938,
84.20122968112777,5.003283823765257,1.7170246866964756,
84.30123169041066,5.003247823689081,1.7155601435514947,
84.40123369969355,5.003211972245119,1.7140954192058424,
84.50123570897644,5.003176268872667,1.7126304695201744,
84.60123771825933,5.003140713016394,1.7111652496398568,
84.70123972754222,5.003105304126342,1.7096997139709165,
84.8012417368251,5.003070041657925,1.7082338161548802,
84.901243746108,5.003034925071935,1.7067675090428143,
85.00124575539088,5.00299995383454,1.705300744668191,
85.10124776467377,5.002965127417293,1.7038334742186685,
85.20124977395666,5.002930445297139,1.7023656480068394,
85.30125178323955,5.00289590695642,1.7008972154395905,
85.40125379252244,5.0028615118828865,1.69942812498623,
85.50125580180533,5.00282725956971,1.6979583241453868,
85.60125781108822,5.002793149515491,1.6964877594103134,
85.7012598203711,5.002759181224279,1.695016376232807,
85.801261829654,5.002725354205586,1.6935441189855598,
85.90126383893688,5.0026916679744025,1.6920709309228077,
86.00126584821977,5.002658122051223,1.6905967541392228,
86.10126785750266,5.002624715962062,1.689121529526986,
86.20126986678555,5.002591449238483,1.6876451967308947,
86.30127187606844,5.00255832141762,1.6861676941014314,
86.40127388535133,5.002525332042209,1.6846889586455125,
86.50127589463422,5.002492480660618,1.6832089259752172,
86.60127790391711,5.002459766826878,1.6817275302537327,
86.7012799132,5.002427190100723,1.6802447041389919,
86.80128192248289,5.002394750047621,1.6787603787243723,
86.90128393176578,5.002362446238823,1.6772744834766016,
87.00128594104866,5.002330278251402,1.6757869461705273,
87.10128795033155,5.002298245668299,1.6742976928205913,
87.20128995961444,5.002266348078374,1.6728066476088428,
87.30129196889733,5.002234585076462,1.671313732809338,
87.40129397818022,5.0022029562634245,1.669818868708403,
87.50129598746311,5.002171461246214,1.66832197352086,
87.601297996746,5.002140099637935,1.6668229633016878,
87.70130000602889,5.002108871057914,1.665321751853062,
87.80130201531178,5.0020777751317675,1.6638182506260264,
87.90130402459467,5.0020468114914864,1.6623123686171086,
88.00130603387755,5.002015979775509,1.6608040122587409,
88.10130804316044,5.001985279628811,1.6592930853037815,
88.20131005244333,5.001954710702997,1.6577794887031845,
88.30131206172622,5.001924272656397,1.656263120476661,
88.40131407100911,5.001893965154165,1.6547438755755906,
88.501316080292,5.001863787868394,1.6532216457377766,
88.60131808957489,5.001833740478225,1.6516963193335061,
88.70132009885778,5.001803822669975,1.6501677812019666,
88.80132210814067,5.0017740341372585,1.6486359124774017,
88.90132411742356,5.001744374581132,1.6471005904045077,
89.00132612670645,5.001714843710234,1.6455616881418216,
89.10132813598933,5.00168544124094,1.6440190745522156,
89.20133014527222,5.0016561668975275,1.642472613979794,
89.30133215455511,5.001627020412346,1.6409221660114757,
89.401334163838,5.001598001526002,1.639367585222661,
89.50133617312089,5.001569109987555,1.637808720905019,
89.60133818240378,5.001540345554721,1.6362454167752474,
89.70134019168667,5.001511707994097,1.634677510663142,
89.80134220096956,5.001483197081391,1.6331048341767842,
89.90134421025245,5.001454812601671,1.6315272123431246,
90.00134621953534,5.001426554349632,1.629944463221585,
90.10134822881822,5.001398422129876,1.6283563974881836,
90.20135023810111,5.0013704157572105,1.6267628179872584,
90.301352247384,5.001342535056972,1.6251635192478169,
90.40135425666689,5.001314779865368,1.6235582869609886,
90.50135626594978,5.001287150029836,1.621946897414409,
90.60135827523267,5.001259645409444,1.6203291168797584,
90.70136028451556,5.0012322658753,1.6187047009477458,
90.80136229379845,5.0012050113110025,1.6170733938055666,
90.90136430308134,5.00117788161312,1.6154349274504922,
91.00136631236423,5.001150876691707,1.6137890208323427,
91.10136832164712,5.001123996470858,1.6121353789168418,
91.20137033093,5.001097240889302,1.6104736916610052,
91.3013723402129,5.0010706099010465,1.608803632889781,
91.40137434949578,5.001044103476069,1.6071248590625042,
91.50137635877867,5.001017721601065,1.6054370079151623,
91.60137836806156,5.000991464280261,1.6037396969632736,
91.70138037734445,5.00096533153629,1.6020325218469815,
91.80138238662734,5.000939323411145,1.6003150544979408,
91.90138439591023,5.000913439967217,1.5985868411034965,
92.00138640519312,5.000887681288424,1.5968473998403052,
92.101388414476,5.000862047481446,1.5950962183445565,
92.2013904237589,5.000836538677071,1.5933327508800392,
92.30139243304178,5.000811155031675,1.5915564151588615,
92.40139444232467,5.0007858967288525,1.5897665887612475,
92.50139645160756,5.0007607639812015,1.5879626050903728,
92.60139846089045,5.000735757032304,1.5861437487861623,
92.70140047017334,5.0007108761589185,1.5843092505069338,
92.80140247945623,5.000686121673411,1.5824582809681536,
92.90140448873912,5.0006614939264695,1.580589944105148,
93.001406498022,5.000636993310136,1.5787032691959326,
93.1014085073049,5.000612620261205,1.5767972017440788,
93.20141051658779,5.000588375265061,1.5748705928733346,
93.30141252587067,5.000564258860006,1.5729221869252927,
93.40141453515356,5.000540271642185,1.5709506068719272,
93.50141654443645,5.000516414271205,1.5689543370519008,
93.60141855371934,5.0004926874765765,1.5669317026026977,
93.70142056300223,5.000469092065148,1.5648808447790556,
93.80142257228512,5.000445628929735,1.5627996911015059,
93.90142458156801,5.000422299059195,1.5606859189417328,
94.0014265908509,5.000399103550289,1.5585369106841886,
94.10142860013379,5.000376043621746,1.5563496979428204,
94.20143060941668,5.000353120631089,1.5541208913674758,
94.30143261869956,5.000330336094963,1.5518465911930546,
94.40143462798245,5.000307691713976,1.5495222716255102,
94.50143663726534,5.000285189403396,1.547142629016414,
94.60143864654823,5.000262831331651,1.5447013788565647,
94.70144065583112,5.000240619969366,1.5421909786790922,
94.80144266511401,5.000218558152986,1.5396022407121972,
94.9014446743969,5.000196649169095,1.5369237751257767,
95.00144668367979,5.0001748968690505,1.5341411629349877,
95.10144869296268,5.0001533058296275,1.5312356774426235,
95.20145070224557,5.00013188158673,1.5281822087111099,
95.30145271152846,5.00011063099175,1.5249456796147707,
95.40145472081134,5.000089562789202,1.521474336976912,
95.50145673009423,5.0000686886341885,1.5176857238158952,
95.60145873937712,5.000048025114791,1.5134321545983662,
95.70146074866001,5.0000275986463905,1.5083891043262705,
95.8014627579429,5.0000074635526754,1.5013765137394128,
95.90146476722579,5.0,1.4953487812212205,
