Time,Mass,Radius,Lx
23.0,17.64555492954335,10.27,1.16e+30
24.0,17.623981285545117,10.224521333455922,1.16e+30
25.0,17.602701516729883,10.180941924951739,1.16e+30
26.0,17.58170006699884,10.139106248628936,1.16e+30
27.0,17.5609627811931,10.098876910596509,1.16e+30
28.0,17.540476731944956,10.060131951266857,1.16e+30
29.0,17.520230073333074,10.022762629731087,1.16e+30
30.0,17.50021191641323,9.986671590605637,1.16e+30
31.0,17.48041222273606,9.951771336940832,1.16e+30
32.0,17.460821712757465,9.917982949989506,1.16e+30
33.0,17.441431786659457,9.885235009555727,1.16e+30
34.0,17.422234455575516,9.853462678443298,1.16e+30
35.0,17.403222281588082,9.822606922024331,1.16e+30
36.0,17.38438832516115,9.792613839738557,1.16e+30
37.0,17.365726098906144,9.7634340898406,1.16e+30
38.0,17.347229526767826,9.735022392246114,1.16e+30
39.0,17.328892907869193,9.70733709711872,1.16e+30
40.0,17.310710884377944,9.680339809058657,1.16e+30
41.0,17.292678412858027,9.653995058529793,1.16e+30
42.0,17.274790738652637,9.628270013590875,1.16e+30
43.0,17.257043372913493,9.60313422615415,1.16e+30
44.0,17.239432071947935,9.578559407936345,1.16e+30
45.0,17.221952818602706,9.554519232037542,1.16e+30
46.0,17.20460180544285,9.53098915671708,1.16e+30
47.0,17.187375419517398,9.507946268458804,1.16e+30
48.0,17.170270228531674,9.485369141852212,1.16e+30
49.0,17.15328296826976,9.46323771417758,1.16e+30
50.0,17.136410531130938,9.441533172885897,1.16e+30
51.0,17.119649955661153,9.4202378544183,1.16e+30
52.0,17.10299841697538,9.39933515302407,1.16e+30
53.0,17.086453217979393,9.378809438417173,1.16e+30
54.0,17.070011781310388,9.358645981265267,1.16e+30
55.0,17.05367164192547,9.338830885635877,1.16e+30
56.0,17.037430440275013,9.319351027636332,1.16e+30
57.0,17.021285916005205,9.300193999579871,1.16e+30
58.0,17.005235902140132,9.281348059092604,1.16e+30
59.0,16.98927831969935,9.262802082647047,1.16e+30
60.0,16.973411172711426,9.244545523069126,1.16e+30
61.0,16.9576325435883,9.226568370618768,1.16e+30
62.0,16.9419405888288,9.208861117290196,1.16e+30
63.0,16.926333535023037,9.191414724018257,1.16e+30
64.0,16.910809675132114,9.174220590512137,1.16e+30
65.0,16.895367365020206,9.157270527468368,1.16e+30
66.0,16.88000502021828,9.14055673094203,1.16e+30
67.0,16.864721112900693,9.124071758678467,1.16e+30
68.0,16.849514169057695,9.107808508228695,1.16e+30
69.0,16.834382765848503,9.091760196690004,1.16e+30
70.0,16.81932552912088,9.075920341929303,1.16e+30
71.0,16.804341131084616,9.060282745161231,1.16e+30
72.0,16.789428288127233,9.044841474765608,1.16e+30
73.0,16.774585758761454,9.029590851240238,1.16e+30
74.0,16.759812341694722,9.014525433194912,1.16e+30
75.0,16.745106874012027,8.999640004301641,1.16e+30
76.0,16.7304682294639,8.984929561123943,1.16e+30
77.0,16.715895316852244,8.97038930175523,1.16e+30
78.0,16.70138707850718,8.956014615202793,1.16e+30
79.0,16.686942488848693,8.941801071459528,1.16e+30
80.0,16.672560553027324,8.927744412210723,1.16e+30
81.0,16.65824030563866,8.913840542127941,1.16e+30
82.0,16.643980809506722,8.900085520706094,1.16e+30
83.0,16.629781154531788,8.886475554603669,1.16e+30
84.0,16.61564045659849,8.8730069904494,1.16e+30
85.0,16.60155785654037,8.859676308081818,1.16e+30
86.0,16.587532519157307,8.84648011419081,1.16e+30
87.0,16.57356363228258,8.833415136332965,1.16e+30
88.0,16.559650405896495,8.820478217294665,1.16e+30
89.0,16.545792071283735,8.807666309778996,1.16e+30
90.0,16.53198788023185,8.794976471394513,1.16e+30
91.0,16.51823710426838,8.782405859925483,1.16e+30
92.0,16.50453903393443,8.76995172886495,1.16e+30
93.0,16.4908929780925,8.757611423193305,1.16e+30
94.0,16.477298263266633,8.74538237538635,1.16e+30
95.0,16.46375423301308,8.733262101638152,1.16e+30
96.0,16.45026024731969,8.72124819828491,1.16e+30
97.0,16.436815682032496,8.709338338417233,1.16e+30
98.0,16.423419928307954,8.69753026866902,1.16e+30
99.0,16.41007239208948,8.685821806172072,1.16e+30
100.0,16.396772493606907,8.674210835666246,1.16e+30
101.0,16.383519666897726,8.662695306755802,1.16e+30
102.0,16.37031335934887,8.651273231303117,1.16e+30
103.0,16.357153031258022,8.639942680951643,1.16e+30
104.0,16.344038155413433,8.628701784770515,1.16e+30
105.0,16.33096821669125,8.617548727013693,1.16e+30
106.0,16.317942711669534,8.606481744987077,1.16e+30
107.0,16.304961148258062,8.595499127017389,1.16e+30
108.0,16.292023045343164,8.584599210517077,1.16e+30
109.0,16.279127932446848,8.573780380139867,1.16e+30
110.0,16.266275349399482,8.563041066021903,1.16e+30
111.0,16.253464846025423,8.552379742103774,1.16e+30
112.0,16.240695981840926,8.54179492452903,1.16e+30
113.0,16.227968325763772,8.53128517011502,1.16e+30
114.0,16.215281455834056,8.520849074892192,1.16e+30
115.0,16.202634958945602,8.510485272708221,1.16e+30
116.0,16.190028430587525,8.500192433893554,1.16e+30
117.0,16.17746147459547,8.489969263985138,1.16e+30
118.0,16.164933702912073,8.479814502505342,1.16e+30
119.0,16.15244473535624,8.469726921793248,1.16e+30
120.0,16.13999419940086,8.459705325885619,1.16e+30
121.0,16.127581729958525,8.449748549445042,1.16e+30
122.0,16.115206969174977,8.439855456732909,1.16e+30
123.0,16.102869566229888,8.430024940624985,1.16e+30
124.0,16.09056917714467,8.420255921667458,1.16e+30
125.0,16.078305464597015,8.410547347171521,1.16e+30
126.0,16.066078097741894,8.400898190344614,1.16e+30
127.0,16.05388675203869,8.391307449456516,1.16e+30
128.0,16.04173110908427,8.3817741470387,1.16e+30
129.0,16.02961085645172,8.372297329115325,1.16e+30
130.0,16.017525687534466,8.362876064464384,1.16e+30
131.0,16.005475301395666,8.353509443907628,1.16e+30
132.0,15.993459402622536,8.344196579627896,1.16e+30
133.0,15.981477701185486,8.334936604512631,1.16e+30
134.0,15.969529912301873,8.32572867152237,1.16e+30
135.0,15.957615756304131,8.316571953083086,1.16e+30
136.0,15.94573495851218,8.307465640501283,1.16e+30
137.0,15.933887249109874,8.298408943400892,1.16e+30
138.0,15.922072363025388,8.28940108918093,1.16e+30
139.0,15.91029003981535,8.280441322493074,1.16e+30
140.0,15.898540023552608,8.271528904738231,1.16e+30
141.0,15.886822062717455,8.262663113581327,1.16e+30
142.0,15.875135910092228,8.253843242483482,1.16e+30
143.0,15.863481322659107,8.245068600250892,1.16e+30
144.0,15.851858061501026,8.23633851059964,1.16e+30
145.0,15.840265891705574,8.227652311735824,1.16e+30
146.0,15.82870458227176,8.219009355950329,1.16e+30
147.0,15.81717390601956,8.210409009227634,1.16e+30
148.0,15.805673639502134,8.201850650868117,1.16e+30
149.0,15.794203562920607,8.193333673123234,1.16e+30
150.0,15.782763460041352,8.18485748084313,1.16e+30
151.0,15.771353118115636,8.176421491136082,1.16e+30
152.0,15.759972327801608,8.168025133039421,1.16e+30
153.0,15.748620883088488,8.15966784720137,1.16e+30
154.0,15.737298581222927,8.151349085573395,1.16e+30
155.0,15.726005222637417,8.143068311112705,1.16e+30
156.0,15.714740610880732,8.134824997494421,1.16e+30
157.0,15.703504552550287,8.126618628833127,1.16e+30
158.0,15.69229685722637,8.118448699413348,1.16e+30
159.0,15.681117337408182,8.110314713428695,1.16e+30
160.0,15.669965808451614,8.102216184729292,1.16e+30
161.0,15.658842088508731,8.09415263657721,1.16e+30
162.0,15.647745998468858,8.086123601409563,1.16e+30
163.0,15.63667736190127,8.078128620609032,1.16e+30
164.0,15.625636004999393,8.070167244281473,1.16e+30
165.0,15.614621756526484,8.062239031040445,1.16e+30
166.0,15.603634447762737,8.05434354779828,1.16e+30
167.0,15.592673912453778,8.046480369563575,1.16e+30
168.0,15.58173998676049,8.038649079244784,1.16e+30
169.0,15.570832509210138,8.030849267459747,1.16e+30
170.0,15.559951320648745,8.02308053235091,1.16e+30
171.0,15.549096264194684,8.015342479406055,1.16e+30
172.0,15.538267185193455,8.007634721284324,1.16e+30
173.0,15.527463931173585,7.999956877647362,1.16e+30
174.0,15.516686351803653,7.992308574995397,1.16e+30
175.0,15.505934298850368,7.984689446508105,1.16e+30
176.0,15.495207626137704,7.977099131890046,1.16e+30
177.0,15.484506189507023,7.969537277220574,1.16e+30
178.0,15.473829846778191,7.9620035348079945,1.16e+30
179.0,15.463178457711633,7.954497563047925,1.16e+30
180.0,15.452551883971307,7.947019026285604,1.16e+30
181.0,15.44194998908857,7.939567594682103,1.16e+30
182.0,15.43137263842692,7.932142944084266,1.16e+30
183.0,15.420819699147557,7.924744755898265,1.16e+30
184.0,15.410291040175784,7.917372716966659,1.16e+30
185.0,15.399786532168175,7.910026519448802,1.16e+30
186.0,15.389306047480536,7.902705860704581,1.16e+30
187.0,15.378849460136596,7.895410443181245,1.16e+30
188.0,15.368416645797431,7.888139974303348,1.16e+30
189.0,15.35800748173159,7.880894166365637,1.16e+30
190.0,15.347621846785913,7.873672736428784,1.16e+30
191.0,15.337259621357003,7.866475406217933,1.16e+30
192.0,15.326920687363353,7.859301902023912,1.16e+30
193.0,15.316604928218108,7.852151954607033,1.16e+30
194.0,15.306312228802422,7.8450252991034475,1.16e+30
195.0,15.296042475439426,7.8379216749339164,1.16e+30
196.0,15.28579555586877,7.830840825714953,1.16e+30
197.0,15.27557135922172,7.82378249917226,1.16e+30
198.0,15.265369775996815,7.816746447056394,1.16e+30
199.0,15.255190698036053,7.80973242506057,1.16e+30
200.0,15.245034018501586,7.802740192740565,1.16e+30
201.0,15.234899631852937,7.7957695134366425,1.16e+30
202.0,15.224787433824691,7.788820154197442,1.16e+30
203.0,15.21469732140468,7.781891885705781,1.16e+30
204.0,15.204629192812622,7.774984482206287,1.16e+30
205.0,15.194582947479217,7.768097721434842,1.16e+30
206.0,15.184558486025692,7.761231384549747,1.16e+30
207.0,15.174555710243762,7.754385256064602,1.16e+30
208.0,15.164574523076029,7.7475591237827945,1.16e+30
209.0,15.154614828596767,7.7407527787336114,1.16e+30
210.0,15.14467653199313,7.733966015109868,1.16e+30
211.0,15.134759539546723,7.727198630207047,1.16e+30
212.0,15.124863758615575,7.720450424363914,1.16e+30
213.0,15.114989097616464,7.713721200904528,1.16e+30
214.0,15.105135466007601,7.707010766081613,1.16e+30
215.0,15.095302774271683,7.700318929021321,1.16e+30
216.0,15.085490933899264,7.693645501669222,1.16e+30
217.0,15.075699857372474,7.686990298737628,1.16e+30
218.0,15.065929458149062,7.680353137654086,1.16e+30
219.0,15.056179650646753,7.673733838511096,1.16e+30
220.0,15.046450350227909,7.66713222401698,1.16e+30
221.0,15.036741473184506,7.660548119447883,1.16e+30
222.0,15.027052936723397,7.653981352600866,1.16e+30
223.0,15.017384658951858,7.647431753748068,1.16e+30
224.0,15.007736558863426,7.640899155591908,1.16e+30
225.0,14.998108556324002,7.6343833932212934,1.16e+30
226.0,14.98850057205823,7.627884304068816,1.16e+30
227.0,14.978912527636124,7.621401727868902,1.16e+30
228.0,14.969344345459966,7.614935506616886,1.16e+30
229.0,14.959795948751442,7.608485484529009,1.16e+30
230.0,14.950267261539025,7.60205150800328,1.16e+30
231.0,14.940758208645597,7.5956334255812035,1.16e+30
232.0,14.931268715676303,7.589231087910351,1.16e+30
233.0,14.921798709006625,7.582844347707729,1.16e+30
234.0,14.912348115770692,7.576473059723959,1.16e+30
235.0,14.902916863849793,7.570117080708217,1.16e+30
236.0,14.893504881861107,7.563776269373934,1.16e+30
237.0,14.884112099146643,7.55745048636523,1.16e+30
238.0,14.874738445762379,7.551139594224047,1.16e+30
239.0,14.865383852467598,7.544843457358009,1.16e+30
240.0,14.85604825071442,7.538561942008926,1.16e+30
241.0,14.846781808057539,7.532314527815386,1.1465205585906645e+30
242.0,14.837633371976729,7.526120324153242,1.1332525977105229e+30
243.0,14.828600927049408,7.519978651221466,1.120191945982143e+30
244.0,14.819682500607408,7.51388883973717,1.1073345310031506e+30
245.0,14.810876161664538,7.5078502307612816,1.094676376604905e+30
246.0,14.80218001987486,7.501862175526744,1.0822136001978915e+30
247.0,14.793592224520708,7.495924035269283,1.0699424102007546e+30
248.0,14.785110963529489,7.490035181060689,1.0578591035500098e+30
249.0,14.776734462518373,7.484194993644628,1.0459600632875897e+30
250.0,14.768460983865987,7.478402863274983,1.0342417562234921e+30
251.0,14.760288825810251,7.4726581895566735,1.0227007306709011e+30
252.0,14.75221632157156,7.46696038128897,1.0113336142512597e+30
253.0,14.744241838500486,7.4613088563112715,1.0001371117668634e+30
254.0,14.736363777249275,7.455703041351331,9.891080031386422e+29
255.0,14.728580570966365,7.450142371875911,9.782431414068868e+29
256.0,14.720890684513222,7.444626291943855,9.675394507927598e+29
257.0,14.71329261370282,7.439154254061517,9.569939248185164e+29
258.0,14.705784884559062,7.433725719040577,9.466036244844337e+29
259.0,14.698366052596546,7.42834015585818,9.363656765005304e+29
260.0,14.691034702120001,7.422997041519402,9.262772715712225e+29
261.0,14.683789445542835,7.417695860921976,9.163356627311389e+29
262.0,14.676628922724186,7.4124361067233036,9.065381637303754e+29
263.0,14.669551800323926,7.407217279209686,8.968821474675451e+29
264.0,14.662556771175074,7.402038886167771,8.873650444690276e+29
265.0,14.65564255367308,7.3969004427581595,8.779843414128917e+29
266.0,14.64880789118149,7.391801471391176,8.687375796960145e+29
267.0,14.64205155145349,7.38674150160476,8.596223540429757e+29
268.0,14.635372326068854,7.381720069944448,8.506363111553604e+29
269.0,14.628769029885841,7.376736719845418,8.417771484001494e+29
270.0,14.622240500507587,7.371791001516563,8.330426125359264e+29
271.0,14.615785597762573,7.3668824718265835,8.244304984756778e+29
272.0,14.609403203198745,7.362010694192053,8.159386480850008e+29
273.0,14.603092219590895,7.357175238467413,8.075649490145842e+29
274.0,14.59685157046089,7.352375680836914,7.993073335658617e+29
275.0,14.590680199610402,7.347611603708433,7.911637775887775e+29
276.0,14.584577070665748,7.342882595609138,7.83132299410644e+29
277.0,14.578541166634508,7.338188251083007,7.752109587951068e+29
278.0,14.572571489473555,7.333528170590142,7.673978559302615e+29
279.0,14.566667059668198,7.328901960407839,7.596911304450095e+29
280.0,14.560826915822089,7.32430923253343,7.520889604527655e+29
281.0,14.555050114257595,7.31974960458883,7.445895616216592e+29
282.0,14.54933572862634,7.315222699726773,7.371911862704112e+29
283.0,14.543682849529622,7.310728146538697,7.29892122489081e+29
284.0,14.538090584148412,7.30626557896429,7.226906932839216e+29
285.0,14.532558055882683,7.301834636202621,7.15585255745596e+29
286.0,14.527084403999796,7.297434962624859,7.08574200240039e+29
287.0,14.521668783291673,7.293066207688545,7.016559496212714e+29
288.0,14.516310363740537,7.28872802585337,6.948289584654948e+29
289.0,14.51100833019295,7.284420076498497,6.880917123258252e+29
290.0,14.505761882041941,7.280142023841302,6.814427270070338e+29
291.0,14.500570232916974,7.275893536857609,6.748805478596974e+29
292.0,14.495432610381568,7.271674289203329,6.684037490931693e+29
293.0,14.490348255638322,7.267483959137477,6.620109331068113e+29
294.0,14.485316423241164,7.263322229446622,6.557007298389362e+29
295.0,14.480336380814625,7.259188787370606,6.494717961329378e+29
296.0,14.47540740877993,7.255083324529657,6.433228151200963e+29
297.0,14.470528800087719,7.251005536852761,6.37252495618565e+29
298.0,14.465699859957246,7.246955124507338,6.312595715480638e+29
299.0,14.460919905621838,7.242931791830161,6.253428013598166e+29
300.0,14.456188266080476,7.238935247259494,6.195009674812857e+29
301.0,14.451504281855309,7.234965203268484,6.137328757752722e+29
302.0,14.446867304754965,7.231021376299688,6.080373550129653e+29
303.0,14.44227669764348,7.227103486700809,6.024132563605334e+29
304.0,14.437731834214702,7.223211258661545,5.968594528788696e+29
305.0,14.433232098772034,7.219344420151595,5.913748390361084e+29
306.0,14.42877688601336,7.21550270285975,5.8595833023255106e+29
307.0,14.424365600821012,7.2116858421340595,5.8060886233764074e+29
308.0,14.419997658056673,7.207893576923086,5.7532539123864754e+29
309.0,14.415672482361042,7.204125649718188,5.7010689240072646e+29
310.0,14.411389507958177,7.200381806496834,5.649523604380302e+29
311.0,14.40714817846436,7.196661796666913,5.598608086955602e+29
312.0,14.402947946701392,7.192965373012052,5.54831268841458e+29
313.0,14.398788274514187,7.189292291637887,5.498627904694396e+29
314.0,14.394668632592548,7.185642311919288,5.449544407110925e+29
315.0,14.390588500297033,7.182015196448518,5.401053038577579e+29
316.0,14.386547365488791,7.178410710984322,5.3531448099173305e+29
317.0,14.382544724363282,7.174828624401892,5.3058108962653515e+29
318.0,14.378580081287748,7.171268708643728,5.259042633559753e+29
319.0,14.374652948642382,7.167730738671377,5.212831515118021e+29
320.0,14.370762846665071,7.164214492417996,5.1671691882967676e+29
321.0,14.366909303299623,7.160719750741764,5.122047451232546e+29
322.0,14.363091854047402,7.157246297380118,5.0774582496614965e+29
323.0,14.35931004182228,7.153793918904778,5.0333936738156855e+29
324.0,14.355563416808813,7.15036240467758,4.989845955394061e+29
325.0,14.351851536323574,7.146951546807058,4.9468074646060046e+29
326.0,14.348173964679551,7.14356114010581,4.90427070728552e+29
327.0,14.344530273053543,7.140190982048587,4.862228322074168e+29
328.0,14.340920039356467,7.136840872731135,4.820673077670902e+29
329.0,14.33734284810652,7.133510614829731,4.779597870147009e+29
330.0,14.333798290305106,7.130200013561449,4.738995720324442e+29
331.0,14.330285963315484,7.126908876645096,4.698859771215839e+29
332.0,14.326805470744034,7.123637014262831,4.659183285524618e+29
333.0,14.323356422324112,7.1203842390224565,4.619959643203539e+29
334.0,14.319938433802415,7.117150365920363,4.581182339070215e+29
335.0,14.31655112682779,7.113935212305098,4.5428449804780724e+29
336.0,14.31319412884243,7.110738597841584,4.504941285041296e+29
337.0,14.309867072975408,7.107560344475944,4.467465078412382e+29
338.0,14.306569597938486,7.104400276400934,4.430410292110896e+29
339.0,14.303301347924133,7.101258220021965,4.393770961402133e+29
340.0,14.300061972505716,7.098134003923716,4.357541223224387e+29
341.0,14.296851126539808,7.09502745883732,4.321715314163564e+29
342.0,14.293668470070545,7.0919384176081,4.28628756847393e+29
343.0,14.290513668236011,7.088866715163869,4.251252416143826e+29
344.0,14.28738639117658,7.085812188483764,4.2166043810051696e+29
345.0,14.284286313945175,7.082774676567611,4.182338078885661e+29
346.0,14.281213116419407,7.079754020405819,4.148448215802585e+29
347.0,14.278166483215529,7.076750062949774,4.1149295861971705e+29
348.0,14.275146103604191,7.073762649082738,4.081777071208471e+29
349.0,14.272151671427926,7.070791625591248,4.0489856369857856e+29
350.0,14.269182885020339,7.067836841136993,4.0165503330386326e+29
351.0,14.266239447126964,7.064898146229162,3.984466290623361e+29
352.0,14.26332106482774,7.0619753931972635,3.952728721165463e+29
353.0,14.260427449461076,7.0590684361644005,3.921332914716706e+29
354.0,14.257558316549453,7.056177131020991,3.8902742384462264e+29
355.0,14.254713385726552,7.053301335398942,3.8595481351647354e+29
356.0,14.251892380665854,7.050440908646227,3.8291501218810235e+29
357.0,14.249095029010688,7.047595711801922,3.799075788389969e+29
358.0,14.246321062305675,7.044765607571639,3.769320795891272e+29
359.0,14.243570215929573,7.041950460303374,3.7398808756381716e+29
360.0,14.240842229029441,7.039150135963746,3.7107518276154056e+29
361.0,14.238136844456148,7.036364502114646,3.6819295192457005e+29
362.0,14.235453808701145,7.033593427890263,3.653409884124107e+29
363.0,14.232792871834501,7.0308367839744985,3.6251889207794985e+29
364.0,14.230153787444175,7.028094442578736,3.597262691462585e+29
365.0,14.227536312576477,7.025366277419993,3.5696273209597915e+29
366.0,14.224940207677708,7.022652163699437,3.542278995432395e+29
367.0,14.222365236536946,7.019951978081231,3.515213961280302e+29
368.0,14.21981116622996,7.017265598671743,3.488428524029886e+29
369.0,14.217277767064205,7.014592904999104,3.461919047245313e+29
370.0,14.21476481252491,7.011933777993068,3.4356819514627836e+29
371.0,14.212272079222195,7.009288099965238,3.409713713147171e+29
372.0,14.209799346839226,7.006655754589584,3.384010863670503e+29
373.0,14.207346398081365,7.004036626883298,3.35856998831179e+29
374.0,14.204913018626307,7.001430603187941,3.3333877252776884e+29
375.0,14.202498997075171,6.9988375711509185,3.308460764743517e+29
376.0,14.200104124904533,6.996257419707225,3.2837858479141396e+29
377.0,14.197728196419368,6.993690039061516,3.259359766104266e+29
378.0,14.1953710087069,6.991135320670434,3.235179359837712e+29
379.0,14.193032361591325,6.988593157225251,3.21124151796517e+29
380.0,14.190712057589392,6.986063442634771,3.187543176800083e+29
381.0,14.188409901866832,6.983546072008506,3.164081319272182e+29
382.0,14.186125702195591,6.981040941640126,3.1408529740982984e+29
383.0,14.18385926891189,6.978547948991167,3.1178552149700397e+29
384.0,14.181610414875058,6.976066992675015,3.095085159757957e+29
385.0,14.17937895542714,6.973597972441116,3.0725399697318136e+29
386.0,14.17716470835326,6.971140789159465,3.0502168487966024e+29
387.0,14.174967493842718,6.968695344805319,3.0281130427439403e+29
388.0,14.172787134450816,6.966261542444167,3.0062258385185005e+29
389.0,14.170623455061383,6.9638392862169205,2.984552563499145e+29
390.0,14.16847628285,6.9614284813253615,2.9630905847944108e+29
391.0,14.166345447247895,6.959029034017789,2.9418373085520485e+29
392.0,14.164230779906513,6.95664085157491,2.92079017928228e+29
393.0,14.162132114662716,6.954263842295958,2.899946679194479e+29
394.0,14.160049287504641,6.9518979154850005,2.8793043275469698e+29
395.0,14.157982136538166,6.949542981437483,2.858860680009656e+29
396.0,14.155930501953993,6.947198951426985,2.8386133280391903e+29
397.0,14.153894225995318,6.944865737692151,2.818559898266412e+29
398.0,14.151873152926102,6.942543253423871,2.7986980518957763e+29
399.0,14.149867128999901,6.940231412752615,2.7790254841165186e+29
400.0,14.14787600242926,6.937930130735991,2.7595399235252834e+29
401.0,14.145899623355664,6.93563932334648,2.7402391315599842e+29
402.0,14.14393784382001,6.933358907459377,2.7211209019446314e+29
403.0,14.14199051773363,6.931088800840879,2.702183060144898e+29
404.0,14.140057500849808,6.9288289221364145,2.6834234628341912e+29
405.0,14.138138650735819,6.926579190859096,2.664839997369994e+29
406.0,14.13623382674545,6.924339527378384,2.6464305812802626e+29
407.0,14.13434288999202,6.9221098529088945,2.6281931617596557e+29
408.0,14.132465703321865,6.919890089499415,2.6101257151753894e+29
409.0,14.130602131288295,6.91768016002205,2.5922262465825072e+29
410.0,14.128752040126013,6.915479988161545,2.5744927892483646e+29
411.0,14.126915297725965,6.91328949840479,2.5569234041861297e+29
412.0,14.125091773610645,6.911108616030445,2.539516179697109e+29
413.0,14.123281338909823,6.908937267098747,2.5222692309217143e+29
414.0,14.1214838663367,6.90677537844147,2.505180699398875e+29
415.0,14.119699230164462,6.9046228776520255,2.4882487526337317e+29
416.0,14.117927306203265,6.902479693075712,2.4714715836734264e+29
417.0,14.116167971777584,6.900345753800119,2.454847410690822e+29
418.0,14.114421105703979,6.898220989645669,2.4383744765759858e+29
419.0,14.11268658826923,6.896105331156294,2.4220510485352645e+29
420.0,14.110964301208849,6.893998709590258,2.4058754176978126e+29
421.0,14.109254127685952,6.89190105691112,2.3898458987293913e+29
422.0,14.107555952270504,6.88981230577882,2.3739608294533114e+29
423.0,14.105869660918904,6.8877323895408935,2.3582185704783536e+29
424.0,14.104195140953925,6.885661242223842,2.3426175048335323e+29
425.0,14.102532281044985,6.88359879852459,2.3271560376095567e+29
426.0,14.100880971188756,6.881544993802105,2.311832595606853e+29
427.0,14.099241102690103,6.879499764069118,2.296645626990008e+29
428.0,14.09761256814333,6.877463045983967,2.2815936009485113e+29
429.0,14.095995261413751,6.8754347768425745,2.2666750073636572e+29
430.0,14.094389077619567,6.873414894570519,2.251888356481486e+29
431.0,14.092793913114043,6.871403337715245,2.23723217859164e+29
432.0,14.09120966546798,6.869400045438368,2.222705023712015e+29
433.0,14.08963623345248,6.867404957508095,2.2083054612790863e+29
434.0,14.088073517021991,6.865418014291764,2.194032079843799e+29
435.0,14.086521417297647,6.863439156748489,2.1798834867729052e+29
436.0,14.084979836550858,6.8614683264218925,2.165858307955644e+29
446.0,14.07012186306773,6.842189063395233,2.032104681236634e+29
456.0,14.056216238263184,6.823652297467193,1.909308022068785e+29
466.0,14.043181916272077,6.80580818670887,1.7963591409212313e+29
476.0,14.030946376851162,6.788611386778786,1.6922816687735213e+29
486.0,14.019444564828367,6.772020556567387,1.5962137929739488e+29
496.0,14.008617980915142,6.755997926762237,1.5073928161741128e+29
506.0,13.998413899634338,6.740508922346251,1.4251420556926979e+29
516.0,13.988784694404117,6.725521831450841,1.3488596907884499e+29
526.0,13.979687253280078,6.711007514156497,1.2780092372513913e+29
536.0,13.971082471664932,6.696939145808848,1.2121113863929803e+29
546.0,13.962934810581121,6.683291990232517,1.1507369919618504e+29
556.0,13.95521191097123,6.670043198907408,1.0935010260768693e+29
566.0,13.947884256025874,6.657171632744493,1.0400573557763057e+29
576.0,13.940924874803642,6.644657703580354,9.900942166549248e+28
586.0,13.934309081454016,6.632483232916522,9.433302804173983e+28
596.0,13.928014245222823,6.620631325773834,8.995112298976545e+28
606.0,13.922019587143263,6.60908625782405,8.584067688774145e+28
616.0,13.916305999920299,6.597833374209209,8.198080054379374e+28
626.0,13.910855888023159,6.586858998670801,7.835251570398768e+28
636.0,13.905653025427124,6.576150351791654,7.493855334021421e+28
646.0,13.900682428805439,6.565695477308253,7.172317598273903e+28
656.0,13.895930244276457,6.555483175584078,6.869202091298675e+28
666.0,13.891383646069286,6.545502943448886,6.583196149476731e+28
676.0,13.887030745690762,6.535744919707405,6.313098431180726e+28
686.0,13.882860510363843,6.526199835706024,6.057808010852074e+28
696.0,13.878862689667669,6.516858970419824,5.816314680958821e+28
706.0,13.875027749446748,6.507714109586161,5.587690313043299e+28
716.0,13.871346812174659,6.498757508466653,5.3710811491953905e+28
726.0,13.867811603059236,6.489981857867793,5.165700912454893e+28
736.0,13.864414401263797,6.481380253092642,4.97082463932393e+28
746.0,13.861147995694864,6.472946165532983,4.785783150146923e+28
756.0,13.858005644872472,6.464673416643674,4.609958083915651e+28
766.0,13.854981040456293,6.456556154069215,4.442777433350933e+28
776.0,13.852068274050474,6.448588829717609,4.283711524126955e+28
786.0,13.849261806953391,6.440766179598414,4.132269389029347e+28
796.0,13.846556442556414,6.433083205261278,3.987995493833493e+28
806.0,13.843947301128866,6.425535156688408,3.850466776889857e+28
816.0,13.84142979675545,6.418117516509401,3.7192899689223115e+28
826.0,13.838999616217905,6.41082598542039,3.594099163479625e+28
836.0,13.836652699635124,6.403656468701271,3.474553611911316e+28
846.0,13.834385222695767,6.3966050637353415,3.360335719736429e+28
856.0,13.83219358033483,6.389668048445138,3.2511492238966417e+28
866.0,13.830074371721128,6.3828418705665175,3.1467175326839622e+28
876.0,13.828024386436299,6.376123137690657,3.04678221215146e+28
886.0,13.826040591738044,6.36950860801017,2.951101604589873e+28
896.0,13.824120120811163,6.3629951817116375,2.859449566215469e+28
906.0,13.82226026191943,6.356579892962124,2.771614312592516e+28
916.0,13.820458448379972,6.350259902442094,2.687397361530641e+28
926.0,13.81871224928936,6.344032490381444,2.6066125642736607e+28
936.0,13.81701936093747,6.337895050059263,2.529085216749653e+28
946.0,13.8153775988512,6.331845081731396,2.4546512434973392e+28
956.0,13.813784890415603,6.32588018695305,2.3831564476344835e+28
966.0,13.812239268024866,6.319998063266562,2.3144558209014433e+28
976.0,13.810738862719932,6.3141964992269255,2.2484129084071906e+28
986.0,13.809281898273499,6.3084733697401205,2.1848992232347585e+28
996.0,13.807866685686681,6.302826631691245,2.1237937065357603e+28
1006.0,13.806489060059182,6.2972531979321715,2.080238534050367e+28
1016.0,13.805136086990306,6.291746181188044,2.047970320826778e+28
1026.0,13.803806084909917,6.286303675177097,2.0165113907848677e+28
1036.0,13.802498441843754,6.280924278821139,1.985833853020707e+28
1046.0,13.80121256789622,6.27560663505921,1.9559110345853038e+28
1056.0,13.799947894249922,6.270349429048871,1.9267174162990732e+28
1066.0,13.798703872219585,6.265151386457587,1.8982285725176503e+28
1076.0,13.797479972356934,6.260011271838902,1.8704211145714307e+28
1086.0,13.796275683603312,6.254927887088387,1.8432726376230965e+28
1096.0,13.795090512487107,6.249900069974785,1.8167616707073525e+28
1106.0,13.793923982363202,6.244926692742,1.7908676297353471e+28
1116.0,13.792775632691914,6.240006660777901,1.7655707732629234e+28
1126.0,13.791645018355014,6.2351389113461995,1.7408521608371218e+28
1136.0,13.790531709006627,6.230322412377806,1.7166936137493276e+28
1146.0,13.789435288456922,6.225556161318451,1.6930776780362817e+28
1156.0,13.788355354086685,6.220839184029421,1.6699875895819163e+28
1166.0,13.787291516290956,6.216170533738529,1.647407241183789e+28
1176.0,13.786243397950066,6.211549290038631,1.6253211514577818e+28
1186.0,13.785210633926484,6.206974557931106,1.6037144354638651e+28
1196.0,13.784192870586025,6.202445466911952,1.58257277694411e+28
1206.0,13.783189765342042,6.197961170098209,1.5618824020718504e+28
1216.0,13.782200986221302,6.19352084339268,1.5416300546180216e+28
1226.0,13.781226211450367,6.189123684684857,1.5218029724472542e+28
1236.0,13.78026512906134,6.184768913086312,1.5023888652623675e+28
1246.0,13.779317436515912,6.180455768198712,1.4833758935214826e+28
1256.0,13.77838284034675,6.176183509412857,1.4647526484571544e+28
1266.0,13.777461055815243,6.1719514152371655,1.4465081331316832e+28
1276.0,13.776551806584802,6.167758782654156,1.4286317444671937e+28
1286.0,13.775654824408832,6.163604926503538,1.4111132561931504e+28
1296.0,13.77476984883264,6.159489178890617,1.3939428026577673e+28
1306.0,13.773896626908547,6.155410888618775,1.377110863453287e+28
1316.0,13.773034912923517,6.1513694206448815,1.3606082488083443e+28
1326.0,13.772184468138677,6.147364155556527,1.3444260857036612e+28
1336.0,13.771345060540098,6.143394489070051,1.3285558046701256e+28
1346.0,13.770516464600291,6.139459831548393,1.3129891272308992e+28
1356.0,13.769698461049883,6.135559607537811,1.297718053951633e+28
1366.0,13.768890836658935,6.131693255322636,1.2827348530651153e+28
1376.0,13.768093384027473,6.1278602264972,1.268032049638773e+28
1386.0,13.767305901384745,6.1240599855541635,1.2536024152554e+28
1396.0,13.76652819239679,6.120292009488509,1.2394389581792988e+28
1406.0,13.76576006598192,6.116555787416464,1.2255349139817228e+28
1416.0,13.765001336133748,6.112850820208747,1.2118837366010765e+28
1426.0,13.764251821751364,6.109176620137408,1.198479089814816e+28
1436.0,13.763511346476367,6.105532710535776,1.1853148391013531e+28
1446.0,13.762779738536405,6.1019186254708355,1.172385043871566e+28
1456.0,13.762056830594926,6.098333909427577,1.1596839500507073e+28
1466.0,13.761342459606842,6.094778117004729,1.147205982992629e+28
1476.0,13.760636466679864,6.091250812621466,1.13494574070929e+28
1486.0,13.759938696941207,6.087751570234543,1.1228979873994956e+28
1496.0,13.759248999409456,6.084279973065479,1.1110576472617342e+28
1506.0,13.75856722687135,6.080835613337335,1.09941979857684e+28
1516.0,13.757893235763252,6.077418092020697,1.0879796680470157e+28
1526.0,13.75722688605711,6.074027018588469,1.0767326253785032e+28
1536.0,13.756568041150711,6.070662010779158,1.0656741780959038e+28
1546.0,13.755916567762032,6.067322694368224,1.0547999665768057e+28
1556.0,13.755272335827513,6.06400870294727,1.0441057592960117e+28
1566.0,13.754635218404081,6.0607196777106385,1.0335874482692366e+28
1576.0,13.754005091574767,6.057455267249244,1.0232410446866979e+28
1586.0,13.753381834357759,6.054215127351238,1.0130626747275404e+28
1596.0,13.752765328618745,6.050998920809317,1.003048575546525e+28
1606.0,13.752155458986408,6.0478063172343735,9.931950914248564e+27
1616.0,13.751552112770943,6.044636992875246,9.834986700774765e+27
1626.0,13.750955179885464,6.041490630444352,9.7395585910953e+27
1636.0,13.750364552770188,6.038366918948947,9.64563302615111e+27
1646.0,13.749780126319276,6.035265553527815,9.553177379117452e+27
1656.0,13.749201797810224,6.032186235293178,9.462159924044078e+27
1666.0,13.748629466835704,6.029128671177622,9.372549805731906e+27
1676.0,13.74806303523775,6.026092573785858,9.284317010790384e+27
1686.0,13.7475024070442,6.023077661251138,9.197432339822534e+27
1696.0,13.746947488407297,6.020083657096134,9.111867380687356e+27
1706.0,13.74639818754437,6.0171102900981435,9.027594482791838e+27
1716.0,13.745854414680514,6.014157294158453,8.9445867323671e+27
1726.0,13.745316081993174,6.0112244081756785,8.862817928685596e+27
1736.0,13.744783103558591,6.00831137592299,8.782262561178295e+27
1746.0,13.744255395299998,6.005417945929038,8.702895787412863e+27
1756.0,13.743732874937532,6.002543871362471,8.624693411895728e+27
1766.0,13.743215461939778,5.9996889099199056,8.547631865662721e+27
1776.0,13.742703077476886,5.996852823717225,8.471688186624687e+27
1786.0,13.742195644375204,5.994035379184112,8.396840000636091e+27
1796.0,13.741693087073372,5.991236346961653,8.323065503256128e+27
1806.0,13.741195331579812,5.988455501802974,8.250343442173336e+27
1816.0,13.74070230543157,5.985692622476737,8.17865310026605e+27
1826.0,13.740213937654469,5.982947491673439,8.107974279272351e+27
1836.0,13.739730158724493,5.980219895914418,8.038287284044374e+27
1846.0,13.7392509005304,5.977509625463437,7.96957290736302e+27
1856.0,13.738776096337483,5.9748164742408,7.901812415290236e+27
1866.0,13.738305680752456,5.972140239739899,7.834987533037026e+27
1876.0,13.737839589689415,5.969480722946107,7.769080431326421e+27
1886.0,13.737377760336848,5.966837728257927,7.704073713231512e+27
1896.0,13.736920131125645,5.9642110634103584,7.639950401469611e+27
1906.0,13.736466641698073,5.9616005394003775,7.576693926134409e+27
1916.0,13.736017232877686,5.959005970414456,7.514288112848826e+27
1926.0,13.735571846640141,5.956427173758085,7.452717171322038e+27
1936.0,13.735130426084876,5.953863969787212,7.391965684294853e+27
1946.0,13.73469291540763,5.951316181841538,7.332018596858367e+27
1956.0,13.73425925987378,5.948783636179602,7.272861206131409e+27
1966.0,13.733829405792443,5.946266161915625,7.214479151283005e+27
1976.0,13.733403300491355,5.943763590958033,7.156858403886614e+27
1986.0,13.732980892292463,5.941275757949612,7.099985258593509e+27
1996.0,13.73256213048823,5.938802500209228,7.043846324113192e+27
2006.0,13.732146965318613,5.936343657675113,6.988428514489258e+27
2016.0,13.731735347948716,5.933899072849609,6.933719040659615e+27
2026.0,13.731327230447057,5.931468590745352,6.879705402290438e+27
2036.0,13.73092256576447,5.929052058832852,6.826375379873673e+27
2046.0,13.730521307713582,5.926649326989434,6.773717027078361e+27
2056.0,13.73012341094889,5.924260247449469,6.721718663346397e+27
2066.0,13.729728830947366,5.921884674755891,6.670368866723815e+27
2076.0,13.729337523989624,5.91952246571293,6.619656466918973e+27
2086.0,13.728949447141595,5.917173479340056,6.56957053857943e+27
2096.0,13.728564558236705,5.914837576827065,6.520100394779596e+27
2106.0,13.728182815858549,5.912514621490292,6.471235580711595e+27
2116.0,13.727804179324032,5.910204478729927,6.422965867572066e+27
2126.0,13.727428608666964,5.9079070159883695,6.375281246637913e+27
2136.0,13.7270560646221,5.905622102709621,6.328171923524333e+27
2146.0,13.72668650860962,5.9033496102996725,6.281628312618668e+27
2156.0,13.726319902719993,5.90108941208786,6.235641031683915e+27
2166.0,13.725956209699287,5.8988413832891595,6.190200896625976e+27
2176.0,13.725595392934828,5.896605400967383,6.145298916418929e+27
2186.0,13.725237416441258,5.894381343999285,6.100926288182867e+27
2196.0,13.72488224484696,5.892169093039509,6.057074392409042e+27
2206.0,13.724529843380823,5.8899685304863745,6.013734788327242e+27
2216.0,13.724180177859369,5.8877795404484825,5.970899209410571e+27
2226.0,13.7238332146742,5.885602008712107,5.92855955901293e+27
2236.0,13.72348892077977,5.883435822709352,5.886707906134728e+27
2246.0,13.723147263681481,5.881280871487061,5.845336481312483e+27
2256.0,13.722808211424068,5.879137045676439,5.804437672628175e+27
2266.0,13.722471732580292,5.8770042374633995,5.764004021834329e+27
2276.0,13.722137796239908,5.8748823405595765,5.724028220590995e+27
2286.0,13.721806371998923,5.87277125017402,5.684503106810909e+27
2296.0,13.721477429949113,5.870670862985522,5.645421661109278e+27
2306.0,13.721150940667808,5.868581077115596,5.606777003354735e+27
2316.0,13.720826875207928,5.866501792102055,5.568562389318185e+27
2326.0,13.72050520508827,5.8644329088731855,5.530771207416329e+27
2336.0,13.720185902284022,5.862374329722519,5.493396975546813e+27
2346.0,13.719868939217534,5.860325958284141,5.456433338012039e+27
2356.0,13.719554288749285,5.858287699508587,5.419874062528792e+27
2366.0,13.719241924169093,5.85625945963924,5.383713037320936e+27
2376.0,13.718931819187532,5.854241146189276,5.347944268292523e+27
2386.0,13.718623947927542,5.852232667919104,5.312561876278791e+27
2396.0,13.718318284916265,5.850233934814293,5.277560094372544e+27
2406.0,13.718014805077058,5.8482448580640085,5.242933265323592e+27
2416.0,13.7177134837217,5.846265350039895,5.208675839008921e+27
2426.0,13.717414296542794,5.844295324275416,5.174782369971414e+27
2436.0,13.71711721960633,5.842334695445659,5.141247515024973e+27
2446.0,13.716822229344443,5.840383379347555,5.108066030923993e+27
2456.0,13.716529302548325,5.838441292880521,5.075232772095216e+27
2466.0,13.716238416361318,5.836508354027533,5.042742688430023e+27
2476.0,13.715949548272143,5.834584481836586,5.010590823135349e+27
2486.0,13.715662676108316,5.832669596402546,4.978772310641401e+27
2496.0,13.715377778029698,5.830763618849392,4.9472823745644894e+27
2506.0,13.715094832522189,5.828866471312818,4.916116325723273e+27
2516.0,13.714813818391582,5.826978076923215,4.88526956020685e+27
2526.0,13.714534714757546,5.825098359788994,4.8547375574931044e+27
2536.0,13.714257501047747,5.8232272449802505,4.8245158786158183e+27
2546.0,13.713982156992104,5.8213646585127865,4.794600164379124e+27
2556.0,13.713708662617174,5.819510527332431,4.764986133617852e+27
2566.0,13.71343699824066,5.817664779299719,4.735669581502454e+27
2576.0,13.71316714446605,5.815827343174842,4.706646377887174e+27
2586.0,13.712899082177364,5.813998148602932,4.677912465700207e+27
2596.0,13.712632792534023,5.812177126099636,4.6494638593746184e+27
2606.0,13.712368256965838,5.810364207036976,4.6212966433188403e+27
2616.0,13.712105457168095,5.808559323629503,4.5934069704256056e+27
2626.0,13.711844375096755,5.8067624089207115,4.56579106061819e+27
2636.0,13.711584992963765,5.8049733967697446,4.5384451994329284e+27
2646.0,13.71132729323246,5.8031922218383425,4.5113657366369186e+27
2656.0,13.711071258613073,5.801418819578069,4.484549084879961e+27
2666.0,13.710816872058338,5.799653126217773,4.457991718379715e+27
2676.0,13.710564116759185,5.797895078751301,4.431690171639168e+27
2686.0,13.710312976140534,5.796144614925456,4.405641038195483e+27
2696.0,13.71006343385717,5.794401673228185,4.3798409693993563e+27
2706.0,13.70981547378972,5.79266619287699,4.354286673224023e+27
2716.0,13.709569080040692,5.790938113807574,4.328974913103094e+27
2726.0,13.709324236930629,5.789217376662698,4.3039025067964126e+27
2736.0,13.709080928994311,5.787503922781264,4.2790663252831594e+27
2746.0,13.70883914097706,5.7857976941875755,4.2544632916814594e+27
2756.0,13.708598857831115,5.784098633580845,4.2300903801937524e+27
2766.0,13.708360064712073,5.782406684324867,4.2059446150772347e+27
2776.0,13.708122746975425,5.780721790437902,4.1820230696386727e+27
2786.0,13.70788689017314,5.779043896582744,4.1583228652529415e+27
2796.0,13.707652480050339,5.777372948056979,4.134841170404635e+27
2806.0,13.707419502542015,5.775708890783427,4.111575199752125e+27
2816.0,13.707187943769851,5.774051671300754,4.0885222132134794e+27
2826.0,13.706957790039073,5.772401236754262,4.06567951507363e+27
2836.0,13.706729027835381,5.770757534886853,4.0430444531122483e+27
2846.0,13.706501643821943,5.7691205140301625,4.020614417751757e+27
2856.0,13.70627562483644,5.767490123095834,3.998386841224957e+27
2866.0,13.706050957888188,5.765866311566984,3.976359196761746e+27
2876.0,13.705827630155294,5.764249029489799,3.954528997794424e+27
2886.0,13.70560562898189,5.762638227465299,3.932893797181104e+27
2896.0,13.70538494187541,5.761033856641241,3.911451186446752e+27
2906.0,13.70516555650392,5.759435868704168,3.890198795041391e+27
2916.0,13.704947460693509,5.757844215871618,3.869134289615032e+27
2926.0,13.704730642425728,5.756258850884444,3.848255373308898e+27
2936.0,13.704515089835075,5.754679726999299,3.8275597850625135e+27
2946.0,13.704300791206531,5.753106797981236,3.807045298936256e+27
2956.0,13.704087734973148,5.7515400180964456,3.7867097234489793e+27
2966.0,13.70387590971368,5.749979342105124,3.7665509009303117e+27
2976.0,13.70366530415026,5.74842472525446,3.746566706887267e+27
2986.0,13.70345590714612,5.746876123271757,3.726755049384797e+27
2996.0,13.703247707703362,5.745333492357659,3.70711386843994e+27
3006.0,13.703040694960762,5.743796789179506,3.687641135429216e+27
3016.0,13.702834858191626,5.74226597086481,3.6683348525089405e+27
3026.0,13.702630186801672,5.740740994994819,3.6491930520481335e+27
3036.0,13.70242667032697,5.7392218195982245,3.6302137960737066e+27
3046.0,13.702224298431911,5.737708403144955,3.6113951757276255e+27
3056.0,13.702023060907212,5.7362007045400825,3.5927353107357526e+27
3066.0,13.701822947667964,5.7346986831178315,3.574232348888073e+27
3076.0,13.701623948751712,5.733202298635697,3.5558844655300344e+27
3086.0,13.70142605431658,5.731711511268652,3.537689863064726e+27
3096.0,13.701229254639413,5.730226281603461,3.5196467704656205e+27
3106.0,13.701033540113976,5.728746570633078,3.501753442799633e+27
3116.0,13.700838901249165,5.727272339751161,3.4840081607602497e+27
3126.0,13.700645328667267,5.725803550746651,3.466409230210462e+27
3136.0,13.700452813102242,5.724340165798457,3.448954981735298e+27
3146.0,13.700261345398038,5.722882147470242,3.4316437702036904e+27
3156.0,13.700070916506947,5.721429458705252,3.4144739743394823e+27
3166.0,13.69988151748797,5.719982062821283,3.3974439963013364e+27
3176.0,13.699693139505236,5.718539923505704,3.3805522612713427e+27
3186.0,13.699505773826425,5.7171030048105465,3.3637972170521103e+27
3196.0,13.699319411821245,5.715671271147719,3.347177333672156e+27
3206.0,13.69913404495991,5.71424468728425,3.330691102999377e+27
3216.0,13.698949664811671,5.712823218337646,3.314337038362432e+27
3226.0,13.69876626304335,5.711406829771307,3.2981136741798326e+27
3236.0,13.698583831417917,5.709995487390016,3.282019565596575e+27
3246.0,13.69840236179308,5.708589157335503,3.26605328812813e+27
3256.0,13.698221846119914,5.707187806082093,3.2502134373116224e+27
3266.0,13.698042276441496,5.705791400432405,3.2344986283640285e+27
3276.0,13.697863644891582,5.704399907513123,3.21890749584724e+27
3286.0,13.69768594369329,5.703013294770847,3.2034386933398244e+27
3296.0,13.697509165157827,5.701631529967999,3.1880908931153344e+27
3306.0,13.697333301683212,5.700254581178793,3.1728627858270147e+27
3316.0,13.697158345753046,5.698882416785276,3.1577530801987597e+27
3326.0,13.696984289935283,5.697515005473425,3.142760502722182e+27
3336.0,13.696811126881045,5.696152316229311,3.127883797359651e+27
3346.0,13.696638849323426,5.69479431833531,3.113121725253161e+27
3356.0,13.696467450076348,5.693440981366397,3.0984730644389166e+27
3366.0,13.696296922033417,5.692092275186464,3.083936609567475e+27
3376.0,13.696127258166806,5.690748169944735,3.069511171629353e+27
3386.0,13.695958451526156,5.6894086360722005,3.055195577685957e+27
3396.0,13.69579049523749,5.688073644278122,3.04098867060572e+27
3406.0,13.69562338250216,5.686743165546597,3.026889308805337e+27
3416.0,13.695457106595786,5.685417171133171,3.012896365995977e+27
3426.0,13.695291660867246,5.684095632561489,2.9990087309343674e+27
3436.0,13.695127038737656,5.682778521620016,2.985225307178641e+27
3446.0,13.694963233699374,5.6814658103588,2.9715450128488417e+27
3456.0,13.694800239315033,5.680157471086277,2.957966780391986e+27
3466.0,13.694638049216572,5.678853476366147,2.944489556351583e+27
3476.0,13.69447665710429,5.677553799014255,2.931112301141512e+27
3486.0,13.69431605674593,5.676258412095574,2.9178339888241644e+27
3496.0,13.694156241975744,5.674967288921183,2.9046536068927605e+27
3506.0,13.693997206693611,5.673680403045316,2.891570156057749e+27
3516.0,13.693838944864146,5.672397728262457,2.878582650037197e+27
3526.0,13.693681450515829,5.671119238604462,2.8656901153510934e+27
3536.0,13.693524717740154,5.669844908337732,2.8528915911194754e+27
3546.0,13.69336874069078,5.6685747119604395,2.8401861288642944e+27
3556.0,13.693213513582709,5.667308624199768,2.827572792314953e+27
3566.0,13.693059030691469,5.666046620009225,2.815050657217421e+27
3576.0,13.692905286352309,5.66478867456596,2.802618811146866e+27
3586.0,13.692752274959414,5.6635347632681565,2.790276353323714e+27
3596.0,13.692599990965128,5.662284861732431,2.778022394433079e+27
3606.0,13.692448428879187,5.661038945791287,2.765856056447481e+27
3616.0,13.692297583267969,5.659796991490608,2.7537764724527927e+27
3626.0,13.692147448753754,5.658558975087172,2.741782786477333e+27
3636.0,13.691998020013997,5.657324873046212,2.729874153324064e+27
3646.0,13.691849291780606,5.656094662039019,2.7180497384058014e+27
3656.0,13.691701258839243,5.654868318940553,2.7063087175833986e+27
3666.0,13.691553916028624,5.653645820827119,2.6946502770068264e+27
3676.0,13.69140725823984,5.652427144974061,2.683073612959101e+27
3686.0,13.691261280415677,5.651212268853477,2.671577931702988e+27
3696.0,13.691115977549963,5.650001170131997,2.660162449330446e+27
3706.0,13.690971344686906,5.648793826668561,2.6488263916147267e+27
3716.0,13.69082737692046,5.647590216512243,2.6375689938651044e+27
3726.0,13.690684069393686,5.646390317900112,2.626389500784163e+27
3736.0,13.690541417298133,5.64519410925511,2.6152871663275944e+27
3746.0,13.690399415873223,5.644001569183958,2.6042612535664613e+27
3756.0,13.69025806040565,5.64281267647511,2.5933110345518694e+27
3766.0,13.690117346228783,5.641627410096712,2.5824357901820007e+27
3776.0,13.689977268722082,5.640445749194606,2.571634810071467e+27
3786.0,13.68983782331052,5.63926767309036,2.560907392422926e+27
3796.0,13.689699005464012,5.638093161279305,2.5502528439009273e+27
3806.0,13.689560810696868,5.636922193428635,2.5396704795079345e+27
3816.0,13.689423234567226,5.635754749375497,2.5291596224624844e+27
3826.0,13.689286272676519,5.634590809125128,2.51871960407944e+27
3836.0,13.68914992066894,5.633430352849018,2.508349763652297e+27
3846.0,13.689014174230914,5.632273360883081,2.498049448337503e+27
3856.0,13.688879029090577,5.631119813725871,2.4878180130407447e+27
3866.0,13.688744481017267,5.629969692036807,2.4776548203051775e+27
3876.0,13.688610525821023,5.6288229766344315,2.4675592402015438e+27
3886.0,13.688477159352086,5.627679648494689,2.457530650220153e+27
3896.0,13.68834437750041,5.6265396887492205,2.447568435164687e+27
3906.0,13.688212176195185,5.625403078683698,2.4376719870477912e+27
3916.0,13.688080551404354,5.6242697997361635,2.4278407049884168e+27
3926.0,13.687949499134156,5.623139833495399,2.418073995110888e+27
3936.0,13.687819015428657,5.622013161699317,2.4083712704456495e+27
3946.0,13.687689096369299,5.620889766233372,2.398731950831673e+27
3956.0,13.687559738074455,5.6197696291289905,2.3891554628204808e+27
3966.0,13.687430936698984,5.618652732562025,2.379641239581766e+27
3976.0,13.6873026884338,5.617539058851231,2.3701887208105699e+27
3986.0,13.68717498950544,5.616428590456755,2.3607973526359917e+27
3996.0,13.687047836175646,5.6153213099786425,2.3514665875314004e+27
4006.0,13.686921224740944,5.614217200155386,2.342195884226122e+27
4016.0,13.68679515153224,5.613116243862462,2.33298470761857e+27
4026.0,13.68666961291441,5.612018424110906,2.323832528690797e+27
4036.0,13.686544605285905,5.610923724045901,2.3147388244244372e+27
4046.0,13.686420125078357,5.609832126945383,2.3057030777180166e+27
4056.0,13.686296168756192,5.608743616218667,2.2967247773056017e+27
4066.0,13.686172732816246,5.607658175405087,2.287803417676766e+27
4076.0,13.686049813787394,5.606575788172657,2.278938498997844e+27
4086.0,13.685927408230171,5.605496438316752,2.270129527034459e+27
4096.0,13.685805512736415,5.604420109758797,2.261376013075289e+27
4106.0,13.685684123928898,5.603346786544968,2.2526774738570538e+27
4116.0,13.685563238460974,5.602276452844939,2.2440334314907047e+27
4126.0,13.685442853016228,5.60120909295061,2.235443413388785e+27
4136.0,13.685322964308131,5.600144691274869,2.2269069521939523e+27
4146.0,13.685203569079697,5.599083232350363,2.218423585708626e+27
4156.0,13.685084664103144,5.598024700828297,2.2099928568257553e+27
4166.0,13.684966246179568,5.596969081477223,2.2016143134606772e+27
4176.0,13.684848312138614,5.5959163591818815,2.1932875084840457e+27
4186.0,13.684730858838149,5.594866518942011,2.185011999655818e+27
4196.0,13.684613883163948,5.593819545871215,2.1767873495602734e+27
4206.0,13.68449738202938,5.592775425195816,2.1686131255420475e+27
4216.0,13.684381352375091,5.5917341422537366,2.160488899643167e+27
4226.0,13.684265791168711,5.590695682493388,2.1524142485410605e+27
4236.0,13.684150695404542,5.589660031472577,2.1443887534875348e+27
4246.0,13.684036062103266,5.58862717485742,2.1364120002486937e+27
4256.0,13.683921888311648,5.587597098421279,2.1284835790457884e+27
4266.0,13.683808171102251,5.586569788043704,2.1206030844969753e+27
4276.0,13.683694907573146,5.585545229709386,2.112770115559974e+27
4286.0,13.683582094847635,5.584523409507139,2.104984275475602e+27
4296.0,13.683469730073966,5.583504313628865,2.0972451717121744e+27
4306.0,13.683357810425068,5.582487928368561,2.0895524159107552e+27
4316.0,13.683246333098273,5.5814742401213255,2.0819056238312375e+27
4326.0,13.68313529531505,5.5804632353823695,2.0743044152992493e+27
4336.0,13.683024694320748,5.5794549007460565,2.0667484141538597e+27
4346.0,13.682914527384327,5.578449222904939,2.05923724819608e+27
4356.0,13.682804791798105,5.577446188648812,2.0517705491381404e+27
4366.0,13.68269548487751,5.576445784863781,2.0443479525535303e+27
4376.0,13.682586603960821,5.575447998531334,2.03696909782779e+27
4386.0,13.68247814640893,5.574452816727431,2.0296336281100417e+27
4396.0,13.682370109605088,5.573460226621609,2.022341190265243e+27
4406.0,13.682262490954681,5.572470215476077,2.0150914348271546e+27
4416.0,13.682155287884974,5.57148277064484,2.0078840159520072e+27
4426.0,13.682048497844892,5.570497879572835,2.000718591372859e+27
4436.0,13.681942118304782,5.569515529795062,1.9935948223546277e+27
4446.0,13.681836146756185,5.568535708935741,1.9865123736497886e+27
4456.0,13.68173058071161,5.567558404707467,1.9794709134547253e+27
4466.0,13.68162541770432,5.566583604910377,1.972470113366726e+27
4476.0,13.681520655288102,5.5656112974313405,1.9655096483416085e+27
4486.0,13.681416291037058,5.564641470243133,1.9585891966519675e+27
4496.0,13.681312322545384,5.563674111403646,1.9517084398460337e+27
4506.0,13.681208747427169,5.5627092090550905,1.9448670627071318e+27
4516.0,13.681105563316176,5.561746751423213,1.9380647532137296e+27
4526.0,13.681002767865646,5.5607867268165165,1.931301202500067e+27
4536.0,13.680900358748085,5.559829123625506,1.9245761048173573e+27
4546.0,13.680798333655073,5.558873930321921,1.9178891574955482e+27
4556.0,13.680696690297058,5.557921135457997,1.9112400609056348e+27
4566.0,13.680595426403166,5.556970727665713,1.904628518422517e+27
4576.0,13.680494539721005,5.556022695656075,1.8980542363883886e+27
4586.0,13.680394028016476,5.555077028218381,1.8915169240766524e+27
4596.0,13.680293889073583,5.554133714219516,1.8850162936563527e+27
4606.0,13.68019412069425,5.553192742603237,1.878552060157113e+27
4616.0,13.680094720698131,5.552254102389478,1.8721239414345766e+27
4626.0,13.679995686922439,5.551317782673662,1.8657316581363348e+27
4636.0,13.679897017221755,5.550383772626015,1.859374933668342e+27
4646.0,13.679798709467862,5.549452061490889,1.8530534941618026e+27
4656.0,13.679700761549562,5.5485226385861,1.8467670684405294e+27
4666.0,13.679603171372506,5.547595493302257,1.8405153879887588e+27
4676.0,13.679505936859027,5.546670615102123,1.8342981869194218e+27
4686.0,13.679409055947966,5.545747993519957,1.8281152019428557e+27
4696.0,13.679312526594511,5.544827618160887,1.8219661723359592e+27
4706.0,13.67921634677003,5.5439094787002645,1.8158508399117752e+27
4716.0,13.679120514461905,5.5429935648830515,1.8097689489894985e+27
4726.0,13.679025027673381,5.542079866523196,1.8037202463649023e+27
4736.0,13.6789298844234,5.54116837350303,1.797704481281172e+27
4746.0,13.678835082746446,5.540259075772655,1.7917214054001472e+27
4756.0,13.678740620692391,5.539351963349345,1.7857707727739585e+27
4766.0,13.678646496326344,5.538447026316969,1.7798523398170564e+27
4776.0,13.678552707728496,5.537544254825386,1.7739658652786262e+27
4786.0,13.678459252993976,5.536643639089885,1.768111110215382e+27
4796.0,13.6783661302327,5.5357451693906015,1.7622878379647307e+27
4806.0,13.678273337569227,5.534848836071957,1.756495814118308e+27
4816.0,13.678180873142615,5.533954629542102,1.750734806495872e+27
4826.0,13.678088735106279,5.533062540272348,1.7450045851195547e+27
4836.0,13.677996921627848,5.532172558796641,1.7393049221884624e+27
4846.0,13.67790543088903,5.531284675711004,1.7336355920536216e+27
4856.0,13.677814261085476,5.5303988816730065,1.7279963711932644e+27
4866.0,13.677723410426639,5.529515167401234,1.7223870381884462e+27
4876.0,13.677632877135641,5.528633523674765,1.716807373698994e+27
4886.0,13.677542659449148,5.527753941332646,1.7112571604397792e+27
4896.0,13.677452755617233,5.526876411273388,1.7057361831573058e+27
4906.0,13.677363163903244,5.526000924454449,1.700244228606616e+27
4916.0,13.677273882583682,5.525127471891736,1.6947810855285034e+27
4926.0,13.677184909948073,5.524256044659104,1.689346544627028e+27
4936.0,13.677096244298843,5.523386633887876,1.6839403985473368e+27
4946.0,13.677007883951196,5.522519230766338,1.678562441853772e+27
4956.0,13.676919827232988,5.521653826539267,1.673212471008276e+27
4966.0,13.67683207248461,5.5207904125074565,1.6678902843490773e+27
4976.0,13.676744618058867,5.519928980027242,1.662595682069663e+27
4986.0,13.676657462320865,5.519069520510027,1.657328466198024e+27
4996.0,13.676570603647887,5.518212025421839,1.6520884405761774e+27
5006.0,13.676484040429283,5.517356486282851,1.6468754108399539e+27
