Time,Mass,Radius,Lx
23.0,7.561720420378056,10.27,1.3e+30
23.1,7.553616208664708,10.256945643902604,1.2752474159660922e+30
23.200000000000003,7.54567883651385,10.24406836056881,1.2510700187002163e+30
23.300000000000004,7.537904058948133,10.231364953572909,1.2274520488710872e+30
23.400000000000006,7.530287758159888,10.218832284072096,1.204378243952064e+30
23.500000000000007,7.522825939213407,10.206467270243804,1.1818338205272531e+30
23.60000000000001,7.515514725904154,10.194266886686929,1.159804457299554e+30
23.70000000000001,7.5083503567690615,10.1822281637909,1.1382762787699839e+30
23.80000000000001,7.501329181242217,10.170348187076272,1.117235839559073e+30
23.900000000000013,7.494447655950495,10.15862409651028,1.0966701093425096e+30
24.000000000000014,7.487702341143851,10.147053085800515,1.0765664583745275e+30
24.100000000000016,7.481089897255196,10.135632401669648,1.0569126435737776e+30
24.200000000000017,7.474607081584966,10.124359343113996,1.0376967951476133e+30
24.30000000000002,7.46825074510565,10.113231260648348,1.0189074037318373e+30
24.40000000000002,7.462017829381749,10.10224555553948,1.0005333080240303e+30
24.50000000000002,7.455905363600783,10.09139967903045,9.825636828895939e+29
24.600000000000023,7.449910461711134,10.080691131557671,9.64988027920604e+29
24.700000000000024,7.444030319662681,10.070117461962612,9.477961564284822e+29
24.800000000000026,7.43826221274631,10.059676266699748,9.309781848523675e+29
24.900000000000027,7.432603493028566,10.04936518904239,9.145245225658937e+29
25.00000000000003,7.427051586877819,10.039181918287703,8.9842586206586e+29
25.10000000000003,7.421603992578493,10.02912418896231,8.826731695270362e+29
25.20000000000003,7.416258278030002,10.019189780029581,8.672576757080504e+29
25.300000000000033,7.4110120785271905,10.009376514099735,8.521708671939781e+29
25.400000000000034,7.405863094619201,9.999682256643727,8.37404477961903e+29
25.500000000000036,7.400809090043785,9.990104915211777,8.229504812563264e+29
25.600000000000037,7.395847889734225,9.980642438657407,8.088010817618802e+29
25.70000000000004,7.390977377896114,9.97129281636766,7.949487080613647e+29
25.80000000000004,7.386195496151364,9.962054077500191,7.813860053676446e+29
25.90000000000004,7.381500241746916,9.952924290227799,7.68105828518451e+29
26.000000000000043,7.376889665825706,9.94390156099092,7.551012352236112e+29
26.100000000000044,7.372361871757573,9.934984033758587,7.423654795546813e+29
26.200000000000045,7.3679150135278375,9.926169889298214,7.298920056673982e+29
26.300000000000047,7.363547294181407,9.91745734445461,7.176744417477727e+29
26.40000000000005,7.3592569643203385,9.90884465143851,7.057065941730487e+29
26.50000000000005,7.355042320652853,9.900330097124934,6.939824418791223e+29
26.60000000000005,7.350901704591894,9.89191200236155,6.824961309263782e+29
26.700000000000053,7.346833500901393,9.883588721287317,6.712419692562433e+29
26.800000000000054,7.342836136388473,9.875358640661483,6.602144216310775e+29
26.900000000000055,7.338908078639883,9.867220179203144,6.494081047503424e+29
27.000000000000057,7.335047834801047,9.859171786941449,6.388177825362774e+29
27.10000000000006,7.331253950396148,9.85121194457648,6.284383615826022e+29
27.20000000000006,7.327525008187737,9.843339162850963,6.1826488676003266e+29
27.30000000000006,7.323859627074436,9.835551981932722,6.082925369726546e+29
27.400000000000063,7.320256461025318,9.827848970807985,5.9851662105945e+29
27.500000000000064,7.3167141980496515,9.820228726685496,5.88932573835504e+29
27.600000000000065,7.313231559200704,9.812689874411399,5.795359522676454e+29
27.700000000000067,7.3098072976123785,9.805231065894871,5.7032243177949045e+29
27.800000000000068,7.306440197567495,9.797850979544458,5.612878026810644e+29
27.90000000000007,7.303129073596572,9.790548319715057,5.524279667183711e+29
28.00000000000007,7.299872769606009,9.78332181616539,5.437389337384708e+29
28.100000000000072,7.296670158034619,9.776170223526027,5.3521681846580304e+29
28.200000000000074,7.293520139037495,9.769092320777718,5.268578373856659e+29
28.300000000000075,7.290421639696234,9.762086910740022,5.18658305730925e+29
28.400000000000077,7.287373613254572,9.755152819570087,5.106146345681845e+29
28.500000000000078,7.284375038378549,9.748288896271449,5.027233279798007e+29
28.60000000000008,7.2814249184403135,9.741494012212783,4.9498098033826454e+29
28.70000000000008,7.278522280824741,9.734767060656402,4.873842736696151e+29
28.800000000000082,7.27566617625807,9.72810695629643,4.7992997510267955e+29
28.900000000000084,7.27285567815777,9.721512634806482,4.726149344010585e+29
29.000000000000085,7.270089882002909,9.714983052396716,4.6543608157490084e+29
29.100000000000087,7.267367904724304,9.708517185380142,4.5839042456962184e+29
29.200000000000088,7.264688884113752,9.702114029747968,4.514750470288339e+29
29.30000000000009,7.26205197825171,9.695772600753948,4.446871061288627e+29
29.40000000000009,7.259456364952759,9.689491932507476,4.3802383048232406e+29
29.500000000000092,7.256901241228239,9.683271077575341,4.3148251810833335e+29
29.600000000000094,7.254385822765496,9.677109106591969,4.2506053446701296e+29
29.700000000000095,7.25190934342313,9.671005107878027,4.187553105560535e+29
29.800000000000097,7.24947105474173,9.664958187067185,4.1256434106716715e+29
29.900000000000098,7.24707022546955,9.65896746674095,4.064851826003586e+29
30.0000000000001,7.24470614110263,9.653032086071374,4.0051545193401116e+29
30.1000000000001,7.2423781034388695,9.647151200471514,3.94652824348869e+29
30.200000000000102,7.240085430145575,9.641323981253487,3.888950320040601e+29
30.300000000000104,7.237827454340045,9.635549615293955,3.832398623633823e+29
30.400000000000105,7.235603524182741,9.629827304706941,3.7768515667013476e+29
30.500000000000107,7.2334130024826315,9.624156266523757,3.7222880846884595e+29
30.600000000000108,7.231255266314302,9.618535732379994,3.668687621723067e+29
30.70000000000011,7.229129706646438,9.612964948209338,3.616030116723792e+29
30.80000000000011,7.227035727981306,9.607443173944127,3.564295989931064e+29
30.900000000000112,7.224972748004879,9.601969683222517,3.513466129847021e+29
31.000000000000114,7.222940197247232,9.59654376310207,3.463521880570546e+29
31.100000000000115,7.220937518752907,9.591164713779674,3.414445029514244e+29
31.200000000000117,7.2189641677608805,9.585831848317664,3.3662177954906755e+29
31.300000000000118,7.2170196113938605,9.580544492375939,3.318822817155595e+29
31.40000000000012,7.21510332835658,9.575301983950075,3.27224314179641e+29
31.50000000000012,7.213214808642812,9.570103673115176,3.226462214454486e+29
31.600000000000122,7.21135355325082,9.564948921775416,3.181463867370334e+29
31.700000000000124,7.209519073906973,9.559837103419145,3.1372323097411212e+29
31.800000000000125,7.207710892797263,9.554767602879373,3.0937521177803094e+29
31.900000000000126,7.2059285423064745,9.549739816099605,3.0510082250695967e+29
32.00000000000013,7.204171564764759,9.54475314990486,3.008985913193684e+29
32.10000000000013,7.202439512201384,9.539807021777726,2.967670802648728e+29
32.20000000000013,7.200731946105423,9.534900859639427,2.927048844015658e+29
32.30000000000013,7.199048437193181,9.530034101635712,2.887106309389852e+29
32.400000000000134,7.197388565182121,9.525206195927499,2.847829784058959e+29
32.500000000000135,7.195751918571115,9.520416600486136,2.8092061584209465e+29
32.600000000000136,7.194138094426796,9.515664782893216,2.7712226201347297e+29
32.70000000000014,7.192546698175847,9.510950220144833,2.7338666464959975e+29
32.80000000000014,7.190977343403016,9.506272398460116,2.697125997031113e+29
32.90000000000014,7.189429651654704,9.501630813094057,2.6609887063022138e+29
33.00000000000014,7.187903252247936,9.497024968154438,2.6254430769168613e+29
33.10000000000014,7.186397782084563,9.492454376422803,2.5904776727358407e+29
33.200000000000145,7.184912885470525,9.487918559179406,2.556081312272905e+29
33.300000000000146,7.183448213940028,9.483417046031978,2.5222430622804853e+29
33.40000000000015,7.182003426084475,9.478949374748302,2.4889522315155983e+29
33.50000000000015,7.180578187386026,9.474515091092458,2.4561983646803512e+29
33.60000000000015,7.1791721700556215,9.470113748664671,2.423971236531668e+29
33.70000000000015,7.177785052875356,9.465744908744668,2.392260846155017e+29
33.80000000000015,7.176416521045062,9.4614081401385,2.3610574113971066e+29
33.900000000000155,7.175066266032979,9.457103019028699,2.330351363452682e+29
34.000000000000156,7.1737339854303865,9.452829128827716,2.3001333416007166e+29
34.10000000000016,7.172419382810081,9.448586060034595,2.2703941880854615e+29
34.20000000000016,7.171122167588586,9.444373410094736,2.241124943137937e+29
34.30000000000016,7.169842054891986,9.44019078326275,2.212316840133641e+29
34.40000000000016,7.168578765425269,9.436037790468314,2.183961300882343e+29
34.50000000000016,7.167332025345084,9.431914049184895,2.156049931046002e+29
34.600000000000165,7.166101566135813,9.427819183301397,2.128574515680966e+29
34.700000000000166,7.164887124488851,9.423752822996535,2.101527014900721e+29
34.80000000000017,7.16368844218501,9.419714604615983,2.074899559655616e+29
34.90000000000017,7.162505265979959,9.415704170552141,2.0486844476260637e+29
35.00000000000017,7.161337347492599,9.411721169126537,2.0228741392258683e+29
35.10000000000017,7.1601844430962975,9.407765254474747,1.9974612537124098e+29
35.20000000000017,7.159046313812907,9.403836086433808,1.9724385654005453e+29
35.300000000000175,7.1579227252094695,9.399933330432043,1.947798999977169e+29
35.400000000000176,7.156813447297547,9.396056657381283,1.923535630913485e+29
35.50000000000018,7.1557182544350955,9.392205743571358,1.8996416759721296e+29
35.60000000000018,7.154636925230811,9.388380270566891,1.8761104938063863e+29
35.70000000000018,7.153569242450882,9.3845799251063,1.852935580648803e+29
35.80000000000018,7.152514992928067,9.380804399002901,1.8301105670866325e+29
35.90000000000018,7.151473967473057,9.377053389048212,1.8076292149215757e+29
36.000000000000185,7.15044596078803,9.373326596917238,1.7854854141114013e+29
36.100000000000186,7.149430771382355,9.369623729075801,1.7636731797910845e+29
36.20000000000019,7.148428201490383,9.365944496689862,1.742186649371188e+29
36.30000000000019,7.147438056991258,9.3622886155367,1.7210200797112718e+29
36.40000000000019,7.146460147330709,9.358655805918051,1.7001678443661947e+29
36.50000000000019,7.145494285444743,9.355045792575,1.6796244309032354e+29
36.60000000000019,7.144540287685217,9.351458304604748,1.6593844382880184e+29
36.700000000000195,7.1435979737472115,9.347893075379043,1.639442574337305e+29
36.800000000000196,7.14266716659817,9.344349842464416,1.6197936532367596e+29
36.9000000000002,7.141747692408757,9.340828347544019,1.600432593121863e+29
37.0000000000002,7.140839380485374,9.337328336341136,1.5813544137202013e+29
37.1000000000002,7.13994206320431,9.333849558544266,1.5625542340534127e+29
37.2000000000002,7.139055575947465,9.330391767733813,1.5440272701971278e+29
37.3000000000002,7.138179757039608,9.326954721310242,1.525768833097287e+29
37.400000000000205,7.137314447687136,9.323538180423784,1.5077743264412714e+29
37.500000000000206,7.1364594919182816,9.320141909905557,1.4900392445823306e+29
37.60000000000021,7.135614736524741,9.316765678200133,1.4725591705158318e+29
37.70000000000021,7.1347800310046825,9.313409257299517,1.4553297739059074e+29
37.80000000000021,7.133955227507089,9.310072422678427,1.4383468091611125e+29
37.90000000000021,7.133140180777417,9.306754953230984,1.4216061135577536e+29
38.00000000000021,7.13233474810452,9.303456631208633,1.405103605409581e+29
38.100000000000215,7.131538789268814,9.30017724215939,1.3888352822825872e+29
38.200000000000216,7.130752166491647,9.296916574868298,1.3727972192536795e+29
38.30000000000022,7.129974744385848,9.29367442129912,1.3569855672120395e+29
38.40000000000022,7.129206389907411,9.290450576537204,1.3413965512020178e+29
38.50000000000022,7.128446972308303,9.28724483873352,1.3260264688064378e+29
38.60000000000022,7.127696363090347,9.284057009049832,1.3108716885692269e+29
38.70000000000022,7.126954435960178,9.280886891604986,1.2959286484563163e+29
38.800000000000225,7.126221066785205,9.277734293422276,1.2811938543537882e+29
38.900000000000226,7.125496133550603,9.274599024377865,1.2666638786022706e+29
39.900000000000226,7.118685366358311,9.24415954948652,1.1319197969407506e+29
40.900000000000226,7.11259819759759,9.215263213091799,1.0143296092547338e+29
41.900000000000226,7.107141774913292,9.187759918615118,9.11367013133068e+28
42.900000000000226,7.102237139738605,9.161519124330663,8.209259296364613e+28
43.900000000000226,7.097659738905274,9.136224476747138,8.052951646420715e+28
44.900000000000226,7.093170029594709,9.111542163494788,7.975335113280475e+28
45.900000000000226,7.088758238272608,9.087436078973072,7.900151938638346e+28
46.900000000000226,7.0844213840017085,9.063880454296473,7.827275263998676e+28
47.900000000000226,7.080156660537986,9.040851195014078,7.756587370132034e+28
48.900000000000226,7.075961422683057,9.018325739873784,7.687978844172726e+28
49.900000000000226,7.071833173958374,8.996282934121567,7.621347837883325e+28
50.900000000000226,7.067769555449432,8.974702915580957,7.556599405502931e+28
51.900000000000226,7.0637683356882555,8.953567011999802,7.493644911263479e+28
52.900000000000226,7.059827401459482,8.932857648355942,7.432401498058955e+28
53.900000000000226,7.055944749429986,8.912558262987051,7.372791609932522e+28
54.900000000000226,7.052118478514423,8.892653231557656,7.314742562044621e+28
55.900000000000226,7.048346782899854,8.87312779800263,7.2581861526318005e+28
56.900000000000226,7.044627945661826,8.85396801169452,7.203058312186658e+28
57.900000000000226,7.040960332912317,8.83516067017504,7.149298785704452e+28
58.900000000000226,7.037342388426838,8.816693266870995,7.096850844368614e+28
59.900000000000226,7.033772628704048,8.79855394328416,7.04566102349957e+28
60.900000000000226,7.030249638416455,8.78073144520442,6.995678883980611e+28
61.900000000000226,7.026772066215363,8.763215082547555,6.946856794710565e+28
62.900000000000226,7.023338620857225,8.745994692464254,6.899149733923779e+28
63.900000000000226,7.019948067622093,8.729060605406481,6.852515107470221e+28
64.90000000000023,7.0165992249979245,8.71240361387179,6.806912582367777e+28
65.90000000000023,7.013290961607244,8.696014943576538,6.762303934130033e+28
66.90000000000023,7.01002219335505,8.679886226835416,6.718652906539726e+28
67.90000000000023,7.0067918807789855,8.664009477948191,6.675925082684242e+28
68.90000000000023,7.0035990265846735,8.64837707041513,6.634087766197692e+28
69.90000000000023,7.000442673350793,8.632981715820822,6.593109871766749e+28
70.90000000000023,6.9973219013899515,8.61781644424224,6.5529618240566725e+28
71.90000000000023,6.994235826752741,8.602874586051177,6.513615464301443e+28
72.90000000000023,6.9911835993635405,8.588149754993895,6.475043963879304e+28
73.90000000000023,6.988164401277695,8.573635832442159,6.437221744263535e+28
74.90000000000023,6.985177445050628,8.559326952719898,6.400124402799019e+28
75.90000000000023,6.982221972210319,8.54521748941866,6.363728643809165e+28
76.90000000000023,6.979297251825317,8.531302042623226,6.328012214585817e+28
77.90000000000023,6.97640257916115,8.51757542697577,6.292953845857587e+28
78.90000000000023,6.973537274418634,8.504032660513593,6.258533196370289e+28
79.90000000000023,6.970700681548088,8.490668954221096,6.224730801247358e+28
80.90000000000023,6.967892167134031,8.477479702242023,6.191528023828729e+28
81.90000000000023,6.965111119345329,8.464460472702585,6.158907010714125e+28
82.90000000000023,6.962356946946217,8.451606999100425,6.126850649761317e+28
83.90000000000023,6.959629078363977,8.43891517221813,6.095342530812133e+28
84.90000000000023,6.956926960809382,8.426381032523478,6.064366908938896e+28
85.90000000000023,6.954250059446346,8.414000763021814,6.033908670022012e+28
86.90000000000023,6.95159785660748,8.40177068252866,6.003953298485616e+28
87.90000000000023,6.948969851052531,8.389687239333359,5.97448684703291e+28
88.90000000000023,6.946365557266883,8.377747005226837,5.945495908236093e+28
89.90000000000023,6.943784504797551,8.365946669868734,5.916967587847776e+28
90.90000000000023,6.941226237624248,8.354283035471047,5.8888894797117485e+28
91.90000000000023,6.938690313563329,8.342753011777226,5.861249642160844e+28
92.90000000000023,6.936176303702548,8.331353611317313,5.834036575798625e+28
93.90000000000023,6.933683791864713,8.320081944921103,5.807239202569864e+28
94.90000000000023,6.931212374098483,8.308935217472749,5.7808468460322276e+28
95.90000000000023,6.928761658194664,8.297910723891397,5.754849212748358e+28
96.90000000000023,6.926331263226454,8.287005845323579,5.729236374723818e+28
97.90000000000023,6.923920819112251,8.276218045534195,5.703998752821969e+28
98.90000000000023,6.921529966199663,8.265544867483746,5.679127101092115e+28
99.90000000000023,6.919158354869519,8.25498393008048,5.654612491951931e+28
100.90000000000023,6.916805645158708,8.244532925096834,5.6304463021695985e+28
101.90000000000023,6.914471506400783,8.2341896142403,5.606620199595034e+28
102.90000000000023,6.912155616883328,8.223951826369593,5.58312613059327e+28
103.90000000000023,6.909857663521145,8.213817454847531,5.559956308136421e+28
104.90000000000023,6.907577341544396,8.203784455022692,5.537103200513741e+28
105.90000000000023,6.90531435420087,8.19385084183241,5.5145595206221495e+28
106.90000000000023,6.9030684124716135,8.184014687520168,5.492318215802229e+28
107.90000000000023,6.900839234799204,8.174274119460948,5.470372458187066e+28
108.90000000000023,6.898626546827995,8.164627318088415,5.448715635533607e+28
109.90000000000023,6.896430081155699,8.155072514918347,5.427341342508222e+28
110.90000000000023,6.894249577095711,8.145607990662976,5.406243372400044e+28
111.90000000000023,6.8920847804496255,8.136232073431268,5.385415709237481e+28
112.90000000000023,6.889935443289412,8.126943137010523,5.364852520284833e+28
113.90000000000023,6.887801323748765,8.117739599224912,5.344548148897552e+28
114.90000000000023,6.885682185823162,8.108619920366873,5.324497107715982e+28
115.90000000000023,6.883577799178195,8.099582601697527,5.304694072178779e+28
116.90000000000023,6.881487938965758,8.0906261840125,5.285133874338369e+28
117.90000000000023,6.879412385647724,8.081749246269782,5.265811496961944e+28
118.90000000000023,6.877350924826714,8.072950404276424,5.246722067902507e+28
119.90000000000023,6.875303347083648,8.064228309431074,5.227860854725452e+28
120.90000000000023,6.873269447821731,8.055581647519544,5.2092232595770625e+28
121.90000000000023,6.871249027116576,8.047009137560748,5.19080481428212e+28
122.90000000000023,6.869241889572171,8.038509530700512,5.1726011756586295e+28
123.90000000000023,6.8672478441824225,8.030081609150887,5.154608121038359e+28
124.90000000000023,6.86526670419801,8.021724185172754,5.136821543982555e+28
125.90000000000023,6.86329828699831,8.013436100099621,5.119237450182885e+28
126.90000000000023,6.861342413968156,8.005216223400621,5.101851953538154e+28
127.90000000000023,6.859398910379221,7.997063451780841,5.084661272397966e+28
128.90000000000023,6.8574676052758035,7.988976708317249,5.067661725964987e+28
129.90000000000023,6.855548331364835,7.980954941628488,5.050849730847912e+28
130.90000000000023,6.853640924909908,7.972997125077002,5.034221797757759e+28
131.90000000000023,6.851745225629157,7.965102256001989,5.017774528340444e+28
132.90000000000023,6.84986107659682,7.957269354981754,5.001504612139068e+28
133.90000000000023,6.847988324148325,7.949497465124132,4.985408823679643e+28
134.90000000000023,6.846126817788744,7.941785651383734,4.969484019674384e+28
135.90000000000023,6.84427641010448,7.934132999904733,4.953727136336977e+28
136.90000000000023,6.842436956678037,7.926538617388179,4.938135186804555e+28
137.90000000000023,6.840608316005762,7.9190016304826205,4.922705258661408e+28
138.90000000000023,6.838790349418408,7.911521185197124,4.907434511559692e+28
139.90000000000023,6.836982921004439,7.904096446335629,4.892320174932676e+28
140.90000000000023,6.835185897535919,7.896726596951778,4.877359545796302e+28
141.90000000000023,6.833399148396924,7.889410837823309,4.862549986635037e+28
142.90000000000023,6.831622545514335,7.8821483869451665,4.847888923368217e+28
143.90000000000023,6.829855963290952,7.874938479040566,4.833373843393297e+28
144.90000000000023,6.828099278540805,7.867780365089251,4.81900229370256e+28
145.90000000000023,6.826352370426595,7.860673311872194,4.804771879070065e+28
146.90000000000023,6.824615120399179,7.853616601532101,4.790680260305736e+28
147.90000000000023,6.8228874121390035,7.84660953114904,4.776725152573679e+28
148.90000000000023,6.821169131499431,7.839651412330584,4.762904323771948e+28
149.90000000000023,6.819460166451874,7.832741570815859,4.749215592971106e+28
150.90000000000023,6.81776040703267,7.825879346092995,4.7356568289090875e+28
151.90000000000023,6.81606974529163,7.819064091029347,4.722225948539964e+28
152.90000000000023,6.814388075242205,7.812295171514071,4.708920915634347e+28
153.90000000000023,6.812715292813191,7.805571966112501,4.695739739429259e+28
154.90000000000023,6.811051295801942,7.798893865731889,4.682680473325433e+28
155.90000000000023,6.809395983829005,7.792260273298069,4.669741213630049e+28
156.90000000000023,6.807749258294152,7.7856706034426,4.656920098343087e+28
157.90000000000023,6.806111022333734,7.7791242822000015,4.644215305985468e+28
158.90000000000023,6.804481180779335,7.772620746714688,4.631625054467329e+28
159.90000000000023,6.802859640117643,7.766159444957232,4.619147599994788e+28
160.90000000000023,6.801246308451537,7.75973983544959,4.606781236013679e+28
161.90000000000023,6.79964109546231,7.753361386999,4.5945242921887705e+28
162.90000000000023,6.798043912373006,7.747023578440148,4.582375133417068e+28
163.90000000000023,6.796454671912832,7.740725898385385,4.570332158873866e+28
164.90000000000023,6.794873288282596,7.734467844982614,4.558393801090273e+28
165.90000000000023,6.7932996771211505,7.728248925680639,4.546558525060968e+28
166.90000000000023,6.791733755472789,7.722068657001632,4.53482482738105e+28
167.90000000000023,6.790175441755583,7.715926564320533,4.523191235410841e+28
168.90000000000023,6.7886246557306045,7.709822181651072,4.511656306467588e+28
169.90000000000023,6.787081318472026,7.703755051438202,4.500218627043045e+28
170.90000000000023,6.785545352338054,7.697724724356728,4.488876812045949e+28
171.90000000000023,6.784016680942665,7.691730759115874,4.477629504068478e+28
172.90000000000023,6.7824952291281395,7.6857727222696095,4.466475372675766e+28
173.90000000000023,6.780980922938336,7.679850188032546,4.455413113717656e+28
174.90000000000023,6.779473689592705,7.673962738101146,4.444441448661847e+28
175.90000000000023,6.777973457461009,7.668109961480145,4.433559123947665e+28
176.90000000000023,6.776480156038725,7.662291454313941,4.422764910359692e+28
177.90000000000023,6.774993715923111,7.6565068197228126,4.412057602420562e+28
178.90000000000023,6.773514068789908,7.650755667643798,4.4014360178022e+28
179.90000000000023,6.772041147370666,7.645037614676063,4.39089899675487e+28
180.90000000000023,6.77057488543067,7.639352283930625,4.380445401553383e+28
181.90000000000023,6.769115217747445,7.633699304884287,4.370074115959865e+28
182.90000000000023,6.767662080089823,7.628078313237605,4.359784044702503e+28
183.90000000000023,6.766215409197556,7.622488950776823,4.349574112969696e+28
184.90000000000023,6.764775142761455,7.616930865239574,4.339443265919095e+28
185.90000000000023,6.763341219404045,7.611403710184277,4.329390468201001e+28
186.90000000000023,6.761913578660706,7.605907144863062,4.31941470349563e+28
187.90000000000023,6.760492160961305,7.600440834098171,4.309514974063773e+28
188.90000000000023,6.759076907612285,7.595004448161646,4.2996903003103935e+28
189.90000000000023,6.757667760779211,7.58959766265828,4.2899397203607145e+28
190.90000000000023,6.756264663469747,7.584220158411643,4.280262289648393e+28
191.90000000000023,6.754867559517067,7.578871621353169,4.270657080515354e+28
192.90000000000023,6.753476393563667,7.573551742414141,4.261123181822914e+28
193.90000000000023,6.752091111045581,7.568260217420507,4.251659698573809e+28
194.90000000000023,6.750711658176989,7.562996746990466,4.242265751544757e+28
195.90000000000023,6.749337981935194,7.557761036434684,4.232940476929246e+28
196.90000000000023,6.747970030045965,7.552552795659098,4.223683025990158e+28
197.90000000000023,6.746607750969241,7.547371739070222,4.214492564721953e+28
198.90000000000023,6.745251093885165,7.542217585482863,4.205368273522096e+28
199.90000000000023,6.743900008680472,7.537090058030195,4.1963093468714035e+28
200.90000000000023,6.742554445935183,7.531988884076101,4.187314993023058e+28
201.90000000000023,6.741214356909622,7.526913795129721,4.17838443369999e+28
202.90000000000023,6.739879693531741,7.521864526762148,4.169516903800368e+28
203.90000000000023,6.738550408384738,7.516840818525205,4.160711651110956e+28
204.90000000000023,6.737226454694967,7.511842413872213,4.1519679360280565e+28
205.90000000000023,6.735907786320126,7.506869060080742,4.143285031285846e+28
206.90000000000023,6.734594357737726,7.501920508177253,4.134662221691835e+28
207.90000000000023,6.7332861240338095,7.496996512863571,4.126098803869245e+28
208.90000000000023,6.7319830408919445,7.492096832445162,4.11759408600611e+28
209.90000000000023,6.7306850645824605,7.487221228761133,4.109147387610851e+28
210.90000000000023,6.729392151951928,7.4823694671159355,4.100758039274178e+28
211.90000000000023,6.72810426041288,7.477541316212685,4.092425382437077e+28
212.90000000000023,6.726821347933759,7.472736548088099,4.084148769164747e+28
213.90000000000023,6.7255433730290965,7.46795493804896,4.075927561926262e+28
214.90000000000023,6.7242702947499,7.463196264610085,4.067761133379825e+28
215.90000000000023,6.723002072674262,7.458460309433761,4.059648866163415e+28
216.90000000000023,6.721738666898178,7.453746857270605,4.051590152690694e+28
217.90000000000023,6.720480038026554,7.4490556959017855,4.043584394952001e+28
218.90000000000023,6.719226147164421,7.444386616082593,4.035631004320289e+28
219.90000000000023,6.717976955908338,7.439739411487325,4.027729401361862e+28
220.90000000000023,6.716732426337981,7.435113878655427,4.0198790156517695e+28
221.90000000000023,6.715492521007911,7.4305098169388675,4.012079285593723e+28
222.90000000000023,6.71425720293952,7.425927028450719,4.00432965824441e+28
223.90000000000023,6.713026435613153,7.421365318014903,3.996629589142065e+28
224.90000000000023,6.71180018296039,7.416824493117067,3.988978542139195e+28
225.90000000000023,6.710578409356499,7.412304363856569,3.981375989239325e+28
226.90000000000023,6.709361079613041,7.4078047428995415,3.973821410437654e+28
227.90000000000023,6.708148158970636,7.403325445432991,3.966314293565517e+28
228.90000000000023,6.706939613091877,7.398866289119928,3.958854134138543e+28
229.90000000000023,6.705735408054392,7.3944270940554855,3.9514404352083913e+28
230.90000000000023,6.70453551034405,7.3900076827239936,3.944072707217995e+28
231.90000000000023,6.7033398868483065,7.385607879957016,3.936750467860187e+28
232.90000000000023,6.7021485048496885,7.38122751289227,3.9294732419396304e+28
233.90000000000023,6.700961332019407,7.3768664109334665,3.9222405612379605e+28
234.90000000000023,6.699778336411104,7.372524405711015,3.9150519643820388e+28
235.90000000000023,6.698599486454724,7.368201331043553,3.9079069967152575e+28
236.90000000000023,6.697424750950515,7.363897022900327,3.9008052101717825e+28
237.90000000000023,6.696254099063139,7.3596113193643635,3.8937461631536803e+28
238.90000000000023,6.69508750031591,7.35534406059643,3.886729420410839e+28
239.90000000000023,6.693924924585143,7.351095088799736,3.8797545529236065e+28
240.90000000000023,6.6927663420946155,7.3468642481854225,3.8728211377880817e+28
241.90000000000023,6.691611723410141,7.342651384938732,3.8659287581039825e+28
242.90000000000023,6.690461039434242,7.3384563471859,3.8590770028650228e+28
243.90000000000023,6.689314261400937,7.334278984961767,3.852265466851732e+28
244.90000000000023,6.688171360870624,7.330119150178005,3.8454937505266557e+28
245.90000000000023,6.687032309725061,7.325976696592045,3.8387614599318727e+28
246.90000000000023,6.685897080162451,7.321851479776628,3.8320682065887677e+28
247.90000000000023,6.684765644692615,7.31774335708999,3.825413607400004e+28
248.90000000000023,6.683637976132263,7.313652187646612,3.8187972845536323e+28
249.90000000000023,6.682514047600349,7.309577832288653,3.8122188654292925e+28
250.90000000000023,6.681393832513522,7.3055201535578576,3.805677982506442e+28
251.90000000000023,6.680277304581659,7.301479015668107,3.7991742732745682e+28
252.90000000000023,6.679164437803482,7.297454284478485,3.7927073801453277e+28
253.90000000000023,6.678055206462258,7.293445827466888,3.7862769503665693e+28
254.90000000000023,6.676949585121584,7.28945351370418,3.7798826359381904e+28
255.90000000000023,6.675847548621244,7.285477213828816,3.7735240935297793e+28
256.9000000000002,6.674749072073147,7.281516800022027,3.767200984400001e+28
257.9000000000002,6.67365413085734,7.277572145983438,3.7609129743176825e+28
258.9000000000002,6.672562700618093,7.273643126907199,3.7546597334845546e+28
259.9000000000002,6.671474757260059,7.269729619458573,3.748440936459611e+28
260.9000000000002,6.670390276944501,7.265831501750972,3.7422562620850393e+28
261.9000000000002,6.66930923608559,7.261948653323447,3.7361053934136963e+28
262.9000000000002,6.668231611346769,7.258080955118613,3.729988017638075e+28
263.9000000000002,6.667157379637185,7.254228289460993,3.7239038260207416e+28
264.9000000000002,6.666086518108184,7.250390540035779,3.717852513826194e+28
265.9000000000002,6.665019004149865,7.246567591868001,3.7118337802541203e+28
266.9000000000002,6.663954815387707,7.242759331302086,3.705847328374008e+28
267.9000000000002,6.6628939296792415,7.238965645981823,3.699892865061088e+28
268.9000000000002,6.661836325110797,7.2351864248306725,3.693970100933568e+28
269.9000000000002,6.660781979994292,7.231421558032478,3.688078750291134e+28
270.9000000000002,6.65973087286409,7.227670937012535,3.6822185310546825e+28
271.9000000000002,6.658682982473908,7.2239344544189805,3.676389164707259e+28
272.9000000000002,6.657638287793781,7.22021200410458,3.6705903762361728e+28
273.9000000000002,6.656596768007073,7.216503481108807,3.6648218940762625e+28
274.9000000000002,6.655558402507548,7.2128087816402875,3.6590834500542787e+28
275.9000000000002,6.654523170896491,7.209127803059538,3.653374779334365e+28
276.9000000000002,6.653491052979869,7.205460443862043,3.6476956203646137e+28
277.9000000000002,6.652462028765556,7.201806603661634,3.6420457148246576e+28
278.9000000000002,6.65143607846059,7.198166183174161,3.63642480757429e+28
279.9000000000002,6.650413182468491,7.194539084201471,3.6308326466030813e+28
280.9000000000002,6.649393321386613,7.190925209615688,3.625268982980969e+28
281.9000000000002,6.648376476003549,7.1873244633437405,3.6197335708098012e+28
282.9000000000002,6.647362627296576,7.183736750352201,3.614226167175812e+28
283.9000000000002,6.646351756429142,7.1801619766323785,3.608746532103006e+28
284.9000000000002,6.645343844748399,7.176600049185691,3.603294428507429e+28
285.9000000000002,6.644338873782775,7.17305087600927,3.597869622152316e+28
286.9000000000002,6.6433368252395875,7.169514366081856,3.5924718816040827e+28
287.9000000000002,6.642337681002692,7.165990429349913,3.5871009781891454e+28
288.9000000000002,6.641341423130177,7.162478976714008,3.581756685951563e+28
289.9000000000002,6.640348033852092,7.158979920015408,3.5764387816114626e+28
290.9000000000002,6.639357495568213,7.155493172022931,3.5711470445242517e+28
291.9000000000002,6.6383697908458466,7.152018646420014,3.5658812566405786e+28
292.9000000000002,6.6373849024176685,7.148556257792004,3.5606412024670484e+28
293.9000000000002,6.636402813179599,7.1451059216136805,3.555426669027653e+28
294.9000000000002,6.635423506188708,7.1416675542369745,3.550237445825923e+28
295.9000000000002,6.634446964661162,7.138241072878925,3.54507332480777e+28
296.9000000000002,6.633473171970196,7.134826395609801,3.5399341003250043e+28
297.9000000000002,6.632502111644121,7.131423441341459,3.534819569099527e+28
298.9000000000002,6.631533767364367,7.128032129815907,3.5297295301881702e+28
299.9000000000002,6.630568122963552,7.124652381594009,3.5246637849481696e+28
300.9000000000002,6.629605162423583,7.121284118044443,3.519622137003267e+28
301.9000000000002,6.628644869873789,7.117927261332801,3.514604392210421e+28
302.9000000000002,6.627687229589084,7.114581734410892,3.5096103586271127e+28
303.9000000000002,6.6267322259881505,7.111247461006222,3.504639846479242e+28
304.9000000000002,6.625779843631665,7.107924365611623,3.499692668129588e+28
305.9000000000002,6.6248300672205405,7.1046123734751205,3.4947686380468355e+28
306.9000000000002,6.623882881594202,7.101311410589869,3.4898675727751513e+28
307.9000000000002,6.622938271728886,7.0980214036843545,3.48498929090429e+28
308.9000000000002,6.621996222735966,7.094742280212689,3.480133613040236e+28
309.9000000000002,6.621056719860308,7.091473968345088,3.475300361776351e+28
310.9000000000002,6.620119748478644,7.088216396958513,3.4704893616650303e+28
311.9000000000002,6.6191852940979805,7.084969495627444,3.4657004391898546e+28
312.9000000000002,6.618253342354019,7.0817331946148165,3.460933422738224e+28
313.9000000000002,6.6173238790096125,7.078507424863105,3.456188142574461e+28
314.9000000000002,6.616396889953237,7.075292117985544,3.4514644308133873e+28
315.9000000000002,6.615472361197491,7.072087206257489,3.446762121394346e+28
316.9000000000002,6.614550278877614,7.068892622607935,3.4420810500556757e+28
317.9000000000002,6.613630629250029,7.065708300611124,3.437421054309618e+28
318.9000000000002,6.612713398690907,7.062534174478351,3.432781973417652e+28
319.9000000000002,6.611798573694757,7.059370179049846,3.4281636483662525e+28
320.9000000000002,6.610886140873024,7.056216249786807,3.4235659218430508e+28
321.9000000000002,6.609976086952726,7.053072322763555,3.418988638213404e+28
322.9000000000002,6.609068398775097,7.049938334659819,3.4144316434973606e+28
323.9000000000002,6.608163063294253,7.046814222753131,3.409894785347005e+28
324.9000000000002,6.607260067575883,7.043699924911341,3.405377913024187e+28
325.9000000000002,6.606359398795956,7.040595379585257,3.40088087737862e+28
326.9000000000002,6.605461044239442,7.037500525801397,3.396403530826345e+28
327.9000000000002,6.604564991299063,7.034415303154837,3.3919457273285516e+28
328.9000000000002,6.603671227474049,7.031339651802199,3.3875073223707457e+28
329.9000000000002,6.602779740368919,7.0282735124547155,3.383088172942264e+28
330.9000000000002,6.601890517692285,7.0252168263714285,3.378688137516126e+28
331.9000000000002,6.601003547255659,7.022169535352466,3.374307076029207e+28
332.9000000000002,6.600118816972292,7.019131581732443,3.3699448498627504e+28
333.9000000000002,6.599236314856018,7.01610290837395,3.365601321823182e+28
334.9000000000002,6.598356029020122,7.013083458661145,3.361276356123242e+28
335.9000000000002,6.597477947676222,7.010073176493439,3.3569698183634256e+28
336.9000000000002,6.596602059133165,7.007072006279282,3.352681575513717e+28
337.9000000000002,6.5957283517959375,7.004079892930029,3.34841149589562e+28
338.9000000000002,6.594856814164601,7.001096781853928,3.344159449164477e+28
339.9000000000002,6.593987434833227,6.9981226189501555,3.33992530629207e+28
340.9000000000002,6.593120202488861,6.995157350602973,3.3357089395494974e+28
341.9000000000002,6.5922551059104935,6.992200923675954,3.331510222490328e+28
342.9000000000002,6.591392133968046,6.989253285506315,3.3273290299340163e+28
343.9000000000002,6.590531275621374,6.986314383899304,3.3231652379495816e+28
344.9000000000002,6.589672519919279,6.983384167122683,3.3190187238395487e+28
345.9000000000002,6.588815855998541,6.9804625839013035,3.314889366124133e+28
346.9000000000002,6.587961273082956,6.977549583411747,3.3107770445256786e+28
347.9000000000002,6.587108760482397,6.974645115277047,3.3066816399533393e+28
348.9000000000002,6.586258307591875,6.971749129561482,3.3026030344879976e+28
349.9000000000002,6.585409903890625,6.9688615767654625,3.298541111367415e+28
350.9000000000002,6.5845635389411985,6.965982407820466,3.294495754971619e+28
351.9000000000002,6.583719202388567,6.963111574084067,3.2904668508085085e+28
352.9000000000002,6.58287688395924,6.960249027335028,3.286454285499683e+28
353.9000000000002,6.582036573460397,6.957394719768466,3.2824579467664953e+28
354.9000000000002,6.581198260779027,6.954548603991073,3.278477723416308e+28
355.9000000000002,6.580361935881083,6.951710633016431,3.2745135053289662e+28
356.9000000000002,6.579527588810642,6.9488807602603675,3.2705651834434776e+28
357.9000000000002,6.5786952096890845,6.946058939536394,3.266632649744888e+28
358.9000000000002,6.577864788714282,6.943245125051206,3.2627157972513593e+28
359.9000000000002,6.57703631615979,6.940439271400232,3.258814520001448e+28
360.9000000000002,6.576209782374056,6.937641333563267,3.2549287130415645e+28
361.9000000000002,6.5753851777796415,6.934851266900157,3.2510582724136286e+28
362.9000000000002,6.574562492872448,6.932069027146532,3.247203095142907e+28
363.9000000000002,6.5737417182209565,6.929294570409626,3.2433630792260344e+28
364.9000000000002,6.572922844465474,6.926527853164121,3.239538123619209e+28
365.9000000000002,6.572105862317395,6.923768832248088,3.235728128226569e+28
366.9000000000002,6.571290762558467,6.92101746485894,3.231932993888735e+28
367.9000000000002,6.570477536040071,6.918273708549476,3.228152622371527e+28
368.9000000000002,6.569666173682506,6.915537521223971,3.2243869163548434e+28
369.9000000000002,6.568856666474286,6.912808861134302,3.2206357794217087e+28
370.9000000000002,6.568049005471443,6.910087686876153,3.2168991160474733e+28
371.9000000000002,6.567243181796846,6.907373957385248,3.213176831589181e+28
372.9000000000002,6.5664391866395215,6.904667631933654,3.209468832275085e+28
373.9000000000002,6.565637011253983,6.901968670126124,3.205775025194315e+28
374.9000000000002,6.5648366469595745,6.899277031896492,3.2020953182867023e+28
375.9000000000002,6.564038085139816,6.896592677504115,3.19842962033274e+28
376.9000000000002,6.563241317241764,6.893915567530366,3.1947778409437026e+28
377.9000000000002,6.562446334775372,6.891245662875168,3.1911398905518913e+28
378.9000000000002,6.561653129312867,6.888582924753585,3.187515680401034e+28
379.9000000000002,6.560861692488127,6.8859273146924505,3.183905122536812e+28
380.9000000000002,6.560072015996075,6.883278794527037,3.180308129797529e+28
381.9000000000002,6.559284091592067,6.880637326397784,3.176724615804908e+28
382.9000000000002,6.558497911091305,6.878002872747048,3.1731544949550215e+28
383.9000000000002,6.557713466368239,6.875375396315924,3.169597682409348e+28
384.9000000000002,6.5569307493559945,6.872754860141079,3.166054094085958e+28
385.9000000000002,6.5561497520457905,6.870141227551649,3.162523646650822e+28
386.9000000000002,6.5553704664863774,6.8675344621661605,3.1590062575092374e+28
387.9000000000002,6.554592884783474,6.864934527889508,3.1555018447973835e+28
388.9000000000002,6.553816999099214,6.8623413889099645,3.152010327373988e+28
389.9000000000002,6.553042801651603,6.8597550096962205,3.1485316248121096e+28
390.9000000000002,6.552270284713974,6.8571753549944745,3.145065657391039e+28
391.9000000000002,6.551499440614456,6.854602389825558,3.141612346088309e+28
392.9000000000002,6.550730261735447,6.852036079482094,3.1381716125718166e+28
393.9000000000002,6.549962740513097,6.849476389525705,3.1347433791920526e+28
394.9000000000002,6.549196869436786,6.846923285784225,3.131327568974438e+28
395.9000000000002,6.548432641048624,6.8443767343489945,3.1279241056117686e+28
396.9000000000002,6.547670047942944,6.841836701572138,3.124532913456759e+28
397.9000000000002,6.54690908276581,6.839303154063925,3.1211539175146886e+28
398.9000000000002,6.546149738214523,6.836776058690129,3.1177870434361547e+28
399.9000000000002,6.54539200703714,6.834255382569431,3.114432217509911e+28
400.9000000000002,6.544635882031996,6.831741093070873,3.111089366655819e+28
401.9000000000002,6.54388135604723,6.829233157811309,3.1077584184178794e+28
402.9000000000002,6.543128421980317,6.826731544652921,3.10443930095737e+28
403.9000000000002,6.54237707277761,6.824236221700742,3.1011319430460672e+28
404.9000000000002,6.54162730143388,6.82174715730023,3.0978362740595654e+28
405.9000000000002,6.5408791009918685,6.819264320034858,3.094552223970676e+28
406.9000000000002,6.540132464541842,6.816787678723738,3.091279723342928e+28
407.9000000000002,6.53938738522115,6.814317202419279,3.088018703324144e+28
408.9000000000002,6.538643856213789,6.81185286040486,3.0847690956401054e+28
409.9000000000002,6.5379018707499785,6.809394622192562,3.081530832588305e+28
410.9000000000002,6.537161422105729,6.806942457520885,3.0783038470317747e+28
411.9000000000002,6.536422503602427,6.804496336352528,3.0750880723930006e+28
412.9000000000002,6.535685108606418,6.802056228872193,3.0718834426479194e+28
413.9000000000002,6.5349492305285946,6.799622105484383,3.068689892319985e+28
414.9000000000002,6.534214862823994,6.797193936811274,3.065507356474324e+28
415.9000000000002,6.5334819989913955,6.794771693690581,3.062335770711957e+28
416.9000000000002,6.532750632572924,6.792355347173455,3.0591750711641065e+28
417.9000000000002,6.532020757153659,6.789944868522417,3.056025194486566e+28
418.9000000000002,6.531292366361246,6.787540229209306,3.0528860778541523e+28
419.9000000000002,6.530565453865514,6.7851414009132505,3.0497576589552257e+28
420.9000000000002,6.529840013378099,6.782748355518681,3.046639875986282e+28
421.9000000000002,6.529116038652065,6.780361065113338,3.0435326676466106e+28
422.9000000000002,6.528393523481539,6.777979501986339,3.040435973133026e+28
423.9000000000002,6.527672461701343,6.775603638626231,3.0373497321346665e+28
424.9000000000002,6.526952847186631,6.773233447719107,3.0342738848278546e+28
425.9000000000002,6.5262346738525325,6.770868902146695,3.0312083718710263e+28
426.9000000000002,6.5255179356538,6.768509974984527,3.0281531343997288e+28
427.9000000000002,6.524802626584455,6.7661566395000765,3.025108114021673e+28
428.9000000000002,6.524088740677447,6.763808869150955,3.022073252811855e+28
429.9000000000002,6.523376272004311,6.761466637583116,3.0190484933077394e+28
430.9000000000002,6.522665214674825,6.759129918629078,3.0160337785045007e+28
431.9000000000002,6.52195556283668,6.756798686306167,3.0130290518503227e+28
432.9000000000002,6.521247310675144,6.754472914814794,3.0100342572417634e+28
433.9000000000002,6.520540452412742,6.7521525785367285,3.007049339019172e+28
434.9000000000002,6.519834982308928,6.749837652033419,3.0040742419621673e+28
435.9000000000002,6.519130894659764,6.747528110044316,3.001108911285169e+28
436.9000000000002,6.518428183797606,6.7452239274852115,2.998153292632984e+28
437.9000000000002,6.51772684409079,6.742925079446614,2.9952073320764556e+28
438.9000000000002,6.517026869943322,6.740631541192126,2.9922709761081553e+28
439.9000000000002,6.516328255794573,6.7383432881568535,2.989344171638134e+28
440.9000000000002,6.515630996118973,6.736060295945814,2.9864268659897262e+28
441.9000000000002,6.514935085425715,6.733782540332395,2.983519006895404e+28
442.9000000000002,6.514240518258456,6.731509997256795,2.9806205424926787e+28
443.9000000000002,6.513547289195024,6.729242642824509,2.977731421320063e+28
444.9000000000002,6.51285539284713,6.726980453304813,2.974851592313067e+28
445.9000000000002,6.512164823860078,6.72472340512928,2.971981004800258e+28
446.9000000000002,6.511475576912483,6.7224714748902965,2.9691196084993604e+28
447.9000000000002,6.510787646715989,6.720224639339621,2.966267353513401e+28
448.9000000000002,6.510101028014992,6.717982875386925,2.963424190326909e+28
449.9000000000002,6.509415715586363,6.715746160098382,2.9605900698021535e+28
450.9000000000002,6.508731704239181,6.713514470695253,2.957764943175431e+28
451.9000000000002,6.508048988814455,6.711287784552496,2.954948762053398e+28
452.9000000000002,6.507367564184867,6.709066079197395,2.9521414784094427e+28
453.9000000000002,6.506687425254503,6.706849332308174,2.949343044580107e+28
454.9000000000002,6.5060085669585925,6.70463752171268,2.946553413261546e+28
455.9000000000002,6.505330984263253,6.702430625387043,2.943772537506031e+28
456.9000000000002,6.504654672165231,6.700228621454345,2.9410003707184965e+28
457.9000000000002,6.503979625691655,6.698031488183334,2.9382368666531234e+28
458.9000000000002,6.503305839899777,6.695839203987127,2.935481979409968e+28
459.9000000000002,6.502633309876734,6.693651747421946,2.9327356634316265e+28
460.9000000000002,6.501962030739296,6.691469097185838,2.929997873499943e+28
461.9000000000002,6.501291997633628,6.689291232117455,2.9272685647327494e+28
462.9000000000002,6.500623205735049,6.687118131194806,2.9245476925806534e+28
463.9000000000002,6.499955650247792,6.684949773534038,2.921835212823854e+28
464.9000000000002,6.499289326404775,6.682786138388238,2.9191310815690027e+28
465.9000000000002,6.498624229467361,6.680627205146228,2.9164352552460943e+28
466.9000000000002,6.497960354725134,6.678472953331406,2.9137476906053997e+28
467.9000000000002,6.497297697495667,6.676323362600556,2.91106834471443e+28
468.9000000000002,6.4966362531243,6.674178412742707,2.908397174954938e+28
469.9000000000002,6.495976016983914,6.672038083677997,2.905734139019955e+28
470.9000000000002,6.495316984474711,6.669902355456523,2.9030791949108587e+28
471.9000000000002,6.494659151023996,6.667771208257243,2.9004323009344777e+28
472.9000000000002,6.49400251208596,6.665644622386861,2.8977934157002294e+28
473.9000000000002,6.4933470631414645,6.663522578278739,2.895162498117288e+28
474.9000000000002,6.492692799697831,6.661405056491811,2.8925395073917887e+28
475.9000000000002,6.492039717288631,6.659292037709507,2.8899244030240588e+28
476.9000000000002,6.491387811473476,6.657183502738711,2.8873171448058847e+28
477.9000000000002,6.490737077837815,6.655079432508696,2.8847176928178108e+28
478.9000000000002,6.4900875119927255,6.652979808070095,2.882126007426463e+28
479.9000000000002,6.489439109574719,6.650884610593872,2.879542049281908e+28
480.9000000000002,6.488791866245535,6.6487938213703135,2.876965779315043e+28
481.9000000000002,6.488145777691946,6.646707421808017,2.8743971587350067e+28
482.9000000000002,6.487500839625561,6.6446253934329,2.8718361490266323e+28
483.9000000000002,6.486857047782633,6.6425477178872185,2.8692827119479158e+28
484.9000000000002,6.486214397923863,6.640474376928587,2.866736809527524e+28
485.9000000000002,6.485572885834215,6.638405352429022,2.8641984040623223e+28
486.9000000000002,6.484932507322726,6.6363406263739915,2.8616674581149332e+28
487.9000000000002,6.484293258222316,6.634280180861458,2.859143934511324e+28
488.9000000000002,6.483655134389609,6.632223998100965,2.856627796338417e+28
489.9000000000002,6.483018131704748,6.630172060412697,2.8541190069417287e+28
490.9000000000002,6.482382246071212,6.628124350226569,2.8516175299230374e+28
491.9000000000002,6.4817474734156395,6.626080850081335,2.849123329138069e+28
492.9000000000002,6.48111380968765,6.624041542623663,2.846636368694218e+28
493.9000000000002,6.480481250859668,6.622006410607288,2.8441566129482875e+28
494.9000000000002,6.47984979292675,6.619975436892096,2.841684026504254e+28
495.9000000000002,6.47921943190641,6.617948604443285,2.8392185742110585e+28
496.9000000000002,6.47859016383845,6.615925896330486,2.836760221160424e+28
497.9000000000002,6.477961984784792,6.613907295726927,2.8343089326846897e+28
498.9000000000002,6.47733489082931,6.611892785908582,2.831864674354677e+28
499.9000000000002,6.476708878077661,6.609882350253338,2.829427411977573e+28
500.9000000000002,6.476083942657126,6.6078759722401745,2.8269971115948385e+28
501.9000000000002,6.4754600807164415,6.60587363544834,2.8245737394801415e+28
502.9000000000002,6.474837288425645,6.603875323556551,2.8221572621373078e+28
503.9000000000002,6.4742155619759085,6.601881020342184,2.819747646298297e+28
504.9000000000002,6.473594897579384,6.599890709680489,2.8173448589212016e+28
505.9000000000002,6.472975291469049,6.597904375543804,2.814948867188263e+28
506.9000000000002,6.472356739898545,6.595922002000776,2.812559638503915e+28
507.9000000000002,6.471739239142029,6.59394357321559,2.8101771404928394e+28
508.9000000000002,6.47112278549402,6.591969073447213,2.8078013409980537e+28
509.9000000000002,6.470507375269247,6.589998487048641,2.805432208079007e+28
510.9000000000002,6.469893004802501,6.588031798466147,2.8030697100097095e+28
511.9000000000002,6.469279670448486,6.586068992238543,2.8007138152768677e+28
512.9000000000002,6.468667368581672,6.584110052996456,2.798364492578049e+28
513.9000000000002,6.46805609559615,6.5821549654615925,2.7960217108198666e+28
514.9000000000002,6.467445847905491,6.580203714446025,2.793685439116173e+28
515.9000000000002,6.466836621942598,6.578256284851495,2.7913556467862847e+28
516.9000000000002,6.466228414159567,6.576312661668684,2.789032303353218e+28
517.9000000000002,6.46562122102755,6.574372829976541,2.786715378541946e+28
518.9000000000002,6.465015039036611,6.572436774941574,2.7844048422776766e+28
519.9000000000002,6.464409864695592,6.570504481817187,2.782100664684139e+28
520.9000000000002,6.4638056945319775,6.5685759359429845,2.7798028160818994e+28
521.9000000000002,6.463202525091757,6.566651122744114,2.7775112669866895e+28
522.9000000000002,6.46260035293929,6.564730027730597,2.7752259881077467e+28
523.9000000000002,6.461999174657181,6.562812636496679,2.7729469503461863e+28
524.9000000000002,6.461398986846139,6.560898934720166,2.770674124793371e+28
525.9000000000002,6.460799786124853,6.558988908161796,2.768407482729315e+28
526.9000000000002,6.460201569129861,6.5570825426645865,2.766146995621092e+28
527.9000000000002,6.459604332515425,6.5551798241532175,2.7638926351212698e+28
528.9000000000002,6.459008072953398,6.553280738633392,2.7616443730663507e+28
529.9000000000002,6.458412787133107,6.551385272191219,2.7594021814752354e+28
530.9000000000002,6.4578184717612235,6.549493410992609,2.7571660325477003e+28
531.9000000000002,6.45722512356164,6.5476051412826575,2.75493589866289e+28
532.9000000000002,6.45663273927535,6.5457204493850405,2.7527117523778247e+28
533.9000000000002,6.456041315660327,6.543839321701423,2.7504935664259245e+28
534.9000000000002,6.4554508494914025,6.541961744710868,2.7482813137155474e+28
535.9000000000002,6.454861337560149,6.540087704969247,2.746074967328541e+28
536.9000000000002,6.454272776674761,6.5382171891086625,2.743874500518814e+28
537.9000000000002,6.453685163659942,6.536350183836879,2.741679886710914e+28
538.9000000000002,6.45309849535678,6.534486675936741,2.739491099498626e+28
539.9000000000002,6.452512768622644,6.532626652265622,2.7373081126435832e+28
540.9000000000002,6.451927980331063,6.5307700997548555,2.735130900073892e+28
541.9000000000002,6.4513441273716134,6.528917005409193,2.73295943588277e+28
542.9000000000002,6.450761206649811,6.527067356306247,2.730793694327196e+28
543.9000000000002,6.450179215086997,6.525221139595949,2.728633649826579e+28
544.9000000000002,6.449598149620232,6.523378342500017,2.726479276961435e+28
545.9000000000002,6.449018007202182,6.521538952311419,2.7243305504720776e+28
546.9000000000002,6.448438784801015,6.519702956393839,2.722187445257327e+28
547.9000000000002,6.447860479400291,6.517870342181167,2.7200499363732234e+28
548.9000000000002,6.447283087998861,6.516041097176968,2.7179179990317587e+28
549.9000000000002,6.446706607610755,6.5142152089539795,2.7157916085996217e+28
550.9000000000002,6.446131035265083,6.512392665153591,2.713670740596952e+28
551.9000000000002,6.44555636800593,6.510573453485348,2.7115553706961056e+28
552.9000000000002,6.444982602892253,6.5087575617264495,2.7094454747204385e+28
553.9000000000002,6.444409736997782,6.506944977721256,2.707341028643096e+28
554.9000000000002,6.443837767410917,6.505135689380797,2.7052420085858155e+28
555.9000000000002,6.44326669123463,6.50332968468228,2.703148390817744e+28
556.9000000000002,6.442696505586364,6.501526951668616,2.701060151754264e+28
557.9000000000002,6.442127207597936,6.499727478447941,2.6989772679558324e+28
558.9000000000002,6.441558794415442,6.497931253193141,2.6968997161268273e+28
559.9000000000002,6.440991263199159,6.4961382641413845,2.694827473114411e+28
560.9000000000002,6.440424611123445,6.494348499593654,2.6927605159074027e+28
561.9000000000002,6.439858835376654,6.492561947914295,2.690698821635158e+28
562.9000000000002,6.439293933161034,6.49077859753055,2.6886423675664657e+28
563.9000000000002,6.438729901692636,6.488998436932114,2.6865911311084495e+28
564.9000000000002,6.438166738201223,6.48722145467068,2.6845450898054823e+28
565.9000000000002,6.437604439930178,6.485447639359501,2.682504221338115e+28
566.9000000000002,6.437043004136413,6.483676979672946,2.680468503522006e+28
567.9000000000002,6.436482428090279,6.4819094643460655,2.6784379143068715e+28
568.9000000000002,6.4359227090754745,6.480145082174159,2.676412431775439e+28
569.9000000000002,6.435363844388962,6.478383822012345,2.6743920341424134e+28
570.9000000000002,6.434805831340875,6.476625672775143,2.672376699753453e+28
571.9000000000002,6.434248667254436,6.47487062343604,2.670366407084151e+28
572.9000000000002,6.433692349465865,6.473118663027087,2.6683611347390374e+28
573.9000000000002,6.433136875324299,6.471369780638479,2.666360861450575e+28
574.9000000000002,6.432582242191701,6.469623965418142,2.66436556607818e+28
575.9000000000002,6.432028447442783,6.4678812065713345,2.6623752276072406e+28
576.9000000000002,6.431475488464917,6.466141493360242,2.66038982514815e+28
577.9000000000002,6.4309233626580555,6.4644048151035705,2.658409337935349e+28
578.9000000000002,6.4303720674346465,6.462671161176166,2.6564337453263765e+28
579.9000000000002,6.4298216002195545,6.460940521008606,2.6544630268009258e+28
580.9000000000002,6.429271958449979,6.459212884086822,2.6524971619599156e+28
581.9000000000002,6.428723139575373,6.45748823995171,2.6505361305245654e+28
582.9000000000002,6.428175141057368,6.455766578198748,2.648579912335481e+28
583.9000000000002,6.427627960369688,6.454047888477616,2.646628487351748e+28
584.9000000000002,6.427081594998079,6.452332160491833,2.6446818356500335e+28
585.9000000000002,6.426536042440225,6.450619383998362,2.642739937423699e+28
586.9000000000002,6.425991300205676,6.448909548807256,2.6408027729819156e+28
587.9000000000002,6.42544736581577,6.447202644781298,2.638870322748795e+28
588.9000000000002,6.424904236803555,6.445498661835618,2.636942567262519e+28
589.9000000000002,6.424361910713719,6.443797589937356,2.6350194871744892e+28
590.9000000000002,6.42382038510251,6.44209941910529,2.6331010632484715e+28
591.9000000000002,6.423279657537667,6.440404139409486,2.6311872763597595e+28
592.9000000000002,6.422739725598344,6.438711740970952,2.6292781074943375e+28
593.9000000000002,6.4222005868750385,6.437022213961287,2.6273735377480564e+28
594.9000000000002,6.4216622389695175,6.435335548602334,2.6254735483258137e+28
595.9000000000002,6.42112467949475,6.4336517351658475,2.6235781205407436e+28
596.9000000000002,6.420587906074831,6.431970763973142,2.6216872358134136e+28
597.9000000000002,6.420051916344917,6.430292625394767,2.619800875671027e+28
598.9000000000002,6.41951670795115,6.4286173098501695,2.617919021746633e+28
599.9000000000002,6.418982278550593,6.426944807807365,2.6160416557783484e+28
600.9000000000002,6.418448625811159,6.425275109782605,2.614168759608578e+28
601.9000000000002,6.417915747411545,6.423608206340063,2.612300315183249e+28
602.9000000000002,6.4173836410411615,6.421944088091504,2.610436304551052e+28
603.9000000000002,6.416852304400068,6.420282745695966,2.6085767098626817e+28
604.9000000000002,6.416321735198904,6.418624169859443,2.6067215133700946e+28
605.9000000000002,6.415791931158827,6.41696835133458,2.6048706974257653e+28
606.9000000000002,6.415262890011442,6.41531528092035,2.603024244481953e+28
607.9000000000002,6.4147346094987405,6.413664949461751,2.6011821370899744e+28
608.9000000000002,6.414207087373034,6.412017347849503,2.599344357899482e+28
609.9000000000002,6.413680321396892,6.410372467019728,2.5975108896577526e+28
610.9000000000002,6.413154309343074,6.40873029795368,2.5956817152089724e+28
611.9000000000002,6.412629048994474,6.40709083167741,2.5938568174935427e+28
612.9000000000002,6.4121045381440505,6.405454059261498,2.592036179547378e+28
613.9000000000002,6.4115807745947695,6.403819971820745,2.5902197845012214e+28
614.9000000000002,6.411057756159541,6.402188560513887,2.588407615579956e+28
615.9000000000002,6.410535480661157,6.400559816543305,2.5865996561019336e+28
616.9000000000002,6.410013945932237,6.3989337311547345,2.584795889478296e+28
617.9000000000002,6.409493149815157,6.397310295636988,2.5829962992123157e+28
618.9000000000002,6.408973090162,6.395689501321673,2.581200868898733e+28
619.9000000000002,6.408453764834492,6.3940713395829025,2.579409582223103e+28
620.9000000000002,6.407935171703945,6.392455801837032,2.5776224229611462e+28
621.9000000000002,6.407417308651198,6.390842879542371,2.5758393749781073e+28
622.9000000000002,6.406900173566557,6.389232564198917,2.5740604222281185e+28
623.9000000000002,6.406383764349743,6.387624847348089,2.5722855487535656e+28
624.9000000000002,6.4058680789098315,6.386019720572451,2.5705147386844645e+28
625.9000000000002,6.405353115165195,6.38441717549545,2.56874797623784e+28
626.9000000000002,6.404838871043449,6.3828172037811495,2.5669852457171106e+28
627.9000000000002,6.404325344481396,6.381219797133973,2.5652265315114793e+28
628.9000000000002,6.403812533424972,6.379624947298437,2.5634718180953275e+28
629.9000000000002,6.403300435829187,6.3780326460588945,2.5617210900276164e+28
630.9000000000002,6.402789049658074,6.376442885239287,2.5599743319512934e+28
631.9000000000002,6.402278372884638,6.374855656702881,2.5582315285927044e+28
632.9000000000002,6.401768403490794,6.373270952352023,2.5564926647610045e+28
633.9000000000002,6.401259139467323,6.371688764127885,2.5547577253475864e+28
634.9000000000002,6.4007505788138115,6.370109084010219,2.5530266953255e+28
635.9000000000002,6.400242719538606,6.368531904017113,2.5512995597488862e+28
636.9000000000002,6.399735559658756,6.366957216204748,2.549576303752414e+28
637.9000000000002,6.399229097199966,6.365385012667151,2.5478569125507165e+28
638.9000000000002,6.398723330196541,6.363815285535962,2.546141371437841e+28
639.9000000000002,6.398218256691337,6.362248026980183,2.5444296657866967e+28
640.9000000000002,6.397713874735711,6.360683229205964,2.5427217810485083e+28
641.9000000000002,6.397210182389473,6.359120884456345,2.541017702752278e+28
642.9000000000002,6.396707177720832,6.357560985011043,2.539317416504247e+28
643.9000000000002,6.39620485880635,6.356003523186205,2.537620907987365e+28
644.9000000000002,6.395703223730889,6.3544484913341925,2.5359281629607633e+28
645.9000000000002,6.39520227058757,6.3528958818433505,2.5342391672592307e+28
646.9000000000002,6.394701997477718,6.351345687137776,2.532553906792696e+28
647.9000000000002,6.394202402510814,6.349797899677103,2.5308723675457145e+28
648.9000000000002,6.393703483804453,6.348252511956277,2.5291945355769576e+28
649.9000000000002,6.393205239484292,6.346709516505335,2.5275203970187078e+28
650.9000000000002,6.392707667684006,6.345168905889185,2.5258499380763575e+28
651.9000000000002,6.3922107665452375,6.343630672707395,2.5241831450279106e+28
652.9000000000002,6.391714534217557,6.342094809593977,2.5225200042234914e+28
653.9000000000002,6.391218968858411,6.34056130921717,2.520860502084856e+28
654.9000000000002,6.390724068633078,6.339030164279228,2.519204625104905e+28
655.9000000000002,6.3902298317146276,6.337501367516216,2.5175523598472065e+28
656.9000000000002,6.38973625628387,6.335974911697797,2.515903692945515e+28
657.9000000000002,6.389243340529313,6.334450789627022,2.5142586111033024e+28
658.9000000000002,6.388751082647121,6.332928994140136,2.5126171010932873e+28
659.9000000000002,6.388259480841068,6.331409518106364,2.51097914975697e+28
660.9000000000002,6.387768533322495,6.329892354427713,2.509344744004171e+28
661.9000000000002,6.387278238310266,6.328377496038769,2.5077138708125746e+28
662.9000000000002,6.386788594030728,6.326864935906507,2.5060865172272745e+28
663.9000000000002,6.386299598717663,6.325354667030075,2.5044626703603236e+28
664.9000000000002,6.385811250612253,6.323846682440623,2.502842317390288e+28
665.9000000000002,6.385323547963031,6.322340975201081,2.5012254455618043e+28
666.9000000000002,6.384836489025844,6.320837538405998,2.4996120421851413e+28
667.9000000000002,6.384350072063809,6.319336365181313,2.498002094635762e+28
668.9000000000002,6.383864295347273,6.317837448684198,2.4963955903538945e+28
669.9000000000002,6.383379157153773,6.316340782102854,2.4947925168441024e+28
670.9000000000002,6.382894655767995,6.31484635865632,2.4931928616748596e+28
671.9000000000002,6.382410789481732,6.313354171594302,2.491596612478129e+28
672.9000000000002,6.381927556593846,6.311864214196969,2.490003756948943e+28
673.9000000000002,6.381444955410228,6.310376479774792,2.4884142828449926e+28
674.9000000000002,6.38096298424376,6.308890961668341,2.486828177986211e+28
675.9000000000002,6.380481641414271,6.307407653248118,2.485245430254369e+28
676.9000000000002,6.380000925248504,6.30592654791438,2.4836660275926683e+28
677.9000000000002,6.379520834080077,6.304447639096949,2.4820899580053415e+28
678.9000000000002,6.379041366249439,6.302970920255042,2.4805172095572513e+28
679.9000000000002,6.378562520103837,6.301496384877105,2.4789477703734976e+28
680.9000000000002,6.378084293997278,6.300024026480619,2.477381628639025e+28
681.9000000000002,6.377606686290491,6.298553838611953,2.4758187725982326e+28
682.9000000000002,6.377129695350889,6.297085814846174,2.474259190554589e+28
683.9000000000002,6.376653319552531,6.295619948786873,2.4727028708702497e+28
684.9000000000002,6.376177557276089,6.294156234066021,2.471149801965677e+28
685.9000000000002,6.3757024069088075,6.292694664343777,2.469599972319263e+28
686.9000000000002,6.3752278668444715,6.291235233308338,2.468053370466958e+28
687.9000000000002,6.374753935483367,6.289777934675765,2.466509985001895e+28
688.9000000000002,6.374280611232247,6.288322762189818,2.4649698045740267e+28
689.9000000000002,6.373807892504295,6.286869709621801,2.463432817889759e+28
690.9000000000002,6.373335777719091,6.285418770770399,2.4618990137115857e+28
691.9000000000002,6.372864265302576,6.283969939461512,2.460368380857735e+28
692.9000000000002,6.372393353687019,6.2825232095481045,2.4588409082018087e+28
693.9000000000002,6.371923041310978,6.281078574910039,2.457316584672429e+28
694.9000000000002,6.371453326619272,6.279636029453922,2.455795399252889e+28
695.9000000000002,6.37098420806294,6.278195567112956,2.4542773409808053e+28
696.9000000000002,6.370515684099215,6.2767571818467776,2.452762398947769e+28
697.9000000000002,6.370047753191483,6.2753208676413,2.4512505622990057e+28
698.9000000000002,6.369580413809256,6.273886618508575,2.449741820233036e+28
699.9000000000002,6.369113664428134,6.272454428486627,2.4482361620013357e+28
700.9000000000002,6.368647503529776,6.271024291639312,2.4467335769080024e+28
701.9000000000002,6.368181929601865,6.2695962020561655,2.4452340543094225e+28
702.9000000000002,6.367716941138075,6.268170153852257,2.4437375836139432e+28
703.9000000000002,6.367252536638041,6.266746141168037,2.442244154281543e+28
704.9000000000002,6.366788714607328,6.265324158169204,2.4407537558235085e+28
705.9000000000002,6.366325473557394,6.263904199046543,2.4392663778021125e+28
706.9000000000002,6.365862812005565,6.262486258015796,2.4377820098302926e+28
707.9000000000002,6.365400728474999,6.261070329317512,2.436300641571337e+28
708.9000000000002,6.364939221494656,6.259656407216907,2.4348222627385664e+28
709.9000000000002,6.364478289599269,6.258244486003726,2.433346863095024e+28
710.9000000000002,6.36401793132931,6.256834559992097,2.4318744324531645e+28
711.9000000000002,6.3635581452309635,6.255426623520398,2.4304049606745478e+28
712.9000000000002,6.3630989298560925,6.254020670951121,2.4289384376695306e+28
713.9000000000002,6.362640283762211,6.2526166966707315,2.4274748533969674e+28
714.9000000000002,6.362182205512452,6.251214695089526,2.4260141978639076e+28
715.9000000000002,6.361724693675542,6.249814660641519,2.424556461125297e+28
716.9000000000002,6.361267746825764,6.248416587784279,2.4231016332836832e+28
717.9000000000002,6.360811363542936,6.247020470998827,2.4216497044889203e+28
718.9000000000002,6.360355542412378,6.245626304789477,2.4202006649378776e+28
719.9000000000002,6.359900282024884,6.244234083683722,2.4187545048741507e+28
720.9000000000002,6.3594455809766925,6.242843802232104,2.417311214587774e+28
721.9000000000002,6.3589914378694585,6.241455455008074,2.4158707844149355e+28
722.9000000000002,6.358537851310225,6.240069036607867,2.4144332047376936e+28
723.9000000000002,6.358084819911396,6.238684541650388,2.412998465983697e+28
724.9000000000002,6.357632342290708,6.237301964777069,2.411566558625906e+28
725.9000000000002,6.357180417071201,6.235921300651748,2.4101374731823137e+28
726.9000000000002,6.3567290428811924,6.234542543960547,2.408711200215675e+28
727.9000000000002,6.356278218354248,6.233165689411752,2.407287730333231e+28
728.9000000000002,6.355827942129157,6.231790731735678,2.4058670541864404e+28
729.9000000000002,6.355378212849902,6.230417665684556,2.404449162470711e+28
730.9000000000002,6.354929029165636,6.229046486032409,2.4030340459251313e+28
731.9000000000002,6.354480389730654,6.227677187574939,2.401621695332208e+28
732.9000000000002,6.354032293204362,6.226309765129386,2.4002121015176025e+28
733.9000000000002,6.35358473825126,6.224944213534442,2.398805255349871e+28
734.9000000000002,6.353137723540907,6.223580527650096,2.397401147740206e+28
735.9000000000002,6.3526912477479,6.222218702357553,2.395999769642177e+28
736.9000000000002,6.352245309551846,6.220858732559089,2.3946011120514788e+28
737.9000000000002,6.351799907637338,6.219500613177948,2.3932051660056774e+28
738.9000000000002,6.351355040693929,6.218144339158229,2.391811922583959e+28
739.9000000000002,6.350910707416103,6.216789905464768,2.3904213729068803e+28
740.9000000000002,6.350466906503257,6.2154373070830236,2.38903350813612e+28
741.9000000000002,6.35002363665967,6.214086539018968,2.387648319474236e+28
742.9000000000002,6.349580896594481,6.212737596298977,2.3862657981644194e+28
743.9000000000002,6.349138685021662,6.2113904739697094,2.3848859354902523e+28
744.9000000000002,6.348697000659996,6.210045167098006,2.383508722775469e+28
745.9000000000002,6.348255842233052,6.2087016707707825,2.3821341513837166e+28
746.9000000000002,6.347815208469161,6.207359980094909,2.380762212718318e+28
747.9000000000002,6.347375098101389,6.206020090197111,2.3793928982220355e+28
748.9000000000002,6.346935509867516,6.204681996223863,2.378026199376842e+28
749.9000000000002,6.3464964425100145,6.20334569334128,2.3766621077036828e+28
750.9000000000002,6.34605789477602,6.202011176735002,2.3753006147622517e+28
751.9000000000002,6.3456198654173095,6.200678441610105,2.373941712150758e+28
752.9000000000002,6.345182353190284,6.199347483190991,2.3725853915057026e+28
753.9000000000002,6.3447453568559355,6.1980182967212745,2.371231644501652e+28
754.9000000000002,6.344308875179832,6.1966908774637,2.3698804628510134e+28
755.9000000000002,6.343872906932092,6.195365220700014,2.3685318383038166e+28
756.9000000000002,6.34343745088736,6.194041321730886,2.3671857626474898e+28
757.9000000000002,6.343002505824786,6.192719175875798,2.3658422277066427e+28
758.9000000000002,6.342568070528001,6.191398778472935,2.364501225342849e+28
759.9000000000002,6.3421341437851,6.1900801248791115,2.363162747454432e+28
760.9000000000002,6.341700724388612,6.1887632104696415,2.3618267859762483e+28
761.9000000000002,6.341267811135483,6.1874480306382615,2.3604933328794777e+28
762.9000000000002,6.340835402827056,6.186134580797026,2.35916238017141e+28
763.9000000000002,6.340403498269043,6.1848228563762095,2.3578339198952373e+28
764.9000000000002,6.339972096271508,6.183512852824212,2.356507944129845e+28
765.9000000000002,6.3395411956488426,6.18220456560746,2.355184444989605e+28
766.9000000000002,6.339110795219749,6.1808979902103225,2.3538634146241726e+28
767.9000000000002,6.338680893807216,6.179593122134998,2.35254484521828e+28
768.9000000000002,6.338251490238496,6.178289956901436,2.3512287289915363e+28
769.9000000000002,6.337822583345087,6.17698849004724,2.3499150581982264e+28
770.9000000000002,6.337394171962712,6.175688717127571,2.34860382512711e+28
771.9000000000002,6.336966254931296,6.174390633715056,2.347295022101226e+28
772.9000000000002,6.336538831094947,6.173094235399706,2.3459886414776945e+28
773.9000000000002,6.336111899301934,6.171799517788811,2.344684675647523e+28
774.9000000000002,6.335685458404671,6.1705064765068585,2.343383117035409e+28
775.9000000000002,6.335259507259692,6.169215107195445,2.342083958099554e+28
776.9000000000002,6.33483404472763,6.167925405513179,2.3407871913314656e+28
777.9000000000002,6.334409069673205,6.166637367135602,2.339492809255772e+28
778.9000000000002,6.333984580965195,6.165350987755092,2.338200804430032e+28
779.9000000000002,6.333560577476422,6.164066263080787,2.3369111694445487e+28
780.9000000000002,6.33313705808373,6.162783188838485,2.3356238969221824e+28
781.9000000000002,6.332714021667965,6.161501760770566,2.3343389795181673e+28
782.9000000000002,6.332291467113961,6.1602219746359115,2.3330564099199276e+28
783.9000000000002,6.331869393310513,6.1589438262098,2.331776180846897e+28
784.9000000000002,6.331447799150362,6.157667311283845,2.330498285050334e+28
785.9000000000002,6.331026683530176,6.156392425665899,2.3292227153131475e+28
786.9000000000002,6.330606045350532,6.155119165179972,2.327949464449715e+28
787.9000000000002,6.330185883515894,6.15384752566615,2.326678525305708e+28
788.9000000000002,6.329766196934599,6.152577502980506,2.325409890757913e+28
789.9000000000002,6.329346984518832,6.151309092995033,2.3241435537140606e+28
790.9000000000002,6.328928245184615,6.150042291597542,2.3228795071126507e+28
791.9000000000002,6.328509977851784,6.148777094691605,2.321617743922778e+28
792.9000000000002,6.328092181443971,6.147513498196451,2.3203582571439655e+28
793.9000000000002,6.3276748548885875,6.1462514980469045,2.31910103980599e+28
794.9000000000002,6.327257997116806,6.144991090193297,2.3178460849687173e+28
795.9000000000002,6.326841607063543,6.143732270601387,2.3165933857219326e+28
796.9000000000002,6.326425683667439,6.142475035252293,2.315342935185174e+28
797.9000000000002,6.32601022587084,6.141219380142397,2.314094726507568e+28
807.9000000000002,6.321881025810103,6.128748872172016,2.3017344556230337e+28
817.9000000000002,6.317797249149956,6.116432094645145,2.2895910482065888e+28
827.9000000000002,6.313757896760444,6.104265284306559,2.277658116883786e+28
837.9000000000002,6.309762002973512,6.092244814780045,2.265929536651879e+28
847.9000000000002,6.3058086340810515,6.08036719000973,2.254399431125028e+28
857.9000000000002,6.301896886917149,6.068629038089391,2.243062159653043e+28
867.9000000000002,6.298025887518892,6.057027105452473,2.2319123052487255e+28
877.9000000000002,6.294194789860532,6.045558251397889,2.220944663264395e+28
887.9000000000002,6.290402774656199,6.034219442928549,2.210154230763168e+28
897.9000000000002,6.286649048226738,6.023007749881467,2.1995361965350683e+28
907.9000000000002,6.282932841426548,6.011920340329899,2.1890859317121665e+28
917.9000000000002,6.279253408626633,6.0009544762394675,2.178798980940646e+28
927.9000000000002,6.275610026750346,5.990107509361678,2.168671054071079e+28
937.9000000000002,6.272001994358557,5.979376877349415,2.158698018331288e+28
947.9000000000002,6.268428630781205,5.968760100080134,2.148875890948939e+28
957.9000000000002,6.264889275292446,5.958254776173675,2.1392008321936056e+28
967.9000000000002,6.2613832863267485,5.947858579692356,2.129669138810339e+28
977.9000000000002,6.257910040733531,5.937569257012118,2.1202772378189307e+28
987.9000000000002,6.254468933068051,5.9273846238541275,2.111021680655003e+28
997.9000000000002,6.251059374916457,5.917302562467105,2.10189913763082e+28
1007.9000000000002,6.247692263201224,5.907338467506781,2.0740439629180617e+28
1017.9000000000002,6.244388839558556,5.897523614058384,2.041931718446943e+28
1027.9,6.241148434804824,5.887856055915458,2.010623361047973e+28
1037.9,6.237969202779204,5.878332078085888,1.9800912363608234e+28
1047.9,6.234849369491217,5.868948094541716,1.950308895467144e+28
1057.9,6.231787229616614,5.859700642575653,1.9212510314782303e+28
1067.9,6.22878114319554,5.850586377453636,1.8928934200195141e+28
1077.9,6.22582953251949,5.841602067345397,1.8652128633385655e+28
1087.9,6.222930879194596,5.832744588516244,1.8381871377848009e+28
1097.9,6.220083721369721,5.824010920764499,1.8117949444287198e+28
1107.9,6.217286651118659,5.815398143089967,1.786015862606423e+28
1117.9,6.214538311966564,5.806903429579881,1.7608303061915688e+28
1127.9,6.211837396551413,5.7985240454996685,1.7362194824119371e+28
1137.9,6.209182644411994,5.790257343576613,1.7121653530415156e+28
1147.9,6.206572839894502,5.782100760465484,1.688650597811639e+28
1157.9,6.204006810170395,5.774051813385652,1.6656585798962693e+28
1167.9,6.20148342335868,5.766108096920119,1.6431733133371295e+28
1177.9,6.199001586746252,5.75826727996734,1.6211794322841598e+28
1187.9,6.196560245100381,5.750527102837392,1.5996621619357381e+28
1197.9,6.194158379067826,5.7428853744845405,1.578607291071363e+28
1207.9,6.191795003655426,5.735339969868722,1.5580011460771052e+28
1217.9,6.189469166787374,5.727888827439017,1.5378305663711329e+28
1227.9,6.187179947934702,5.72052994673248,1.5180828811430877e+28
1237.9,6.184926456812787,5.713261386082237,1.4987458873270412e+28
1247.9,6.1827078321429765,5.706081260429027,1.4798078287332752e+28
1257.9,6.180523240474679,5.698987739230777,1.4612573762692145e+28
1267.9,6.1783718750645,5.691979044465063,1.4430836091845399e+28
1277.9,6.176252954809227,5.685053448719703,1.4252759972798726e+28
1287.9,6.17416572322967,5.6782092733669245,1.4078243840224386e+28
1297.9,6.1721094475025495,5.6714448868168255,1.3907189705158612e+28
1307.9,6.170083417537795,5.664758702846163,1.3739503002746898e+28
1317.9,6.168086945098805,5.658149178998675,1.3575092447574742e+28
1327.9,6.166119362963323,5.651614815053325,1.341386989615184e+28
1337.9,6.164180024122785,5.645154151557165,1.325575021614525e+28
1347.9,6.1622683010180825,5.638765768419617,1.3100651161982826e+28
1357.9,6.16038358480982,5.632448283565157,1.2948493256472024e+28
1367.9,6.158525284681262,5.626200351641616,1.2799199678101523e+28
1377.9,6.156692827172286,5.620020662781377,1.2652696153713564e+28
1387.9,6.154885655542724,5.613907941412974,1.2508910856254407e+28
1397.9,6.153103229163604,5.6078609451206844,1.2367774307328003e+28
1407.9,6.151345022934865,5.601878463549864,1.2229219284294884e+28
1417.9,6.149610526728215,5.595959317355884,1.209318073167371e+28
1427.9,6.147899244853875,5.590102357194619,1.1959595676617556e+28
1437.9,6.146210695550016,5.584306462752627,1.182840314825055e+28
1447.9,6.144544410493772,5.578570541815129,1.1699544100663137e+28
1457.9,6.142899934332776,5.572893529370139,1.157296133937616e+28
1467.9,6.141276824236208,5.5672743867470285,1.1448599451094935e+28
1477.9,6.139674649464423,5.561712100788075,1.132640473658495e+28
1487.9,6.1380929909562685,5.556205683051431,1.120632514651039e+28
1497.9,6.136531440933234,5.55075416904419,1.108831022008593e+28
1507.9,6.13498960251965,5.545356617484169,1.0972311026400547e+28
1517.9,6.133467089378177,5.540012109589199,1.0858280108280256e+28
1527.9,6.131963525359867,5.534719748392693,1.074617142856397e+28
1537.9,6.130478544168124,5.52947865808437,1.0635940318673805e+28
1547.9,6.129011789035921,5.52428798337505,1.052754342936767e+28
1557.9,6.127562912415676,5.519146888884505,1.0420938683568152e+28
1567.9,6.126131575681189,5.514054558551376,1.0316085231167484e+28
1577.9,6.124717448841121,5.509010195064215,1.0212943405713868e+28
1587.9,6.123320210263478,5.504013019312817,1.011147468288947e+28
1597.9,6.1219395464106166,5.499062269858932,1.0011641640695283e+28
1607.9,6.120575151584302,5.49415720242559,9.91340792126248e+27
1617.9,6.11922672768038,5.4892970894043,9.816738194214257e+27
1627.9,6.117893983952635,5.484481219379325,9.721598121506014e+27
1637.9,6.116576636785441,5.479708896668409,9.62795432367565e+27
1647.9,6.115274409474818,5.474979440879244,9.535774347439183e+27
1657.9,6.113987032017545,5.470292186481064,9.44502663457028e+27
1667.9,6.112714240907969,5.465646482390781,9.355680492005482e+27
1677.9,6.111455778942198,5.461041691573042,9.267706063119812e+27
1687.9,6.110211395029358,5.456477190653695,9.181074300120311e+27
1697.9,6.108980844009619,5.45195236954613,9.095756937507682e+27
1707.9,6.107763886478712,5.447466631089984,9.011726466558682e+27
1717.9,6.106560288618662,5.443019390701741,8.92895611078435e+27
1727.9,6.105369822034488,5.438610076036769,8.847419802321286e+27
1737.9,6.104192263596617,5.434238126662342,8.767092159215356e+27
1747.9,6.103027395288787,5.4299029937412495,8.68794846355923e+27
1757.9,6.101875004061214,5.425604139725581,8.609964640446922e+27
1767.9,6.100734881688811,5.4213410380603,8.533117237710419e+27
1777.9,6.099606824634254,5.4171131728962365,8.457383406405075e+27
1787.9,6.098490633915711,5.412920038812188,8.382740882012094e+27
1797.9,6.09738611497904,5.408761140545716,8.309167966327888e+27
1807.9,6.096293077574285,5.404635992732395,8.236643510011594e+27
1817.9,6.095211335636301,5.400544119653153,8.165146895763323e+27
1827.9,6.094140707169349,5.396485054989441,8.094658022107023e+27
1837.9,6.093081014135504,5.3924583415859155,8.025157287753086e+27
1847.9,6.092032082346732,5.38846353122039,7.956625576516921e+27
1857.9,6.0909937413604975,5.384500184380805,7.889044242770859e+27
1867.9,6.089965824378762,5.380567870048904,7.822395097407791e+27
1877.9,6.088948168150249,5.376666165490475,7.756660394295891e+27
1887.9,6.087940612875853,5.372794656051823,7.691822817204755e+27
1897.9,6.086943002117073,5.368952934962343,7.62786546718414e+27
1907.9,6.08595518270736,5.3651406031429225,7.564771850377369e+27
1917.9,6.084977004666262,5.361357269019987,7.50252586625222e+27
1927.9,6.084008321116286,5.357602548345014,7.441111796232933e+27
1937.9,6.0830489882023455,5.353876064019296,7.380514292717655e+27
1947.9,6.082098865013727,5.350177445923801,7.320718368466352e+27
1957.9,6.0811578135084705,5.3465063307539324,7.261709386344855e+27
1967.9,6.0802256984400795,5.342862361859036,7.203473049411363e+27
1977.9,6.079302387286477,5.3392451890865,7.145995391332266e+27
1987.9,6.078387750181126,5.335654468630281,7.089262767114785e+27
1997.9,6.0774816598462476,5.33208986288372,7.033261844144389e+27
2007.9,6.076583991528041,5.328551040296488,6.977979593515534e+27
2017.9,6.075694622933863,5.32503767523555,6.923403281644697e+27
2027.9,6.074813434171271,5.321549447850003,6.869520462155163e+27
2037.9,6.073940307688888,5.31808604393965,6.816318968023508e+27
2047.9,6.073075128219009,5.314647154827202,6.763786903978057e+27
2057.9,6.072217782721901,5.311232477234007,6.711912639140085e+27
2067.9,6.071368160331731,5.307841713159148,6.660684799898851e+27
2077.9,6.070526152304069,5.304474569761842,6.610092263011968e+27
2087.9,6.069691651964916,5.30113075924702,6.560124148922913e+27
2097.9,6.0688645546611975,5.297809998753983,6.510769815287872e+27
2107.9,6.068044757712683,5.294512010248047,6.462018850704377e+27
2117.9,6.067232160365275,5.291236520415078,6.413861068634529e+27
2127.9,6.0664266637456254,5.287983260558809,6.366286501515904e+27
2137.9,6.0656281708170425,5.284751966500899,6.319285395053456e+27
2147.9,6.06483658633663,5.2815423784836,6.272848202686085e+27
2157.9,6.064051816813633,5.278354241074965,6.226965580221699e+27
2167.9,6.063273770468944,5.275187303076546,6.18162838063492e+27
2177.9,6.062502357195735,5.272041317433473,6.136827649021763e+27
2187.9,6.061737488521169,5.268916041146845,6.092554617705859e+27
2197.9,6.060979077569177,5.265811235188394,6.048800701490999e+27
2207.9,6.060227039024243,5.262726664417306,6.005557493054996e+27
2217.9,6.059481289096176,5.259662097499173,5.962816758480025e+27
2227.9,6.0587417454858485,5.256617306827002,5.920570432914811e+27
2237.9,6.058008327351844,5.253592068444208,5.878810616364209e+27
2247.9,6.057280955278012,5.250586161969537,5.837529569601869e+27
2257.9,6.056559551241882,5.247599370523875,5.79671971020188e+27
2267.9,6.05584403858393,5.244631480658882,5.756373608685409e+27
2277.9,6.055134341977646,5.2416822822873765,5.716483984778515e+27
2287.9,6.054430387400399,5.238751568615454,5.677043703777458e+27
2297.9,6.053732102105066,5.235839136076256,5.638045773017964e+27
2307.9,6.053039414592403,5.23294478426539,5.59948333844504e+27
2317.9,6.052352254584134,5.230068315877869,5.561349681280037e+27
2327.9,6.051670552996736,5.227209536646633,5.523638214781825e+27
2337.9,6.050994241915905,5.224368255282523,5.48634248109901e+27
2347.9,6.050323254571674,5.221544283415705,5.449456148210259e+27
2357.9,6.0496575253141645,5.218737435538487,5.412973006949932e+27
2367.9,6.048996989589966,5.2159475289495205,5.376886968116245e+27
2377.9,6.048341583919104,5.213174383699306,5.341192059659379e+27
2387.9,6.047691245872591,5.2104178225369795,5.305882423946977e+27
2397.9,6.047045914050548,5.207677670858379,5.270952315104601e+27
2407.9,6.046405528060866,5.204953756655294,5.236396096428771e+27
2417.9,6.045770028498405,5.202245910465926,5.202208237870335e+27
2427.9,6.045139356924703,5.1995539653264835,5.168383313585961e+27
2437.9,6.044513455848196,5.196877756723897,5.134915999555647e+27
2447.9,6.043892268704912,5.194217122549626,5.101801071264201e+27
2457.9,6.043275739839651,5.191571903054538,5.06903340144471e+27
2467.9,6.042663814487615,5.188941940804792,5.03660795788213e+27
2477.9,6.042056438756487,5.186327080638746,5.004519801275109e+27
2487.9,6.041453559608944,5.183727169624831,4.972764083154321e+27
2497.9,6.040855124845595,5.181142057020384,4.941336043855567e+27
2507.9,6.040261083088322,5.1785715942314,4.910231010545998e+27
2517.9,6.039671383764023,5.176015634773178,4.8794443953018646e+27
2527.9,6.03908597708874,5.173474034231861,4.848971693236245e+27
2537.9,6.0385048140521675,5.1709466502268135,4.818808480675269e+27
2547.9,6.037927846402521,5.16843334237385,4.7889504133813876e+27
2557.9,6.037355026631765,5.165933972249244,4.759393224822298e+27
2567.9,6.036786307961187,5.163448403354556,4.73013272448418e+27
2577.9,6.036221644327307,5.160976501082216,4.7011647962279474e+27
2587.9,6.035660990368113,5.1585181326818565,4.672485396687235e+27
2597.9,6.035104301409619,5.156073167227375,4.644090553706935e+27
2607.9,6.034551533452728,5.153641475584712,4.615976364821081e+27
2617.9,6.034002643160403,5.151222930380315,4.5881389957689526e+27
2627.9,6.033457587845125,5.148817405970284,4.5605746790482967e+27
2637.9,6.032916325456638,5.146424778410174,4.533279712504598e+27
2647.9,6.032378814569977,5.144044925425444,4.506250457955377e+27
2657.9,6.031845014373762,5.141677726382516,4.4794833398485054e+27
2667.9,6.031314884658756,5.13932306226047,4.452974843953574e+27
2677.9,6.03078838580668,5.136980815623307,4.4267215160853977e+27
2687.9,6.030265478779281,5.134650870592819,4.400719960858721e+27
2697.9,6.029746125107637,5.132333112822003,4.3749668404732796e+27
2707.9,6.029230286881709,5.130027429469041,4.349458873528342e+27
2717.9,6.028717926740109,5.12773370917181,4.3241928338659345e+27
2727.9,6.02820900786011,5.125451842022926,4.299165549441929e+27
2737.9,6.027703493947865,5.123181719545299,4.2743739012242466e+27
2747.9,6.0272013492288385,5.120923234668184,4.2498148221174096e+27
2757.9,6.026702538438453,5.118676281703719,4.2254852959127346e+27
2767.9,6.026207026812934,5.116440756323954,4.201382356263451e+27
2777.9,6.025714780080354,5.114216555538332,4.1775030856840775e+27
2787.9,6.025225764451865,5.112003577671619,4.1538446145733896e+27
2797.9,6.024739946613129,5.109801722342297,4.130404120260343e+27
2807.9,6.0242572937159204,5.107610890441379,4.107178826072335e+27
2817.9,6.023777773369916,5.10543098411164,4.084166000425201e+27
2827.9,6.023301353634651,5.103261906727279,4.0613629559343616e+27
2837.9,6.0228280030116546,5.101103562873959,4.038767048546565e+27
2847.9,6.022357690436741,5.098955858329267,4.016375676691667e+27
2857.9,6.021890385272469,5.096818700043542,3.9941862804539244e+27
2867.9,6.021426057300759,5.094691996121084,3.9721963407622853e+27
2877.9,6.020964676715658,5.092575655801733,3.9504033785991664e+27
2887.9,6.0205062141162635,5.090469589442797,3.9288049542272564e+27
2897.9,6.020050640499785,5.08837370850134,3.907398666433844e+27
2907.9,6.019597927254756,5.086287925516812,3.8861821517922424e+27
2917.9,6.0191480461543785,5.084212154094008,3.865153083939844e+27
2927.9,6.018700969350011,5.082146308886353,3.844309172872391e+27
2937.9,6.018256669364781,5.080090305579522,3.823648164254032e+27
2947.9,6.017815119087338,5.078044060875348,3.8031678387427737e+27
2957.9,6.017376291765719,5.076007492476053,3.7828660113309154e+27
2967.9,6.016940161001352,5.073980519068778,3.7627405307000965e+27
2977.9,6.016506700743171,5.071963060310396,3.7427892785905863e+27
2987.9,6.016075885281852,5.069955036812614,3.7230101691844446e+27
2997.9,6.015647689244164,5.067956370127353,3.703401148502214e+27
3007.9,6.015222087587432,5.065966982732409,3.683960193812791e+27
3017.9,6.014799055594109,5.063986798017366,3.6646853130561667e+27
3027.9,6.014378568866458,5.062015740269786,3.645574544278681e+27
3037.9,6.013960603321336,5.060053734661642,3.626625955080519e+27
3047.9,6.013545135185084,5.058100707236013,3.607837642075106e+27
3057.9,6.013132140988511,5.05615658489401,3.5892077303601415e+27
3067.9,6.012721597561981,5.054221295381948,3.570734372999956e+27
3077.9,6.012313482030594,5.052294767278752,3.5524157505189313e+27
3087.9,6.011907771809461,5.050376929983599,3.534250070405704e+27
3097.9,6.011504444599067,5.048467713703768,3.5162355666278904e+27
3107.9,6.011103478380731,5.046567049442716,3.498370499157079e+27
3117.9,6.0107048514121395,5.044674868988382,3.4806531535038343e+27
3127.9,6.010308542222983,5.0427911049016805,3.4630818402624825e+27
3137.9,6.0099145296106595,5.040915690505213,3.445654894665423e+27
3147.9,6.009522792636069,5.0390485598721755,3.4283706761467596e+27
3157.9,6.009133310619487,5.0371896478154685,3.411227567915009e+27
3167.9,6.00874606313651,5.0353388898769955,3.394223976534679e+27
3177.9,6.008361030014085,5.03349622231715,3.377358331516505e+27
3187.9,6.007978191326608,5.031661582104491,3.360629084916137e+27
3197.9,6.007597527392098,5.029834906905598,3.3440347109410714e+27
3207.9,6.007219018768438,5.028016135075099,3.3275737055656483e+27
3217.9,6.006842646249694,5.026205205645882,3.311244586153905e+27
3227.9,6.006468390862498,5.024402058319469,3.295045891090122e+27
3237.9,6.006096233862491,5.02260663345656,3.2789761794168576e+27
3247.9,6.005726156730842,5.020818872067732,3.2630340304803226e+27
3257.9,6.0053581411708254,5.019038715804317,3.247218043582902e+27
3267.9,6.004992169104463,5.017266106949415,3.231526837642674e+27
3277.9,6.0046282226692265,5.015500988409077,3.2159590508597553e+27
3287.9,6.004266284214795,5.013743303703626,3.2005133403893173e+27
3297.9,6.003906336299881,5.011992996959133,3.185188382021122e+27
3307.9,6.003548361689106,5.010250012899039,3.16998286986543e+27
3317.9,6.0031923433499355,5.008514296835919,3.1548955160451294e+27
3327.9,6.002838264449668,5.006785794663365,3.139925050393948e+27
3337.9,6.002486108352478,5.005064452848037,3.125070220160609e+27
3347.9,6.002135858616512,5.003350218421826,3.1103297897188004e+27
3357.9,6.001787498991036,5.001643038974152,3.0957025402828175e+27
3367.9,6.001441013413633,4.999942862644396,3.081187269628762e+27
3377.9,6.00109638600745,4.998249638114444,3.0667827918211637e+27
3387.9,6.0007536010784985,4.996563314601378,3.052487936944911e+27
3397.9,6.00041264311299,4.994883841850253,3.0383015508423654e+27
3407.9,6.000073496774734,4.993211170127034,3.0242224948555506e+27
3417.9,5.999736146902566,4.991545250211607,3.0102496455732984e+27
3427.9,5.999400578507836,4.989886033390941,2.9963818945832476e+27
3437.9,5.999066776771924,4.988233471452334,2.982618148228583e+27
3447.9,5.998734727043813,4.986587516676785,2.9689573273694137e+27
3457.9,5.998404414837695,4.984948121832465,2.955398367148692e+27
3467.9,5.99807582583062,4.9833152401683005,2.9419402167625656e+27
3477.9,5.997748945860189,4.9816888254076535,2.928581839235073e+27
3487.9,5.997423760922281,4.980068831742102,2.9153222111970894e+27
3497.9,5.997100257168823,4.978455213825333,2.902160322669422e+27
3507.9,5.996778420905593,4.97684792676711,2.889095176849975e+27
3517.9,5.996458238590068,4.975246926127369,2.876125789904892e+27
3527.9,5.996139696829302,4.97365216791037,2.86325119076359e+27
3537.9,5.99582278237784,4.972063608558973,2.8504704209176024e+27
3547.9,5.99550748213567,4.970481204948989,2.837782534223151e+27
3557.9,5.995193783146208,4.96890491438362,2.8251865967073655e+27
3567.9,5.994881672594316,4.967334694587987,2.812681686378076e+27
3577.9,5.994571137804353,4.965770503703755,2.8002668930370993e+27
3587.9,5.994262166238262,4.964212300283823,2.7879413180969456e+27
3597.9,5.9939547454936815,4.962660043287108,2.775704074400879e+27
3607.9,5.993648863302093,4.961113692073407,2.763554286046253e+27
3617.9,5.993344507527002,4.959573206398344,2.7514910882110597e+27
3627.9,5.993041666162142,4.958038546408387,2.739513626983621e+27
3637.9,5.9927403273297095,4.95650967263594,2.727621059195359e+27
3647.9,5.992440479278634,4.954986545994525,2.7158125522565797e+27
3657.9,5.992142110382867,4.953469127774017,2.7040872839952094e+27
3667.9,5.991845209139705,4.951957379635967,2.6924444424984227e+27
3677.9,5.991549764168141,4.950451263608997,2.6808832259570995e+27
3687.9,5.991255764207235,4.948950742084252,2.669402842513055e+27
3697.9,5.990963198114517,4.947455777810925,2.6580025101089944e+27
3707.9,5.9906720548644135,4.945966333891864,2.646681456341112e+27
3717.9,5.990382323546702,4.944482373779223,2.6354389183143166e+27
3727.9,5.990093993364984,4.943003861270197,2.6242741424999945e+27
3737.9,5.9898070536351895,4.941530760502803,2.6131863845962836e+27
3747.9,5.9895214937841,4.9400630359517415,2.602174909390795e+27
3757.9,5.989237303347896,4.938600652424309,2.5912389906257384e+27
3767.9,5.988954471970732,4.937143575056376,2.580377910865402e+27
3777.9,5.988672989403327,4.935691769308416,2.569590961365937e+27
3787.9,5.988392845501578,4.934245200961607,2.5588774419474005e+27
3797.9,5.988114030225204,4.932803836113977,2.5482366608680196e+27
3807.9,5.987836533636399,4.931367641176612,2.537667934700624e+27
3817.9,5.987560345898514,4.929936582869925,2.527170588211203e+27
3827.9,5.987285457274757,4.928510628219968,2.516743954239555e+27
3837.9,5.987011858126913,4.927089744554804,2.506387373581977e+27
3847.9,5.986739538914086,4.925673899500932,2.4961001948759624e+27
3857.9,5.986468490191453,4.924263060979769,2.48588177448686e+27
3867.9,5.98619870260905,4.922857197204159,2.4757314763964647e+27
3877.9,5.9859301669105625,4.9214562766749745,2.4656486720934925e+27
3887.9,5.985662873932147,4.9200602681777195,2.45563274046591e+27
3897.9,5.985396814601259,4.918669140779219,2.4456830676950824e+27
3907.9,5.9851319799355105,4.917282863824333,2.4357990471516998e+27
3917.9,5.984868361041534,4.915901406932731,2.42598007929345e+27
3927.9,5.984605949113871,4.9145247399956995,2.4162255715644052e+27
3937.9,5.984344735433875,4.913152833173008,2.4065349382960912e+27
3947.9,5.984084711368628,4.911785656889807,2.3969076006102005e+27
3957.9,5.98382586836988,4.910423181833583,2.387342986322922e+27
3967.9,5.983568197972999,4.909065378951139,2.3778405298508607e+27
3977.9,5.983311691795937,4.907712219445644,2.3683996721185072e+27
3987.9,5.983056341538213,4.906363674773692,2.3590198604672365e+27
3997.9,5.982802138979913,4.905019716642415,2.3497005485657996e+27
4007.9,5.982549075980699,4.903680317006658,2.3404411963222908e+27
4017.9,5.982297144478839,4.902345448066154,2.3312412697975464e+27
4027.9,5.982046336490246,4.90101508226277,2.3221002411199668e+27
4037.9,5.981796644107537,4.899689192277771,2.3130175884017175e+27
4047.9,5.9815480594991,4.898367751029137,2.303992795656296e+27
4057.9,5.981300574908175,4.897050731668903,2.2950253527174342e+27
4067.9,5.981054182651957,4.89573810758055,2.2861147551593097e+27
4077.9,5.980808875120699,4.894429852376415,2.2772605042180466e+27
4087.9,5.9805646447768375,4.893125939895148,2.2684621067144773e+27
4097.9,5.9803214841541275,4.891826344199206,2.2597190749781414e+27
4107.9,5.980079385856791,4.89053103957237,2.2510309267725075e+27
4117.9,5.979838342558675,4.889240000517302,2.2423971852213833e+27
4127.9,5.979598347002425,4.887953201753138,2.233817378736499e+27
4137.9,5.9793593919986705,4.886670618213104,2.2252910409462457e+27
4147.9,5.979121470425217,4.885392225042179,2.216817710625538e+27
4157.9,5.978884575226256,4.8841179975947675,2.2083969316267893e+27
4167.9,5.978648699411583,4.88284791143243,2.200028252811975e+27
4177.9,5.978413836055825,4.881581942321618,2.191711227985765e+27
4187.9,5.978179978297686,4.880320066231459,2.1834454158297066e+27
4197.9,5.977947119339192,4.8790622593315565,2.1752303798374382e+27
4207.9,5.977715252444957,4.877808497989831,2.167065688250915e+27
4217.9,5.977484370941453,4.876558758770379,2.1589509139976305e+27
4227.9,5.977254468216294,4.875313018431369,2.1508856346288116e+27
4237.9,5.977025537717525,4.87407125392296,2.1428694322585759e+27
4247.9,5.976797572952931,4.872833442385247,2.13490189350403e+27
4257.9,5.9765705674893415,4.871599561146235,2.126982609426289e+27
4267.9,5.976344514951958,4.870369587719848,2.1191111754724142e+27
4277.9,5.9761194090236796,4.869143499803943,2.1112871914182307e+27
4287.9,5.975895243444448,4.867921275278368,2.1035102613120335e+27
4297.9,5.975672012010595,4.86670289220304,2.095779993419147e+27
4307.9,5.975449708574199,4.865488328816047,2.0880960001673362e+27
4317.9,5.975228327042455,4.864277563531774,2.0804578980930455e+27
4327.9,5.9750078613770485,4.863070574939055,2.0728653077884553e+27
4337.9,5.974788305593542,4.8618673417993445,2.065317853849344e+27
4347.9,5.9745696537607635,4.860667843044919,2.0578151648237333e+27
4357.9,5.974351900000213,4.859472057777097,2.0503568731613138e+27
4367.9,5.974135038485467,4.858279965264485,2.042942615163629e+27
4377.9,5.973919063441596,4.857091544941239,2.0355720309350067e+27
4387.9,5.973703969144594,4.855906776405353,2.0282447643342304e+27
4397.9,5.973489749920805,4.854725639416974,2.0209604629269276e+27
4407.9,5.973276400146369,4.8535481138967285,2.0137187779386723e+27
4417.9,5.973063914246664,4.852374179924077,2.0065193642087842e+27
4427.9,5.972852286695766,4.85120381773568,1.9993618801448143e+27
4437.9,5.972641512015912,4.850037007723806,1.9922459876777056e+27
4447.9,5.972431584776963,4.848873730434731,1.9851713522176142e+27
4457.9,5.9722224995958895,4.847713966567177,1.9781376426103865e+27
4467.9,5.972014251136248,4.846557696970763,1.971144531094672e+27
4477.9,5.971806834107677,4.845404902644482,1.9641916932596703e+27
4487.9,5.97160024326539,4.844255564735185,1.9572788080034948e+27
4497.9,5.97139447340968,4.843109664536097,1.950405557492145e+27
4507.9,5.971189519385435,4.841967183485339,1.943571627119079e+27
4517.9,5.9709853760816465,4.8408281031644815,1.9367767054653742e+27
4527.9,5.970782038430938,4.839692405297097,1.9300204842604635e+27
4537.9,5.970579501409094,4.838560071747355,1.923302658343445e+27
4547.9,5.970377760034593,4.8374310845186095,1.9166229256249485e+27
4557.9,5.970176809368151,4.836305425752023,1.909980987049553e+27
4567.9,5.969976644512269,4.835183077725199,1.9033765465587452e+27
4577.9,5.969777260610786,4.834064022850821,1.8968093110544096e+27
4587.9,5.969578652848437,4.832948243675337,1.8902789903628424e+27
4597.9,5.9693808164504185,4.831835722877624,1.88378529719928e+27
4607.9,5.969183746681959,4.830726443267693,1.877327947132935e+27
4617.9,5.968987438847894,4.829620387785405,1.8709066585525265e+27
4627.9,5.96879188829225,4.828517539499195,1.864521152632305e+27
4637.9,5.968597090397826,4.827417881604825,1.8581711532985562e+27
4647.9,5.968403040585791,4.826321397424129,1.8518563871965777e+27
4657.9,5.968209734315277,4.825228070403801,1.8455765836581257e+27
4667.9,5.968017167082983,4.824137884114179,1.8393314746693164e+27
4677.9,5.967825334422781,4.823050822248043,1.833120794838981e+27
4687.9,5.967634231905331,4.821966868619441,1.8269442813674652e+27
4697.9,5.9674438551376925,4.820886007162512,1.8208016740158624e+27
4707.9,5.9672541997629525,4.819808221930337,1.814692715075679e+27
4717.9,5.967065261459849,4.818733497093801,1.808617149338923e+27
4727.9,5.966877035942402,4.8176618169404515,1.8025747240686074e+27
4737.9,5.966689518959551,4.8165931658734,1.7965651889696634e+27
4747.9,5.966502706294792,4.8155275284102075,1.7905882961602557e+27
4757.9,5.966316593765827,4.814464889181805,1.7846438001434963e+27
4767.9,5.96613117722421,4.813405232931413,1.7787314577795467e+27
4777.9,5.965946452555004,4.8123485445134815,1.7728510282581049e+27
4787.9,5.965762415676433,4.8112948088926295,1.7670022730712694e+27
4797.9,5.9655790625395495,4.810244011142618,1.7611849559867767e+27
4807.9,5.9653963891279,4.809196136445321,1.7553988430216032e+27
4817.9,5.965214391457192,4.808151170089699,1.7496437024159292e+27
4827.9,5.965033065574972,4.80710909747081,1.7439193046074553e+27
4837.9,5.964852407560304,4.80606990408881,1.73822542220607e+27
4847.9,5.964672413523449,4.805033575547972,1.7325618299688612e+27
4857.9,5.964493079605551,4.804000097555722,1.7269283047754627e+27
4867.9,5.9643144019783305,4.802969455921675,1.721324625603737e+27
4877.9,5.964136376843777,4.801941636556689,1.715750573505787e+27
4887.9,5.963959000433846,4.800916625471935,1.7102059315842845e+27
4897.9,5.963782269010157,4.799894408777959,1.7046904849691247e+27
4907.9,5.963606178863706,4.798874972683778,1.699204020794386e+27
4917.9,5.963430726314563,4.797858303495964,1.6937463281756035e+27
4927.9,5.963255907711593,4.79684438761776,1.688317198187342e+27
4937.9,5.963081719432169,4.795833211548189,1.6829164238410707e+27
4947.9,5.962908157881886,4.794824761881175,1.677543800063329e+27
4957.9,5.962735219494289,4.793819025304692,1.672199123674185e+27
4967.9,5.962562900730595,4.792815988599892,1.6668821933659762e+27
4977.9,5.962391198079422,4.7918156386402675,1.6615928096823337e+27
4987.9,5.962220108056521,4.790817962390818,1.6563307749974812e+27
4997.9,5.962049627204511,4.789822946907211,1.6510958934958068e+27
5007.9,5.9618797520926154,4.788830579334981,1.6458879711517046e+27
