Time,Mass,Radius,Lx
23.0,7.561720420378056,10.27,1.16e+30
23.1,7.554427208212599,10.257834636975707,1.1379130788620363e+30
23.200000000000003,7.547282964283914,10.245832376378798,1.1163394013017164e+30
23.300000000000004,7.540283924318052,10.233990212523148,1.0952649051464937e+30
23.400000000000006,7.533426436419439,10.222305197735485,1.0746759715264427e+30
23.500000000000007,7.526706957261332,10.2107744415359,1.0545594090858424e+30
23.60000000000001,7.5201220484174005,10.199395109801667,1.0349024388211266e+30
23.70000000000001,7.513668372828962,10.188164423917243,1.015692679517818e+30
23.80000000000001,7.507342691402622,10.177079659912943,9.969181337603901e+29
23.900000000000013,7.501141859733236,10.166138147594747,9.785671744902261e+29
24.000000000000014,7.495062824947356,10.155337269667326,9.606285320880269e+29
24.100000000000016,7.489102622662452,10.144674460852402,9.430912819581272e+29
24.200000000000017,7.483258374057439,10.1341472070042,9.259448325932423e+29
24.30000000000002,7.477527283050172,10.123753044223701,9.091789140991655e+29
24.40000000000002,7.47190663357776,10.113489557973264,8.927835671598919e+29
24.50000000000002,7.466393786975717,10.103354382192952,8.767491324245489e+29
24.600000000000023,7.46098617945211,10.093345198419897,8.610662402983735e+29
24.700000000000024,7.4556813196530305,10.08345973491186,8.45725801120788e+29
24.800000000000026,7.450476786315844,10.073695765776005,8.307189957144091e+29
24.900000000000027,7.44537022600684,10.064051110103852,8.160372662895557e+29
25.00000000000003,7.440359350940012,10.054523631113272,8.016723076895257e+29
25.10000000000003,7.435441936873833,10.045111235298288,7.876160589625755e+29
25.20000000000003,7.430615821083043,10.035811871587375,7.738606952471729e+29
25.300000000000033,7.425878900402539,10.026623530510843,7.603986199576933e+29
25.400000000000034,7.421229129340617,10.017544243377895,7.472224572583034e+29
25.500000000000036,7.416664518258898,10.008572081463779,7.343250448133274e+29
25.600000000000037,7.412183131616389,9.999705155207522,7.216994268028987e+29
25.70000000000004,7.407783086275229,9.990941613420551,7.093388471932082e+29
25.80000000000004,7.403462549865773,9.98227964250654,6.972367432511196e+29
25.90000000000004,7.39921973920874,9.973717465692738,6.853867392933779e+29
26.000000000000043,7.395052918792287,9.965253342273042,6.737826406610593e+29
26.100000000000044,7.390960399301897,9.956885566862933,6.624184279103221e+29
26.200000000000045,7.386940536201104,9.948612468666491,6.512882512109003e+29
26.300000000000047,7.382991728361133,9.940432410755532,6.403864249441579e+29
26.40000000000005,7.3791124167376125,9.932343789361036,6.297074224928658e+29
26.50000000000005,7.375301083092594,9.924345033176836,6.192458712152085e+29
26.60000000000005,7.371556248760178,9.91643460267567,6.08996547595837e+29
26.700000000000053,7.367876473454126,9.908610989437534,5.989543725671013e+29
26.800000000000054,7.364260354115885,9.900872715490383,5.891144069938766e+29
26.900000000000055,7.3607065238015235,9.893218332663137,5.7947184731568234e+29
27.000000000000057,7.357213650606148,9.885646421950876,5.7002202134005516e+29
27.10000000000006,7.353780436624398,9.878155592892249,5.607603841813913e+29
27.20000000000006,7.3504056169457,9.870744482958946,5.51682514339714e+29
27.30000000000006,7.347087958682997,9.863411756957177,5.4278410991405365e+29
27.400000000000063,7.343826260033735,9.856156106441016,5.3406098494534814e+29
27.500000000000064,7.340619349371913,9.848976249137548,5.255090658839811e+29
27.600000000000065,7.337466084370077,9.84187092838362,5.171243881772766e+29
27.700000000000067,7.334365351150164,9.834838912574137,5.0890309297246156e+29
27.800000000000068,7.331316063462145,9.827878994621688,5.008414239307892e+29
27.90000000000007,7.328317161889475,9.820989991427428,4.929357241486938e+29
28.00000000000007,7.325367613080372,9.814170743362986,4.851824331820135e+29
28.100000000000072,7.3224664090040035,9.807420113763325,4.7757808416947935e+29
28.200000000000074,7.319612566230685,9.800736988430282,4.701193010518186e+29
28.300000000000075,7.316805125235236,9.794120275146755,4.62802795882973e+29
28.400000000000077,7.31404314972267,9.78756890320126,4.556253662300662e+29
28.500000000000078,7.311325725975417,9.781081822922719,4.48583892658893e+29
28.60000000000008,7.3086519622213295,9.774658005225335,4.416753363018301e+29
28.70000000000008,7.3060209880217295,9.768296441163363,4.348967365051892e+29
28.800000000000082,7.3034319536787935,9.761996141495558,4.282452085531544e+29
28.900000000000084,7.300884029661602,9.755756136259205,4.2171794146555416e+29
29.000000000000085,7.298376406050197,9.749575474353495,4.15312195866829e+29
29.100000000000087,7.29590829199702,9.743453223132088,4.0902530192365705e+29
29.200000000000088,7.293478915205132,9.737388468004697,4.028546573488002e+29
29.30000000000009,7.291087521422624,9.73138031204751,3.96797725468826e+29
29.40000000000009,7.28873337395268,9.725427875622266,3.908520333534531e+29
29.500000000000092,7.286415753178724,9.719530296003851,3.850151700043538e+29
29.600000000000094,7.2841339561041645,9.713686727016183,3.792847846013295e+29
29.700000000000095,7.281887295906217,9.707896338676282,3.7365858480385805e+29
29.800000000000097,7.279675101503336,9.702158316846297,3.6813433510608264e+29
29.900000000000098,7.277496717135785,9.696471862893372,3.62709855243392e+29
30.0000000000001,7.275351501958913,9.690836193357159,3.573830186488051e+29
30.1000000000001,7.273238829648698,9.685250539624835,3.521517509574476e+29
30.200000000000102,7.271158088019146,9.679714147613424,3.4701402855746435e+29
30.300000000000104,7.269108678651157,9.674226277459326,3.4196787718578264e+29
30.400000000000105,7.267090016532462,9.668786203214857,3.370113705671926e+29
30.500000000000107,7.265101529708279,9.663393212551643,3.3214262909527345e+29
30.600000000000108,7.263142658942312,9.658046606470744,3.2735981855374616e+29
30.70000000000011,7.261212857387772,9.65274569901935,3.226611488768879e+29
30.80000000000011,7.259311590268074,9.647489817013883,3.180448729476906e+29
30.900000000000112,7.257438334566897,9.642278299769394,3.135092854324992e+29
31.000000000000114,7.255592578727309,9.637110498835094,3.0905272165090608e+29
31.100000000000115,7.25377382235964,9.631985777735888,3.0467355647972845e+29
31.200000000000117,7.2519815759578465,9.62690351171976,3.0037020328993312e+29
31.300000000000118,7.250215360624068,9.621863087510913,2.961411129154183e+29
31.40000000000012,7.248474707801126,9.61686390306849,2.919847726525988e+29
31.50000000000012,7.246759159012697,9.611905367350797,2.8789970528978103e+29
31.600000000000122,7.24506826561093,9.606986900084832,2.8388446816534904e+29
31.700000000000124,7.243401588531254,9.602107931541076,2.799376522538193e+29
31.800000000000125,7.241758698054153,9.597267902313384,2.7605788127885465e+29
31.900000000000126,7.240139173573691,9.592466263103825,2.7224381085236035e+29
32.00000000000013,7.238542603372564,9.587702474512469,2.684941276388174e+29
32.10000000000013,7.236968584403485,9.582976006831842,2.6480754854403674e+29
32.20000000000013,7.235416722076687,9.578286339846109,2.611828199275475e+29
32.30000000000013,7.2338866300533695,9.573632962634747,2.5761871683786024e+29
32.400000000000134,7.232377930044888,9.569015373380664,2.541140422698729e+29
32.500000000000135,7.230890251617514,9.56443307918266,2.5066762644371185e+29
32.600000000000136,7.229423232002599,9.559885595872107,2.472783261043264e+29
32.70000000000014,7.2279765159119576,9.55537244783375,2.4394502384117803e+29
32.80000000000014,7.226549755358327,9.550893167830566,2.406666274273884e+29
32.90000000000014,7.22514260948074,9.546447296832534,2.374420691777328e+29
33.00000000000014,7.223754744374651,9.542034383849268,2.34270305324886e+29
33.10000000000014,7.222385832926692,9.537653985766394,2.3115031541334882e+29
33.200000000000145,7.221035554653891,9.533305667185603,2.2808110171050227e+29
33.300000000000146,7.219703595547243,9.528989000268297,2.2506168863425564e+29
33.40000000000015,7.218389647919478,9.52470356458268,2.220911221967735e+29
33.50000000000015,7.217093410256924,9.520448946954327,2.1916846946378223e+29
33.60000000000015,7.215814587075314,9.516224741320046,2.1629281802897667e+29
33.70000000000015,7.214552888779448,9.512030548585017,2.1346327550306017e+29
33.80000000000015,7.213308031526573,9.507865976483073,2.1067896901696976e+29
33.900000000000155,7.2120797370933785,9.503730639440128,2.0793904473885187e+29
34.000000000000156,7.210867732746502,9.499624158440623,2.0524266740436887e+29
34.10000000000016,7.209671751116435,9.495546160896891,2.0258901985993073e+29
34.20000000000016,7.208491530074738,9.491496280521472,1.9997730261845938e+29
34.30000000000016,7.207326812614458,9.487474157202207,1.9740673342730685e+29
34.40000000000016,7.206177346733655,9.483479436880097,1.9487654684796028e+29
34.50000000000016,7.205042885321963,9.479511771429847,1.9238599384717915e+29
34.600000000000165,7.203923186050067,9.475570818543051,1.8993434139922206e+29
34.700000000000166,7.202818011262046,9.471656241613923,1.8752087209883104e+29
34.80000000000017,7.201727127870466,9.467767709627537,1.8514488378465243e+29
34.90000000000017,7.200650307254174,9.463904897050517,1.8280568917278475e+29
35.00000000000017,7.1995873251586895,9.460067483724105,1.8050261550015198e+29
35.10000000000017,7.198537961599142,9.456255154759583,1.7823500417741262e+29
35.20000000000017,7.197502000765655,9.452467600435927,1.760022104511232e+29
35.300000000000175,7.196479230931139,9.448704516099735,1.7380360307488352e+29
35.400000000000176,7.195469444361397,9.444965602067287,1.7163856398920097e+29
35.50000000000018,7.194472437227491,9.441250563528754,1.6950648800981853e+29
35.60000000000018,7.193488009520307,9.437559110454458,1.674067825242599e+29
35.70000000000018,7.192515964967247,9.433890957503156,1.653388671963525e+29
35.80000000000018,7.191556110950999,9.430245823932312,1.633021736784973e+29
35.90000000000018,7.190608258430319,9.426623433510285,1.612961453314615e+29
36.000000000000185,7.189672221862773,9.423023514430405,1.5932023695147676e+29
36.100000000000186,7.188747819129385,9.419445799226901,1.5737391450443311e+29
36.20000000000019,7.187834871461134,9.415890024692592,1.5545665486696545e+29
36.30000000000019,7.186933203367256,9.412355931798386,1.5356794557423448e+29
36.40000000000019,7.186042642565293,9.408843265614449,1.5170728457421226e+29
36.50000000000019,7.185163019912847,9.405351775233058,1.4987417998828668e+29
36.60000000000019,7.1842941693409905,9.40188121369312,1.4806814987800578e+29
36.700000000000195,7.183435927789291,9.398431337906251,1.4628872201778831e+29
36.800000000000196,7.182588135142397,9.39500190858444,1.4453543367343198e+29
36.9000000000002,7.181750634168154,9.391592690169224,1.4280783138625661e+29
37.0000000000002,7.180923270457204,9.388203450762376,1.4110547076272375e+29
37.1000000000002,7.18010589236403,9.384833962058027,1.3942791626937956e+29
37.2000000000002,7.1792983509493995,9.381483999276224,1.3777474103297262e+29
37.3000000000002,7.178500499924183,9.378153341097853,1.3614552664560223e+29
37.400000000000205,7.1777121955945,9.374841769600987,1.345398629747578e+29
37.500000000000206,7.176933296808162,9.371549070198464,1.3295734797811386e+29
37.60000000000021,7.176163664902374,9.36827503157685,1.3139758752294937e+29
37.70000000000021,7.175403163652668,9.36501944563662,1.2986019521006383e+29
37.80000000000021,7.174651659223027,9.361782107433594,1.2834479220206678e+29
38.80000000000021,7.167603608347437,9.330369406312634,1.1432191315772128e+29
39.80000000000021,7.161324015372068,9.300577404381515,1.0213143890031792e+29
40.80000000000021,7.155711779033964,9.272245247243113,9.149654207703272e+28
41.80000000000021,7.150681294387506,9.245233501724986,8.218760326546342e+28
42.80000000000021,7.146159753340153,9.219420775547158,7.401328334893824e+28
43.80000000000021,7.141968580059275,9.194554486881966,7.197563499866503e+28
44.80000000000021,7.137860150641679,9.17029728050185,7.133864916748397e+28
45.80000000000021,7.133819521553266,9.146606551048086,7.07211783738061e+28
46.80000000000021,7.129844150300659,9.123456910849592,7.012221784950822e+28
47.80000000000021,7.125931641692505,9.100824625526316,6.954083462725955e+28
48.80000000000021,7.122079736419419,9.078687474236546,6.897616103463016e+28
49.80000000000021,7.118286300733914,9.057024624336925,6.842738889725968e+28
50.80000000000021,7.114549317104519,9.035816518711467,6.789376436129275e+28
51.80000000000021,7.11086687573486,9.015044774266809,6.737458325818236e+28
52.80000000000021,7.107237166852581,8.994692090294464,6.686918694579459e+28
53.80000000000021,7.103658473685034,8.97474216557369,6.637695856888081e+28
54.80000000000021,7.100129166049021,8.955179623235404,6.589731968970881e+28
55.80000000000021,7.096647694490723,8.935989942533231,6.542972724620169e+28
56.80000000000021,7.093212584919632,8.917159396775174,6.497367080051535e+28
57.80000000000021,7.089822433686921,8.898674996761711,6.452867004575361e+28
58.80000000000021,7.0864759030644136,8.880524439155629,6.409427254260271e+28
59.80000000000021,7.083171717085335,8.862696059277598,6.36700516611743e+28
60.80000000000021,7.079908657712341,8.845178787880913,6.325560470636687e+28
61.80000000000021,7.076685561302139,8.82796211151044,6.285055120766292e+28
62.80000000000021,7.073501315339349,8.811036036095782,6.245453135653775e+28
63.80000000000021,7.070354855415136,8.794391053467745,6.206720457661478e+28
64.80000000000021,7.067245162428765,8.778018110521558,6.168824821340623e+28
65.80000000000021,7.06417125999243,8.761908580780242,6.131735633196477e+28
66.80000000000021,7.06113221202176,8.746054238137862,6.095423861206872e+28
67.80000000000021,7.058127120496138,8.730447232585634,6.059861933170158e+28
68.80000000000021,7.0551551233745515,8.715080067744264,6.025023643058299e+28
69.80000000000021,7.052215392654071,8.699945580043957,5.990884064638593e+28
70.80000000000021,7.049307132559314,8.6850369194095,5.95741947170472e+28
71.80000000000021,7.0464295778523205,8.670347531322038,5.924607264326027e+28
72.80000000000021,7.04358199225329,8.655871140141675,5.892425900584225e+28
73.80000000000021,7.040763666963482,8.641601733586285,5.860854833320105e+28
74.80000000000021,7.037973919282383,8.62753354827187,5.8298744514602385e+28
75.80000000000021,7.035212091311943,8.613661056228695,5.7994660255357835e+28
76.80000000000021,7.032477548741344,8.59997895231543,5.769611657042948e+28
77.80000000000021,7.029769679706289,8.586482142460616,5.740294231328185e+28
78.80000000000021,7.027087893717376,8.573165732667183,5.711497373710963e+28
79.80000000000021,7.024431620652523,8.560025018721522,5.683205408583729e+28
80.80000000000021,7.021800309808887,8.547055476553677,5.655403321252557e+28
81.80000000000021,7.019193429010063,8.534252753200045,5.6280767223034785e+28
82.80000000000021,7.016610463764704,8.521612658323928,5.601211814298688e+28
83.80000000000021,7.014050916473024,8.509131156253327,5.574795360624252e+28
84.80000000000021,7.011514305677913,8.496804358498578,5.548814656326487e+28
85.80000000000021,7.009000165357671,8.484628516715624,5.523257500788267e+28
86.80000000000021,7.006508044257583,8.472600016083597,5.498112172109285e+28
87.80000000000021,7.004037505257785,8.460715369067701,5.4733674030657e+28
88.80000000000021,7.001588124775064,8.448971209541018,5.449012358535095e+28
89.80000000000021,6.999159492196395,8.437364287240644,5.425036614282029e+28
90.80000000000021,6.996751209342221,8.425891462535775,5.40143013700807e+28
91.80000000000021,6.994362889957579,8.414549701486834,5.378183265577931e+28
92.80000000000021,6.991994159229371,8.403336071176582,5.355286693340409e+28
93.80000000000021,6.989644653328133,8.392247735295383,5.332731451469265e+28
94.80000000000021,6.987314018972847,8.381281949964302,5.310508893255016e+28
95.80000000000021,6.985001913017383,8.370436059780834,5.288610679283984e+28
96.80000000000021,6.982708002057298,8.359707494073195,5.267028763445807e+28
97.80000000000021,6.980431962055773,8.349093763350156,5.245755379715076e+28
98.80000000000021,6.9781734779875935,8.33859245593433,5.224783029656842e+28
99.80000000000021,6.975932243500105,8.328201234767645,5.204104470609491e+28
100.80000000000021,6.973707960590193,8.317917834378603,5.183712704501867e+28
101.80000000000021,6.971500339296372,8.307740058001578,5.163600967264708e+28
102.80000000000021,6.9693090974051275,8.297665774839164,5.143762718799299e+28
103.80000000000021,6.967133960170733,8.287692917459081,5.124191633468949e+28
104.80000000000021,6.9649746600477895,8.27781947931786,5.104881591081256e+28
105.80000000000021,6.962830936435806,8.268043512403965,5.08582666833146e+28
106.80000000000021,6.96070253543515,8.258363124993497,5.067021130679173e+28
107.80000000000021,6.958589209613788,8.248776479512138,5.04845942463271e+28
108.80000000000021,6.956490717784217,8.239281790497337,5.030136170417013e+28
109.80000000000021,6.954406824790072,8.229877322655186,5.012046155002761e+28
110.80000000000021,6.952337301301897,8.220561389006765,4.994184325475758e+28
111.80000000000021,6.950281923621603,8.211332349119038,4.976545782727097e+28
112.80000000000021,6.948240473495178,8.202188607415769,4.959125775445873e+28
113.80000000000021,6.946212737933231,8.193128611564111,4.94191969439737e+28
114.80000000000021,6.944198509038965,8.184150850932912,4.9249230669708215e+28
115.80000000000021,6.942197583843224,8.175253855118882,4.9081315519817945e+28
116.80000000000021,6.9402097641462515,8.166436192537125,4.891540934715219e+28
117.80000000000021,6.938234856365848,8.157696469072674,4.875147122195991e+28
118.80000000000021,6.936272671391598,8.149033326789905,4.858946138674846e+28
119.80000000000021,6.934323024444891,8.140445442696887,4.842934121317991e+28
120.80000000000021,6.932385734944448,8.131931527561873,4.827107316089696e+28
121.80000000000021,6.93046062637711,8.12349032477933,4.811462073817671e+28
122.80000000000021,6.928547526173613,8.115120609283057,4.795994846431694e+28
123.80000000000021,6.9266462655891505,8.106821186504028,4.7807021833665314e+28
124.80000000000021,6.9247566795884765,8.098590891370836,4.7655807281206975e+28
125.80000000000021,6.922878606735358,8.09042858735063,4.750627214963121e+28
126.80000000000021,6.9210118890861665,8.082333165528562,4.73583846578024e+28
127.80000000000021,6.919156372087434,8.074303543724016,4.72121138705649e+28
128.8000000000002,6.917311904477186,8.066338665641739,4.706742966981528e+28
129.8000000000002,6.915478338189892,8.058437500056357,4.692430272677966e+28
130.8000000000002,6.913655528264867,8.05059904002861,4.678270447543678e+28
131.8000000000002,6.911843332757975,8.042822302151928,4.664260708703127e+28
132.8000000000002,6.910041612656503,8.035106325827908,4.6503983445624555e+28
133.8000000000002,6.908250231797045,8.027450172569361,4.636680712463346e+28
134.8000000000002,6.906469056786293,8.01985292532973,4.623105236430983e+28
135.8000000000002,6.904697956924594,8.012313687857647,4.609669405011666e+28
136.8000000000002,6.902936804132165,8.004831584075536,4.596370769195861e+28
137.8000000000002,6.901185472877851,7.997405757481191,4.583206940422737e+28
138.8000000000002,6.899443840110322,7.990035370571302,4.570175588662421e+28
139.8000000000002,6.897711785191617,7.982719604286007,4.557274440572396e+28
140.8000000000002,6.895989189832913,7.97545765747352,4.5445012777246844e+28
141.8000000000002,6.894275938032467,7.9682487463740035,4.531853934900606e+28
142.8000000000002,6.892571916015608,7.961092104121855,4.5193302984500924e+28
143.8000000000002,6.890877012176717,7.953986980265585,4.506928304712665e+28
144.8000000000002,6.889191117023113,7.946932640304631,4.494645938497355e+28
145.8000000000002,6.887514123120765,7.939928365242325,4.482481231618987e+28
146.8000000000002,6.885845925041757,7.932973451154364,4.470432261488337e+28
147.8000000000002,6.884186419313452,7.926067208772162,4.458497149753863e+28
148.8000000000002,6.882535504369269,7.919208963080456,4.446674060992769e+28
149.8000000000002,6.880893080501025,7.91239805292858,4.434961201449289e+28
150.8000000000002,6.879259049812778,7.9056338306548835,4.423356817818197e+28
151.8000000000002,6.877633316176116,7.898915661723732,4.411859196071626e+28
152.8000000000002,6.876015785186831,7.892242924374605,4.400466660327387e+28
153.8000000000002,6.8744063641229385,7.885615009282821,4.38917757175705e+28
154.8000000000002,6.872804961903976,7.879031319231409,4.377990327532148e+28
155.8000000000002,6.871211489051552,7.872491268793691,4.366903359806938e+28
156.8000000000002,6.869625857651079,7.865994284026213,4.355915134736217e+28
157.8000000000002,6.868047981314672,7.8595398021715255,4.34502415152678e+28
158.8000000000002,6.866477775145141,7.85312727137053,4.334228941521156e+28
159.8000000000002,6.864915155701065,7.846756150383978,4.323528067312332e+28
160.8000000000002,6.863360040962895,7.840425908322777,4.312920121888224e+28
161.8000000000002,6.86181235030005,7.834136024386796,4.302403727804725e+28
162.8000000000002,6.860272004438969,7.82788598761182,4.291977536386206e+28
163.8000000000002,6.858738925432101,7.821675296624383,4.281640226952388e+28
164.8000000000002,6.857213036627774,7.815503459404152,4.271390506070565e+28
165.8000000000002,6.85569426264094,7.809369993053636,4.261227106832199e+28
166.8000000000002,6.85418252932474,7.803274423574882,4.251148788152955e+28
167.8000000000002,6.852677763742888,7.797216285652974,4.241154334095267e+28
168.8000000000002,6.851179894142818,7.791195122446043,4.231242553212603e+28
169.8000000000002,6.849688849929587,7.7852104853815725,4.221412277914583e+28
170.8000000000002,6.84820456164051,7.779261933958782,4.211662363852195e+28
171.8000000000002,6.846726960920487,7.773349035556844,4.201991689322334e+28
172.8000000000002,6.845255980498009,7.767471365248769,4.192399154690975e+28
173.8000000000002,6.843791554161824,7.761628505620717,4.182883681834267e+28
174.8000000000002,6.842333616738234,7.755820046596588,4.173444213596907e+28
175.8000000000002,6.840882104069002,7.750045585267683,4.164079713267165e+28
176.8000000000002,6.839436952989859,7.744304725727256,4.154789164067949e+28
177.8000000000002,6.837998101309578,7.738597078909812,4.145571568663328e+28
178.8000000000002,6.83656548778961,7.7329222624349665,4.136425948679988e+28
179.8000000000002,6.83513905212425,7.727279900455745,4.127351344243041e+28
180.8000000000002,6.833718734921329,7.721669623511108,4.1183468135257305e+28
181.8000000000002,6.832304477683413,7.71609106838266,4.109411432312499e+28
182.8000000000002,6.830896222789479,7.710543877955283,4.100544293574986e+28
183.8000000000002,6.829493913477077,7.705027701081679,4.091744507060476e+28
184.8000000000002,6.828097493824942,7.699542192450611,4.083011198892385e+28
185.8000000000002,6.8267069087360515,7.694087012458764,4.0743435111823686e+28
186.8000000000002,6.825322103921116,7.688661827086079,4.065740601653636e+28
187.8000000000002,6.8239430258824845,7.683266307774485,4.057201643275109e+28
188.8000000000002,6.822569621898454,7.677900131309881,4.048725823906052e+28
189.8000000000002,6.821201840007976,7.672562979707289,4.040312345950812e+28
190.8000000000002,6.819839628995736,7.667254540099059,4.0319604260233296e+28
191.8000000000002,6.818482938377607,7.661974504626047,4.023669294621115e+28
192.8000000000002,6.8171317183864595,7.656722570331652,4.015438195808342e+28
193.8000000000002,6.815785919958322,7.651498439058665,4.00726638690779e+28
194.8000000000002,6.814445494718872,7.646301817348748,3.999153138201321e+28
195.8000000000002,6.813110394970264,7.641132416344595,3.991097732638621e+28
196.8000000000002,6.811780573678261,7.635989951694567,3.983099465553941e+28
197.8000000000002,6.810455984459692,7.630874143459808,3.975157644390566e+28
198.8000000000002,6.809136581570193,7.62578471602373,3.967271588432784e+28
199.8000000000002,6.807822319892254,7.620721398003781,3.9594406285450894e+28
200.8000000000002,6.80651315492353,7.615683922165493,3.951664106918406e+28
201.8000000000002,6.805209042765446,7.61067202533863,3.943941376823107e+28
202.8000000000002,6.803909940112057,7.605685448335507,3.9362718023686104e+28
203.8000000000002,6.802615804239169,7.600723935871304,3.9286547582693465e+28
204.8000000000002,6.801326592993716,7.595787236486352,3.921089629616901e+28
205.8000000000002,6.800042264783375,7.590875102470376,3.913575811658134e+28
206.8000000000002,6.798762778566429,7.585987289788564,3.906112709579098e+28
207.8000000000002,6.797488093841849,7.5811235580094625,3.8986997382945756e+28
208.8000000000002,6.796218170639616,7.576283670234643,3.8913363222430542e+28
209.8000000000002,6.794952969511246,7.571467393030007,3.8840218951869863e+28
210.8000000000002,6.793692451520542,7.566674496358848,3.8767559000181652e+28
211.8000000000002,6.792436578234544,7.561904753516423,3.8695377885680644e+28
212.8000000000002,6.7911853117146865,7.557157941066151,3.8623670214229906e+28
213.8000000000002,6.789938614508147,7.552433838777297,3.855243067743909e+28
214.8000000000002,6.78869644963939,7.547732229564147,3.8481654050907957e+28
215.8000000000002,6.787458780601895,7.543052899426604,3.8411335192513904e+28
216.8000000000002,6.786225571350066,7.538395637392167,3.8341469040742125e+28
217.8000000000002,6.784996786291314,7.533760235459308,3.82720506130572e+28
218.8000000000002,6.783772390278318,7.5291464885421,3.8203075004314872e+28
219.8000000000002,6.782552348601445,7.524554194416183,3.8134537385212877e+28
220.8000000000002,6.781336626981342,7.519983153665933,3.8066433000779626e+28
221.8000000000002,6.780125191561674,7.515433169632868,3.7998757168899744e+28
222.8000000000002,6.778918008902029,7.5109040483652105,3.7931505278875304e+28
223.8000000000002,6.777715045970968,7.506395598568613,3.78646727900218e+28
224.8000000000002,6.776516270139218,7.501907631557982,3.779825523029788e+28
225.8000000000002,6.775321649173014,7.497439961210397,3.773224819496783e+28
226.8000000000002,6.77413115122758,7.492992403919077,3.7666647345295885e+28
227.8000000000002,6.772944744840742,7.488564778548385,3.7601448407271566e+28
228.8000000000002,6.771762398926671,7.48415690638981,3.753664717036504e+28
229.8000000000002,6.770584082769766,7.47976861111894,3.747223948631177e+28
230.8000000000002,6.769409766018649,7.475399718753383,3.740822126792558e+28
231.8000000000002,6.768239418680297,7.471050057611604,3.7344588487939403e+28
232.8000000000002,6.767073011114281,7.466719458272653,3.7281337177872905e+28
233.8000000000002,6.7659105140271265,7.462407753536787,3.7218463426926274e+28
234.8000000000002,6.764751898466793,7.4581147783869195,3.7155963380899433e+28
235.8000000000002,6.763597135817256,7.453840369950928,3.7093833241136046e+28
236.8000000000002,6.762446197793203,7.449584367464748,3.7032069263491584e+28
237.8000000000002,6.761299056434834,7.4453466122362695,3.6970667757324813e+28
238.8000000000002,6.760155684102763,7.441126947609982,3.690962508451214e+28
239.8000000000002,6.759016053473025,7.436925218932396,3.6848937658484086e+28
240.8000000000002,6.757880137532177,7.432741273518175,3.6788601943283444e+28
241.8000000000002,6.756747909572496,7.428574960616981,3.6728614452644417e+28
242.8000000000002,6.755619343187274,7.424426131381013,3.666897174909226e+28
243.8000000000002,6.7544944122662,7.420294638833239,3.660967044306287e+28
244.8000000000002,6.7533730909908325,7.416180337836261,3.6550707192041787e+28
245.8000000000002,6.752255353830163,7.4120830850618304,3.6492078699722133e+28
246.8000000000002,6.75114117553626,7.408002738961008,3.643378171518094e+28
247.8000000000002,6.7500305311399975,7.403939159734918,3.6375813032073473e+28
248.8000000000002,6.7489233959468695,7.399892209306097,3.6318169487845006e+28
249.8000000000002,6.747819745532874,7.395861751290452,3.626084796295965e+28
250.8000000000002,6.746719555740489,7.391847650969742,3.62038453801458e+28
251.8000000000002,6.745622802674706,7.3878497752646535,3.614715870365774e+28
252.8000000000002,6.74452946269916,7.383867992708399,3.609078493855303e+28
253.8000000000002,6.743439512432308,7.379902173420856,3.6034721129985296e+28
254.8000000000002,6.742352928743699,7.37595218908319,3.5978964362511955e+28
255.8000000000002,6.741269688750303,7.372017912913034,3.5923511759416607e+28
256.8000000000002,6.740189769812906,7.3680992196401025,3.586836048204564e+28
257.8000000000002,6.739113149532577,7.364195985482329,3.5813507729158752e+28
258.8000000000002,6.738039805747198,7.360308088122444,3.575895073629302e+28
259.8000000000002,6.736969716528056,7.356435406685028,3.5704686775140175e+28
260.8000000000002,6.7359028601764965,7.352577821714002,3.5650713152936794e+28
261.8000000000002,6.73483921522064,7.3487352151505565,3.5597027211867052e+28
262.8000000000002,6.733778760412159,7.344907470311512,3.554362632847774e+28
263.8000000000002,6.732721474723104,7.341094471868079,3.54905079131053e+28
264.8000000000002,6.731667337342799,7.337296105825057,3.5437669409314486e+28
265.8000000000002,6.730616327674782,7.333512259500397,3.538510829334845e+28
266.8000000000002,6.729568425333807,7.329742821505166,3.5332822073590017e+28
267.8000000000002,6.728523610142894,7.325987681723907,3.5280808290033698e+28
268.8000000000002,6.727481862130432,7.3222467312953405,3.5229064513768444e+28
269.8000000000002,6.726443161527338,7.318519862593451,3.517758834647066e+28
270.8000000000002,6.725407488764257,7.314806969208924,3.5126377419907363e+28
271.8000000000002,6.7243748244688195,7.311107945930916,3.507542939544921e+28
272.8000000000002,6.723345149462939,7.3074226887291935,3.502474196359316e+28
273.8000000000002,6.722318444760163,7.30375109473656,3.497431284349458e+28
274.8000000000002,6.721294691563065,7.300093062231653,3.4924139782508453e+28
275.8000000000002,6.720273871260683,7.296448490622028,3.4874220555739698e+28
276.8000000000002,6.719255965426002,7.292817280427554,3.4824552965602164e+28
277.8000000000002,6.71824095581348,7.28919933326414,3.477513484138623e+28
278.8000000000002,6.717228824356614,7.285594551827707,3.4725964038834797e+28
279.8000000000002,6.716219553165549,7.282002839878512,3.4677038439727413e+28
280.8000000000002,6.715213124524728,7.278424102225705,3.4628355951472467e+28
281.8000000000002,6.714209520890579,7.274858244712188,3.457991450670711e+28
282.8000000000002,6.713208724889242,7.2713051741997425,3.4531712062904895e+28
283.8000000000002,6.712210719314336,7.267764798554426,3.4483746601990837e+28
284.8000000000002,6.711215487124759,7.264237026632211,3.4436016129963786e+28
285.8000000000002,6.7102230114425305,7.2607217682649114,3.4388518676525917e+28
286.8000000000002,6.70923327555066,7.257218934246319,3.434125229471923e+28
287.8000000000002,6.708246262891061,7.253728436318621,3.429421506056882e+28
288.8000000000002,6.707261957062495,7.2502501871590255,3.4247405072732884e+28
289.8000000000002,6.706280341818546,7.2467841003666535,3.4200820452159178e+28
290.8000000000002,6.705301401065635,7.24333009044962,3.415445934174789e+28
291.8000000000002,6.704325118861058,7.239888072812374,3.4108319906020766e+28
292.8000000000002,6.703351479411062,7.236457963743247,3.406240033079629e+28
293.8000000000002,6.702380467068952,7.233039680402204,3.4016698822870887e+28
294.8000000000002,6.701412066333227,7.229633140808826,3.3971213609705913e+28
295.8000000000002,6.7004462618457445,7.22623826383048,3.39259429391204e+28
296.8000000000002,6.699483038389914,7.222854969170712,3.3880885078989384e+28
297.8000000000002,6.6985223808889245,7.219483177357812,3.3836038316947672e+28
298.8000000000002,6.697564274403993,7.216122809733594,3.3791400960098995e+28
299.8000000000002,6.696608704132645,7.212773788442362,3.3746971334730388e+28
300.8000000000002,6.695655655407024,7.209436036420042,3.3702747786031684e+28
301.8000000000002,6.694705113692221,7.206109477383542,3.3658728677820057e+28
302.8000000000002,6.693757064584635,7.202794035820233,3.3614912392269453e+28
303.8000000000002,6.69281149381036,7.199489636977651,3.3571297329644814e+28
304.8000000000002,6.69186838722359,7.196196206853349,3.3527881908041064e+28
305.8000000000002,6.69092773080506,7.192913672184924,3.348466456312664e+28
306.8000000000002,6.689989510660502,7.189641960440204,3.344164374789158e+28
307.8000000000002,6.689053713019125,7.186380999807604,3.3398817932400033e+28
308.8000000000002,6.688120324232124,7.1831307191866305,3.335618560354704e+28
309.8000000000002,6.6871893307712105,7.179891048178554,3.3313745264819615e+28
310.8000000000002,6.686260719227159,7.176661917077222,3.327149543606197e+28
311.8000000000002,6.685334476308381,7.1734432568600255,3.3229434653244758e+28
312.8000000000002,6.684410588839524,7.170234999179019,3.318756146823836e+28
313.8000000000002,6.683489043760084,7.167037076352177,3.314587444859001e+28
314.8000000000002,6.682569828123042,7.163849421354778,3.3104372177304817e+28
315.8000000000002,6.681652929093523,7.1606719678109645,3.3063053252630454e+28
316.8000000000002,6.680738333947471,7.157504649985402,3.3021916287845565e+28
317.8000000000002,6.679826030070352,7.15434740277508,3.298095991105176e+28
318.8000000000002,6.678916004955862,7.151200161701256,3.2940182764969115e+28
319.8000000000002,6.6780082462046675,7.148062862901517,3.2899583506735144e+28
320.8000000000002,6.677102741523161,7.144935443121968,3.2859160807707143e+28
321.8000000000002,6.676199478722229,7.1418178397095335,3.2818913353267837e+28
322.8000000000002,6.675298445716047,7.13870999060441,3.277883984263433e+28
323.8000000000002,6.674399630520883,7.135611834332602,3.2738938988670164e+28
324.8000000000002,6.673503021253928,7.132523309998593,3.2699209517700574e+28
325.8000000000002,6.672608606132134,7.129444357278132,3.265965016933074e+28
326.8000000000002,6.671716373471079,7.126374916411121,3.262025969626711e+28
327.8000000000002,6.670826311683838,7.123314928194624,3.2581036864141594e+28
328.8000000000002,6.669938409279876,7.120264333975971,3.2541980451338714e+28
329.8000000000002,6.669052654863958,7.117223075645983,3.2503089248825515e+28
330.8000000000002,6.668169037135073,7.11419109563229,3.2464362059984314e+28
331.8000000000002,6.667287544885368,7.1111683368927565,3.2425797700448136e+28
332.8000000000002,6.666408166999109,7.108154742909001,3.238739499793881e+28
333.8000000000002,6.665530892451647,7.105150257680027,3.2349152792107725e+28
334.8000000000002,6.664655710308399,7.102154825715925,3.2311069934379114e+28
335.8000000000002,6.663782609723851,7.0991683920317055,3.2273145287795878e+28
336.8000000000002,6.662911579940566,7.096190902141197,3.2235377726867867e+28
337.8000000000002,6.662042610288212,7.093222302051043,3.2197766137422605e+28
338.8000000000002,6.661175690182601,7.090262538254786,3.2160309416458373e+28
339.8000000000002,6.6603108091247405,7.087311557727055,3.2123006471999657e+28
340.8000000000002,6.659447956699902,7.084369307917822,3.2085856222954834e+28
341.8000000000002,6.658587122576698,7.081435736746744,3.2048857598976156e+28
342.8000000000002,6.657728296506176,7.0785107925976085,3.2012009540321918e+28
343.8000000000002,6.65687146832092,7.075594424312836,3.1975310997720796e+28
344.8000000000002,6.656016627934169,7.072686581188082,3.19387609322383e+28
345.8000000000002,6.655163765338945,7.069787212966897,3.190235831514531e+28
346.8000000000002,6.654312870607194,7.066896269835498,3.186610212778867e+28
347.8000000000002,6.653463933888938,7.064013702417581,3.182999136146381e+28
348.8000000000002,6.652616945411438,7.061139461769232,3.1794025017289265e+28
349.8000000000002,6.65177189547837,7.058273499373895,3.175820210608324e+28
350.8000000000002,6.650928774469011,7.055415767137438,3.1722521648241967e+28
351.8000000000002,6.650087572837437,7.052566217383255,3.168698267362001e+28
352.8000000000002,6.6492482811117295,7.04972480284747,3.165158422141235e+28
353.8000000000002,6.648410889893196,7.0468914766741975,3.16163253400383e+28
354.8000000000002,6.6475753898555965,7.044066192410858,3.1581205087027152e+28
355.8000000000002,6.646741771744385,7.041248904003584,3.1546222528905634e+28
356.8000000000002,6.645910026375959,7.038439565792677,3.151137674108694e+28
357.8000000000002,6.645080144636916,7.035638132508128,3.1476666807761585e+28
358.8000000000002,6.644252117483326,7.032844559265211,3.144209182178978e+28
359.8000000000002,6.643425935940008,7.0300588015601235,3.14076508845955e+28
360.8000000000002,6.64260159109982,7.02728081526571,3.1373343106062083e+28
361.8000000000002,6.6417790741229545,7.024510556627218,3.1339167604429436e+28
362.8000000000002,6.640958376236247,7.021747982258139,3.1305123506192727e+28
363.8000000000002,6.6401394887324905,7.018993049136093,3.1271209946002593e+28
364.8000000000002,6.639322402969761,7.016245714598769,3.1237426066566863e+28
365.8000000000002,6.638507110370749,7.013505936339932,3.120377101855367e+28
366.8000000000002,6.637693602422104,7.010773672405476,3.1170243960496023e+28
367.8000000000002,6.636881870673784,7.008048881189547,3.1136844058697787e+28
368.8000000000002,6.636071906738415,7.00533152143068,3.110357048714101e+28
369.8000000000002,6.635263702290655,7.002621552208042,3.107042242739463e+28
370.8000000000002,6.634457249066571,6.999918932937696,3.1037399068524497e+28
371.8000000000002,6.633652538863025,6.997223623368903,3.100449960700471e+28
372.8000000000002,6.632849563537059,6.994535583580513,3.0971723246630232e+28
373.8000000000002,6.6320483150052985,6.991854773977376,3.093906919843075e+28
374.8000000000002,6.631248785243356,6.989181155286795,3.090653668058582e+28
375.8000000000002,6.630450966285246,6.986514688555072,3.0874124918341198e+28
376.8000000000002,6.629654850222806,6.983855335144039,3.0841833143926357e+28
377.8000000000002,6.628860429205124,6.981203056727681,3.0809660596473223e+28
378.8000000000002,6.6280676954379745,6.97855781528879,3.0777606521936042e+28
379.8000000000002,6.62727664118326,6.9759195731156485,3.0745670173012387e+28
380.8000000000002,6.626487258758464,6.973288292798793,3.0713850809065283e+28
381.8000000000002,6.6256995405361,6.970663937227783,3.0682147696046473e+28
382.8000000000002,6.624913478943184,6.968046469588037,3.065056010642067e+28
383.8000000000002,6.624129066460696,6.965435853357693,3.0619087319091016e+28
384.8000000000002,6.623346295623062,6.962832052304524,3.058772861932544e+28
385.8000000000002,6.622565159017631,6.960235030482895,3.055648329868414e+28
386.8000000000002,6.621785649284169,6.957644752230747,3.0525350654948063e+28
387.8000000000002,6.621007759114351,6.955061182166627,3.049432999204835e+28
388.8000000000002,6.620231481251263,6.95248428518676,3.046342061999679e+28
389.8000000000002,6.619456808488912,6.94991402646216,3.043262185481721e+28
390.8000000000002,6.618683733671734,6.947350371435764,3.0401933018477854e+28
391.8000000000002,6.617912249694118,6.94479328581963,3.037135343882465e+28
392.8000000000002,6.61714234949993,6.942242735592137,3.034088244951541e+28
393.8000000000002,6.616374026082041,6.939698686995252,3.0310519389954954e+28
394.8000000000002,6.615607272481867,6.937161106531811,3.0280263605231082e+28
395.8000000000002,6.614842081788909,6.93462996096285,3.0250114446051446e+28
396.8000000000002,6.614078447140301,6.932105217304958,3.022007126868127e+28
397.8000000000002,6.6133163617203605,6.929586842827673,3.019013343488193e+28
398.8000000000002,6.612555818760152,6.927074805050898,3.0160300311850345e+28
399.8000000000002,6.611796811537043,6.9245690717423685,3.0130571272159184e+28
400.8000000000002,6.611039333374278,6.922069610915136,3.0100945693697918e+28
401.8000000000002,6.6102833776405525,6.919576390825096,3.007142295961461e+28
402.8000000000002,6.609528937749586,6.917089379968527,3.004200245825851e+28
403.8000000000002,6.608776007159711,6.914608547079691,3.0012683583123453e+28
404.8000000000002,6.608024579373458,6.912133861128433,2.998346573279192e+28
405.8000000000002,6.607274647937152,6.909665291317829,2.9954348310879953e+28
406.8000000000002,6.606526206440508,6.907202807081861,2.9925330725982716e+28
407.8000000000002,6.605779248516232,6.904746378083114,2.989641239162082e+28
408.8000000000002,6.6050337678396325,6.902295974210514,2.986759272618733e+28
409.8000000000002,6.604289758128229,6.899851565577068,2.983887115289552e+28
410.8000000000002,6.603547213141371,6.8974131225176745,2.9810247099727234e+28
411.8000000000002,6.602806126679854,6.894980615586917,2.978171999938201e+28
412.8000000000002,6.602066492585551,6.892554015556909,2.975328928922679e+28
413.8000000000002,6.601328304741034,6.8901332934151664,2.972495441124637e+28
414.8000000000002,6.600591557069214,6.887718420362489,2.969671481199439e+28
415.8000000000002,6.599856243532978,6.885309367810889,2.9668569942545084e+28
416.8000000000002,6.599122358134824,6.882906107381526,2.964051925844555e+28
417.8000000000002,6.598389894916519,6.880508610902677,2.9612562219668684e+28
418.8000000000002,6.597658847958736,6.878116850407739,2.9584698290566717e+28
419.8000000000002,6.596929211380717,6.875730798133224,2.9556926939825344e+28
420.8000000000002,6.596200979339925,6.873350426516826,2.952924764041845e+28
421.8000000000002,6.5954741460317114,6.8709757081954645,2.95016598695634e+28
422.8000000000002,6.594748705688975,6.86860661600338,2.9474163108676913e+28
423.8000000000002,6.594024652581834,6.866243122970252,2.9446756843331495e+28
424.8000000000002,6.593301981017301,6.863885202319315,2.9419440563212416e+28
425.8000000000002,6.592580685338954,6.861532827465524,2.939221376207526e+28
426.8000000000002,6.591860759926624,6.859185972013741,2.9365075937703958e+28
427.8000000000002,6.591142199196071,6.856844609756909,2.933802659186943e+28
428.8000000000002,6.5904249975986735,6.8545087146742905,2.9311065230288657e+28
429.8000000000002,6.589709149621123,6.852178260929712,2.9284191362584347e+28
430.8000000000002,6.5889946497851115,6.849853222869804,2.9257404502245057e+28
431.8000000000002,6.588281492647034,6.847533575022304,2.923070416658583e+28
432.8000000000002,6.5875696727976845,6.845219292094349,2.9204089876709316e+28
433.8000000000002,6.586859184861964,6.842910348970795,2.9177561157467396e+28
434.8000000000002,6.586150023498586,6.84060672071257,2.915111753742324e+28
435.8000000000002,6.585442183399786,6.838308382555022,2.9124758548813917e+28
436.8000000000002,6.584735659291034,6.836015309906303,2.909848372751335e+28
437.8000000000002,6.584030445930757,6.83372747834577,2.907229261299584e+28
438.8000000000002,6.583326538110047,6.831444863622396,2.9046184748299955e+28
439.8000000000002,6.582623930652396,6.829167441653215,2.902015967999292e+28
440.8000000000002,6.581922618413414,6.826895188521769,2.89942169581354e+28
441.8000000000002,6.58122259628056,6.824628080476572,2.8968356136246775e+28
442.8000000000002,6.580523859172874,6.82236609392961,2.894257677127074e+28
443.8000000000002,6.579826402040706,6.820109205454841,2.891687842354141e+28
444.8000000000002,6.579130219865463,6.8178573917867205,2.8891260656749806e+28
445.8000000000002,6.578435307659339,6.815610629818737,2.8865723037910757e+28
446.8000000000002,6.577741660465063,6.8133688966019665,2.884026513733016e+28
447.8000000000002,6.577049273355643,6.811132169343651,2.8814886528572688e+28
448.8000000000002,6.576358141434115,6.808900425405788,2.878958678842987e+28
449.8000000000002,6.575668259833292,6.806673642303723,2.8764365496888534e+28
450.8000000000002,6.574979623715518,6.804451797704779,2.8739222237099657e+28
451.8000000000002,6.574292228272426,6.8022348694268935,2.871415659534755e+28
452.8000000000002,6.573606068724691,6.800022835437263,2.8689168161019454e+28
453.8000000000002,6.572921140321798,6.7978156738510105,2.866425652657548e+28
454.8000000000002,6.5722374383418,6.795613362929863,2.863942128751889e+28
455.8000000000002,6.5715549580910855,6.793415881080859,2.861466204236673e+28
456.8000000000002,6.570873694904149,6.791223206855044,2.8589978392620856e+28
457.8000000000002,6.570193644143359,6.789035318946203,2.8565369942739234e+28
458.8000000000002,6.569514801198731,6.786852196189592,2.8540836300107637e+28
459.8000000000002,6.568837161487707,6.784673817560694,2.851637707501164e+28
460.8000000000002,6.568160720454927,6.782500162173989,2.8491991880608944e+28
461.8000000000002,6.567485473572013,6.780331209281723,2.8467680332902045e+28
462.8000000000002,6.566811416337353,6.77816693827271,2.8443442050711185e+28
463.8000000000002,6.566138544275881,6.776007328671126,2.841927665564768e+28
464.8000000000002,6.565466852938865,6.773852360135345,2.8395183772087478e+28
465.8000000000002,6.564796337903699,6.771702012456757,2.8371163027145086e+28
466.8000000000002,6.56412699477369,6.769556265558611,2.8347214050647767e+28
467.8000000000002,6.563458819177853,6.767415099494885,2.8323336475110064e+28
468.8000000000002,6.562791806770707,6.765278494449145,2.8299529935708556e+28
469.8000000000002,6.562125953232069,6.7631464307334195,2.8275794070256992e+28
470.8000000000002,6.561461254266859,6.761018888787115,2.825212851918164e+28
471.8000000000002,6.560797705604894,6.758895849175895,2.822853292549693e+28
472.8000000000002,6.560135303000697,6.756777292590616,2.820500693478142e+28
473.8000000000002,6.559474042233303,6.754663199846252,2.818155019515396e+28
474.8000000000002,6.55881391910606,6.752553551880826,2.815816235725022e+28
475.8000000000002,6.558154929446444,6.75044832975437,2.8134843074199384e+28
476.8000000000002,6.557497069105868,6.748347514647888,2.8111592001601176e+28
477.8000000000002,6.556840333959493,6.746251087862314,2.808840879750315e+28
478.8000000000002,6.556184719906047,6.744159030817519,2.8065293122378175e+28
479.8000000000002,6.555530222867637,6.74207132505129,2.804224463910223e+28
480.8000000000002,6.554876838789572,6.739987952218344,2.801926301293245e+28
481.8000000000002,6.554224563640179,6.7379088940893315,2.799634791148533e+28
482.8000000000002,6.553573393410627,6.735834132549881,2.797349900471533e+28
483.8000000000002,6.552923324114751,6.733763649599622,2.7950715964893555e+28
484.8000000000002,6.552274351788877,6.7316974273512304,2.792799846658679e+28
485.8000000000002,6.551626472491648,6.729635448029494,2.79053461866367e+28
486.8000000000002,6.550979682303855,6.727577693970375,2.788275880413929e+28
487.8000000000002,6.550333977328265,6.725524147620087,2.786023600042461e+28
488.8000000000002,6.5496893536894545,6.723474791534169,2.783777745903661e+28
489.8000000000002,6.549045807533645,6.721429608376601,2.7815382865713313e+28
490.8000000000002,6.548403335028533,6.719388580918894,2.779305190836716e+28
491.8000000000002,6.547761932363134,6.717351692039202,2.7770784277065527e+28
492.8000000000002,6.547121595747614,6.715318924721455,2.7748579664011557e+28
493.8000000000002,6.5464823214131345,6.71329026205448,2.77264377635251e+28
494.8000000000002,6.5458441056116925,6.711265687231151,2.7704358272023937e+28
495.8000000000002,6.545206944615963,6.709245183547534,2.7682340888005157e+28
496.8000000000002,6.544570834719142,6.707228734402037,2.766038531202675e+28
497.8000000000002,6.543935772234799,6.705216323294593,2.7638491246689445e+28
498.8000000000002,6.543301753496716,6.703207933825816,2.7616658396618644e+28
499.8000000000002,6.542668774858743,6.701203549696206,2.7594886468446673e+28
500.8000000000002,6.542036832694645,6.6992031547053195,2.757317517079512e+28
501.8000000000002,6.541405923397954,6.697206732750979,2.7551524214257434e+28
502.8000000000002,6.540776043381823,6.6952142678284865,2.752993331138166e+28
503.8000000000002,6.540147189078882,6.693225744029823,2.7508402176653398e+28
504.8000000000002,6.539519356941089,6.6912411455428895,2.7486930526478935e+28
505.8000000000002,6.538892543439596,6.689260456650729,2.746551807916852e+28
506.8000000000002,6.538266745064598,6.687283661730765,2.744416455491987e+28
507.8000000000002,6.537641958325197,6.68531074525405,2.7422869675801853e+28
508.8000000000002,6.537018179749266,6.683341691784522,2.740163316573826e+28
509.8000000000002,6.536395405883307,6.6813764859782605,2.7380454750491853e+28
510.8000000000002,6.535773633292318,6.679415112582763,2.7359334157648527e+28
511.8000000000002,6.535152858559655,6.677457556436213,2.7338271116601646e+28
512.8000000000002,6.534533078286903,6.675503802466766,2.7317265358536547e+28
513.8000000000002,6.533914289093738,6.673553835691841,2.729631661641521e+28
514.8000000000002,6.533296487617799,6.67160764121742,2.7275424624961075e+28
515.8000000000002,6.532679670514558,6.669665204237347,2.7254589120644065e+28
516.8000000000002,6.5320638344571895,6.667726510032642,2.7233809841665665e+28
517.8000000000002,6.531448976136446,6.665791543970814,2.7213086527944278e+28
518.8000000000002,6.530835092260526,6.663860291505195,2.7192418921100643e+28
519.8000000000002,6.530222179554955,6.661932738174258,2.717180676444346e+28
520.8000000000002,6.5296102347624565,6.660008869600965,2.715124980295512e+28
521.8000000000002,6.528999254642831,6.658088671492111,2.713074778327762e+28
522.8000000000002,6.528389235972834,6.656172129637662,2.711030045369858e+28
523.8000000000002,6.527780175546055,6.654259229910128,2.708990756413748e+28
524.8000000000002,6.5271720701727975,6.65234995826391,2.706956886613194e+28
525.8000000000002,6.52656491667996,6.650444300734684,2.704928411282421e+28
526.8000000000002,6.525958711910918,6.648542243438754,2.7029053058947797e+28
527.8000000000002,6.52535345272541,6.646643772572464,2.700887546081417e+28
528.8000000000002,6.524749135999418,6.644748874411555,2.6988751076299683e+28
529.8000000000002,6.524145758625057,6.642857535310576,2.696867966483256e+28
530.8000000000002,6.523543317510458,6.640969741702275,2.694866098738006e+28
531.8000000000002,6.522941809579659,6.639085480097004,2.692869480643574e+28
532.8000000000002,6.522341231772489,6.637204737082129,2.6908780886006864e+28
533.8000000000002,6.521741581044463,6.635327499321445,2.688891899160196e+28
534.8000000000002,6.521142854366667,6.633453753554603,2.6869108890218437e+28
535.8000000000002,6.520545048725656,6.631583486596524,2.6849350350330407e+28
536.8000000000002,6.519948161123337,6.629716685336838,2.682964314187656e+28
537.8000000000002,6.519352188576874,6.62785333673933,2.6809987036248212e+28
538.8000000000002,6.518757128118571,6.6259934278413635,2.6790381806277463e+28
539.8000000000002,6.518162976795775,6.624136945753339,2.6770827226225424e+28
540.8000000000002,6.517569731670771,6.622283877658152,2.675132307177063e+28
541.8000000000002,6.516977389820674,6.620434210810634,2.673186911999754e+28
542.8000000000002,6.516385948337334,6.618587932537038,2.671246514938514e+28
543.8000000000002,6.515795404327229,6.616745030234487,2.669311093979566e+28
544.8000000000002,6.51520575491137,6.6149054913704575,2.6673806272463437e+28
545.8000000000002,6.514616997225195,6.613069303482252,2.665455092998385e+28
546.8000000000002,6.5140291284184775,6.611236454176485,2.663534469630237e+28
547.8000000000002,6.513442145655224,6.609406931128568,2.6616187356703723e+28
548.8000000000002,6.51285604611358,6.6075807220822025,2.65970786978012e+28
549.8000000000002,6.51227082698573,6.605757814848884,2.657801850752598e+28
550.8000000000002,6.5116864854778065,6.6039381973073805,2.6559006575116644e+28
551.8000000000002,6.511103018809796,6.602121857403276,2.6540042691108745e+28
552.8000000000002,6.51052042421544,6.60030878314844,2.6521126647324513e+28
553.8000000000002,6.509938698942149,6.598498962620573,2.6502258236862616e+28
554.8000000000002,6.509357840250904,6.596692383962711,2.6483437254088063e+28
555.8000000000002,6.508777845416172,6.594889035382753,2.6464663494622175e+28
556.8000000000002,6.508198711725809,6.593088905152991,2.6445936755332687e+28
557.8000000000002,6.507620436480976,6.59129198160964,2.6427256834323897e+28
558.8000000000002,6.507043016996046,6.589498253152371,2.6408623530926953e+28
559.8000000000002,6.506466450598518,6.5877077082438635,2.6390036645690226e+28
560.8000000000002,6.50589073462893,6.585920335409337,2.637149598036975e+28
561.8000000000002,6.505315866440769,6.584136123236107,2.635300133791978e+28
562.8000000000002,6.5047418434003905,6.582355060373139,2.633455252248344e+28
563.8000000000002,6.504168662886928,6.5805771355306,2.631614933938344e+28
564.8000000000002,6.503596322292212,6.578802337479425,2.6297791595112902e+28
565.8000000000002,6.503024819020685,6.577030655050885,2.627947909732627e+28
566.8000000000002,6.502454150489316,6.575262077136138,2.6261211654830292e+28
567.8000000000002,6.501884314127524,6.573496592685826,2.6242989077575106e+28
568.8000000000002,6.501315307377092,6.571734190709639,2.6224811176645396e+28
569.8000000000002,6.500747127692084,6.569974860275892,2.620667776425165e+28
570.8000000000002,6.500179772538772,6.568218590511117,2.6188588653721483e+28
571.8000000000002,6.499613239395547,6.5664653705996425,2.6170543659491047e+28
572.8000000000002,6.4990475257528475,6.564715189783195,2.615254259709652e+28
573.8000000000002,6.498482629113078,6.562968037360486,2.613458528316569e+28
574.8000000000002,6.497918546990531,6.561223902686805,2.6116671535409602e+28
575.8000000000002,6.497355276911311,6.559482775173645,2.6098801172614264e+28
576.8000000000002,6.496792816413257,6.557744644288279,2.6080974014632504e+28
577.8000000000002,6.496231163045867,6.556009499553388,2.60631898823758e+28
578.8000000000002,6.495670314370225,6.554277330546665,2.604544859780628e+28
579.8000000000002,6.49511026795892,6.552548126900435,2.602774998392873e+28
580.8000000000002,6.494551021395981,6.550821878301271,2.601009386478272e+28
581.8000000000002,6.493992572276797,6.549098574489614,2.5992480065434767e+28
582.8000000000002,6.493434918208044,6.547378205259411,2.59749084119706e+28
583.8000000000002,6.49287805680762,6.545660760457727,2.595737873148749e+28
584.8000000000002,6.492321985704563,6.543946229984389,2.593989085208663e+28
585.8000000000002,6.491766702538989,6.54223460379162,2.5922444602865624e+28
586.8000000000002,6.491212204962016,6.540525871883672,2.5905039813911e+28
587.8000000000002,6.490658490635696,6.538820024316463,2.5887676316290824e+28
588.8000000000002,6.490105557232948,6.537117051197246,2.587035394204737e+28
589.8000000000002,6.4895534024374815,6.535416942684227,2.585307252418987e+28
590.8000000000002,6.489002023943739,6.5337196889862295,2.5835831896687292e+28
591.8000000000002,6.48845141945682,6.532025280362358,2.581863189446124e+28
592.8000000000002,6.487901586692418,6.530333707121626,2.5801472353378874e+28
593.8000000000002,6.487352523376751,6.52864495962265,2.578435311024591e+28
594.8000000000002,6.486804227246499,6.526959028273284,2.576727400279969e+28
595.8000000000002,6.486256696048735,6.525275903530305,2.57502348697023e+28
596.8000000000002,6.485709927540862,6.523595575899066,2.5733235550533772e+28
597.8000000000002,6.485163919490547,6.521918035933172,2.5716275885785314e+28
598.8000000000002,6.484618669675659,6.52024327423416,2.5699355716852633e+28
599.8000000000002,6.4840741758842055,6.51857128145117,2.5682474886029307e+28
600.8000000000002,6.483530435914266,6.516902048280619,2.566563323650022e+28
601.8000000000002,6.482987447573932,6.515235565465897,2.5648830612335025e+28
602.8000000000002,6.482445208681248,6.513571823797037,2.5632066858481727e+28
603.8000000000002,6.481903717064142,6.511910814110408,2.5615341820760267e+28
604.8000000000002,6.481362970560373,6.51025252728841,2.559865534585618e+28
605.8000000000002,6.480822967017466,6.508596954259156,2.558200728131433e+28
606.8000000000002,6.480283704292651,6.506944085996173,2.556539747553269e+28
607.8000000000002,6.479745180252807,6.505293913518106,2.5548825777756125e+28
608.8000000000002,6.479207392774399,6.5036464278884,2.5532292038070347e+28
609.8000000000002,6.478670339743423,6.502001620215022,2.5515796107395793e+28
610.8000000000002,6.478134019055344,6.5003594816501575,2.5499337837481656e+28
611.8000000000002,6.477598428615041,6.498720003389909,2.5482917080899907e+28
612.8000000000002,6.477063566336748,6.4970831766740265,2.5466533691039413e+28
613.8000000000002,6.476529430144,6.495448992785597,2.5450187522100054e+28
614.8000000000002,6.47599601796957,6.49381744305078,2.5433878429086963e+28
615.8000000000002,6.475463327755422,6.492188518838509,2.5417606267804754e+28
616.8000000000002,6.474931357452648,6.4905622115602135,2.540137089485183e+28
617.8000000000002,6.474400105021414,6.488938512669547,2.538517216761474e+28
618.8000000000002,6.47386956843091,6.487317413662108,2.536900994426256e+28
619.8000000000002,6.473339745659291,6.485698906075164,2.535288408374138e+28
620.8000000000002,6.472810634693623,6.4840829814873775,2.5336794445768752e+28
621.8000000000002,6.472282233529833,6.482469631518544,2.532074089082829e+28
622.8000000000002,6.471754540172652,6.480858847829321,2.5304723280164216e+28
623.8000000000002,6.471227552635566,6.479250622120958,2.5288741475776037e+28
624.8000000000002,6.4707012689407595,6.47764494613504,2.5272795340413194e+28
625.8000000000002,6.470175687119068,6.476041811653227,2.5256884737569835e+28
626.8000000000002,6.4696508052099215,6.474441210496989,2.5241009531479567e+28
627.8000000000002,6.4691266212612994,6.472843134527357,2.5225169587110276e+28
628.8000000000002,6.468603133329674,6.471247575644661,2.5209364770158996e+28
629.8000000000002,6.468080339479964,6.469654525788279,2.519359494704684e+28
630.8000000000002,6.467558237785482,6.4680639769363975,2.5177859984913928e+28
631.8000000000002,6.467036826327888,6.466475921105744,2.516215975161439e+28
632.8000000000002,6.466516103197136,6.464890350351352,2.5146494115711432e+28
633.8000000000002,6.465996066491428,6.463307256766322,2.513086294647238e+28
634.8000000000002,6.465476714317166,6.461726632481563,2.5115266113863805e+28
635.8000000000002,6.464958044788901,6.460148469665562,2.509970348854674e+28
636.8000000000002,6.464440056029288,6.458572760524147,2.5084174941871826e+28
637.8000000000002,6.463922746169036,6.456999497300243,2.5068680345874592e+28
638.8000000000002,6.463406113346864,6.4554286722736425,2.5053219573270727e+28
639.8000000000002,6.462890155709451,6.453860277760768,2.5037792497451416e+28
640.8000000000002,6.462374871411393,6.452294306114444,2.5022398992478714e+28
641.8000000000002,6.461860258615154,6.450730749723668,2.500703893308092e+28
642.8000000000002,6.461346315491021,6.449169601013381,2.499171219464805e+28
643.8000000000002,6.460833040217059,6.447610852444237,2.497641865322732e+28
644.8000000000002,6.460320430979068,6.4460544965123905,2.4961158185518647e+28
645.8000000000002,6.459808485970534,6.4445005257492625,2.4945930668870206e+28
646.8000000000002,6.4592972033925875,6.442948932721327,2.493073598127405e+28
647.8000000000002,6.45878658145396,6.441399710029886,2.491557400136171e+28
648.8000000000002,6.458276618370937,6.439852850310862,2.4900444608399876e+28
649.8000000000002,6.457767312367319,6.438308346234569,2.488534768228612e+28
650.8000000000002,6.457258661674374,6.4367661905055105,2.4870283103544587e+28
651.8000000000002,6.456750664530799,6.435226375862161,2.4855250753321817e+28
652.8000000000002,6.456243319182673,6.4336888950767595,2.484025051338252e+28
653.8000000000002,6.455736623883419,6.432153740955096,2.482528226610545e+28
654.8000000000002,6.455230576893758,6.430620906336305,2.4810345894479254e+28
655.8000000000002,6.454725176481673,6.429090384092662,2.4795441282098403e+28
656.8000000000002,6.45422042092236,6.4275621671293806,2.4780568313159123e+28
657.8000000000002,6.453716308498197,6.426036248384408,2.4765726872455393e+28
658.8000000000002,6.453212837498692,6.424512620828219,2.4750916845374932e+28
659.8000000000002,6.452710006220452,6.4229912774636215,2.4736138117895278e+28
660.8000000000002,6.452207812967139,6.4214722113255664,2.472139057657981e+28
661.8000000000002,6.451706256049429,6.419955415480931,2.4706674108573915e+28
662.8000000000002,6.451205333784976,6.418440883028348,2.4691988601601105e+28
663.8000000000002,6.450705044498369,6.41692860709799,2.467733394395916e+28
664.8000000000002,6.450205386521094,6.415418580851393,2.4662710024516384e+28
665.8000000000002,6.449706358191499,6.413910797481259,2.4648116732707797e+28
666.8000000000002,6.44920795785475,6.412405250211268,2.463355395853142e+28
667.8000000000002,6.448710183862797,6.410901932295891,2.4619021592544556e+28
668.8000000000002,6.4482130345743345,6.409400837020202,2.4604519525860125e+28
669.8000000000002,6.447716508354763,6.4079019576997,2.459004765014301e+28
670.8000000000002,6.447220603576155,6.40640528768011,2.4575605857606447e+28
671.8000000000002,6.446725318617212,6.40491082033722,2.4561194041008425e+28
672.8000000000002,6.446230651863234,6.403418549076685,2.4546812093648145e+28
673.8000000000002,6.445736601706081,6.401928467333859,2.4532459909362477e+28
674.8000000000002,6.445243166544133,6.400440568573607,2.4518137382522442e+28
675.8000000000002,6.444750344782259,6.39895484629014,2.4503844408029784e+28
676.8000000000002,6.444258134831778,6.397471294006822,2.448958088131347e+28
677.8000000000002,6.443766535110427,6.39598990527602,2.4475346698326307e+28
678.8000000000002,6.44327554404232,6.394510673678909,2.446114175554153e+28
679.8000000000002,6.442785160057919,6.393033592825308,2.444696594994946e+28
680.8000000000002,6.442295381593994,6.391558656353515,2.443281917905413e+28
681.8000000000002,6.4418062070935935,6.390085857930142,2.4418701340869996e+28
682.8000000000002,6.441317635006006,6.388615191249926,2.4404612333918667e+28
683.8000000000002,6.440829663786727,6.3871466500355805,2.4390552057225597e+28
684.8000000000002,6.4403422918974265,6.385680228037634,2.4376520410316905e+28
685.8000000000002,6.439855517805915,6.384215919034247,2.436251729321612e+28
686.8000000000002,6.43936933998611,6.382753716831068,2.434854260644103e+28
687.8000000000002,6.438883756917999,6.381293615261059,2.4334596251000503e+28
688.8000000000002,6.438398767087614,6.379835608184344,2.432067812839137e+28
689.8000000000002,6.437914368986994,6.3783796894880425,2.4306788140595296e+28
690.8000000000002,6.4374305611141525,6.376925853086117,2.4292926190075717e+28
691.8000000000002,6.436947341973045,6.375474092919212,2.4279092179774747e+28
692.8000000000002,6.436464710073542,6.3740244029545075,2.426528601311019e+28
693.8000000000002,6.435982663931389,6.372576777185545,2.425150759397248e+28
694.8000000000002,6.435501202068181,6.371131209632093,2.42377568267217e+28
695.8000000000002,6.43502032301133,6.369687694339991,2.4224033616184634e+28
696.8000000000002,6.434540025294033,6.368246225380984,2.421033786765181e+28
697.8000000000002,6.43406030745524,6.366806796852595,2.419666948687459e+28
698.8000000000002,6.433581168039624,6.365369402877956,2.418302838006224e+28
699.8000000000002,6.433102605597553,6.363934037605668,2.4169414453879094e+28
700.8000000000002,6.432624618685057,6.362500695209663,2.4155827615441677e+28
701.8000000000002,6.432147205863796,6.361069369889034,2.4142267772315867e+28
702.8000000000002,6.431670365701036,6.359640055867921,2.4128734832514103e+28
703.8000000000002,6.431194096769613,6.3582127473953385,2.41152287044926e+28
704.8000000000002,6.430718397647909,6.356787438745053,2.4101749297148538e+28
705.8000000000002,6.430243266919817,6.355364124215429,2.4088296519817366e+28
706.8000000000002,6.429768703174715,6.353942798129298,2.4074870282270063e+28
707.8000000000002,6.42929470500744,6.352523454833808,2.4061470494710405e+28
708.8000000000002,6.428821271018252,6.351106088700297,2.404809706777233e+28
709.8000000000002,6.428348399812814,6.349690694124142,2.4034749912517213e+28
710.8000000000002,6.427876090002154,6.348277265524633,2.402142894043129e+28
711.8000000000002,6.427404340202646,6.346865797344835,2.4008134063422986e+28
712.8000000000002,6.4269331490359765,6.345456284051442,2.399486519382032e+28
713.8000000000002,6.426462515129119,6.344048720134664,2.3981622244368343e+28
714.8000000000002,6.425992437114304,6.342643100108074,2.396840512822654e+28
715.8000000000002,6.425522913628995,6.341239418508485,2.3955213758966315e+28
716.8000000000002,6.425053943315858,6.339837669895822,2.3942048050568456e+28
717.8000000000002,6.424585524822739,6.338437848852989,2.3928907917420615e+28
718.8000000000002,6.424117656802628,6.337039949985732,2.3915793274314824e+28
719.8000000000002,6.423650337913643,6.335643967922522,2.390270403644506e+28
720.8000000000002,6.423183566818998,6.334249897314422,2.388964011940473e+28
721.8000000000002,6.422717342186976,6.332857732834963,2.38766014391843e+28
722.8000000000002,6.422251662690905,6.331467469180012,2.386358791216884e+28
723.8000000000002,6.421786527009131,6.3300791010676605,2.385059945513565e+28
724.8000000000002,6.421321933824993,6.328692623238082,2.3837635985251866e+28
725.8000000000002,6.4208578818267945,6.327308030453423,2.3824697420072105e+28
726.8000000000002,6.420394369707782,6.3259253174976795,2.3811783677536136e+28
727.8000000000002,6.419931396166116,6.32454447917657,2.379889467596652e+28
728.8000000000002,6.41946895990485,6.323165510317418,2.378603033406634e+28
729.8000000000002,6.419007059631901,6.321788405769034,2.3773190570916887e+28
730.8000000000002,6.418545694060026,6.320413160401591,2.3760375305975373e+28
731.8000000000002,6.4180848619068005,6.319039769106512,2.3747584459072706e+28
732.8000000000002,6.4176245618945895,6.317668226796355,2.3734817950411237e+28
733.8000000000002,6.417164792750525,6.316298528404687,2.3722075700562506e+28
734.8000000000002,6.416705553206484,6.3149306688859745,2.3709357630465073e+28
735.8000000000002,6.416246841999058,6.313564643215473,2.369666366142231e+28
736.8000000000002,6.415788657869537,6.312200446389101,2.368399371510021e+28
737.8000000000002,6.41533099956388,6.310838073423341,2.367134771352527e+28
738.8000000000002,6.4148738658326945,6.309477519355113,2.3658725579082277e+28
739.8000000000002,6.4144172554312116,6.308118779241676,2.364612723451225e+28
740.8000000000002,6.413961167119263,6.306761848160505,2.3633552602910274e+28
741.8000000000002,6.413505599661258,6.305406721209193,2.3621001607723453e+28
742.8000000000002,6.413050551826161,6.304053393505329,2.3608474172748755e+28
743.8000000000002,6.412596022387466,6.302701860186399,2.359597022213103e+28
744.8000000000002,6.412142010123177,6.301352116409671,2.3583489680360865e+28
745.8000000000002,6.411688513815786,6.300004157352092,2.357103247227265e+28
746.8000000000002,6.411235532252246,6.298657978210185,2.355859852304245e+28
747.8000000000002,6.410783064223954,6.297313574199933,2.3546187758186077e+28
748.8000000000002,6.410331108526724,6.2959709405566855,2.353380010355705e+28
749.8000000000002,6.409879663960769,6.294630072535041,2.3521435485344637e+28
750.8000000000002,6.409428729330679,6.29329096540876,2.3509093830071876e+28
751.8000000000002,6.4089783034453935,6.291953614470641,2.3496775064593625e+28
752.8000000000002,6.408528385118189,6.29061801503244,2.3484479116094644e+28
753.8000000000002,6.40807897316665,6.289284162424757,2.3472205912087645e+28
754.8000000000002,6.407630066412651,6.287952051996932,2.3459955380411403e+28
755.8000000000002,6.407181663682334,6.286621679116953,2.344772744922883e+28
756.8000000000002,6.40673376380609,6.285293039171359,2.3435522047025137e+28
757.8000000000002,6.406286365618535,6.283966127565119,2.3423339102605925e+28
758.8000000000002,6.40583946795849,6.282640939721567,2.341117854509535e+28
759.8000000000002,6.405393069668962,6.28131747108228,2.339904030393427e+28
760.8000000000002,6.404947169597121,6.279995717106987,2.338692430887843e+28
761.8000000000002,6.404501766594282,6.278675673273478,2.3374830489996613e+28
762.8000000000002,6.404056859515883,6.2773573350774985,2.3362758777668885e+28
772.8000000000002,6.399634815680305,6.264266784900126,2.324324241747708e+28
782.8000000000002,6.3952611351272255,6.251341973583408,2.312586237445298e+28
792.8000000000002,6.3909347382872195,6.238578678917166,2.3010553895158262e+28
802.8000000000002,6.386654582682803,6.2259728388603275,2.2897254974035814e+28
812.8000000000002,6.382419661212029,6.213520543535754,2.2785906204304046e+28
822.8000000000002,6.378229000531525,6.20121802771885,2.2676450638662326e+28
832.8000000000002,6.374081659532085,6.1890616637838125,2.2568833659051512e+28
842.8000000000002,6.369976727900468,6.177047955074553,2.246300285478003e+28
852.8000000000002,6.365913324761569,6.165173529669891,2.235890790838613e+28
862.8000000000002,6.361890597395587,6.153435134515368,2.225650048866087e+28
872.8000000000002,6.357907720025236,6.141829629895957,2.2155734150305537e+28
882.8000000000002,6.353963892668404,6.130353984226341,2.2056564239741195e+28
892.8000000000002,6.35005834005205,6.119005269137032,2.1958947806628297e+28
902.8000000000002,6.346190310583407,6.107780654836429,2.1862843520690638e+28
912.8000000000002,6.34235907537488,6.0966774057304605,2.176821159347075e+28
922.8000000000002,6.338563927319277,6.085692876282804,2.1675013704673987e+28
932.8000000000002,6.334804180212264,6.074824507100036,2.158321293278571e+28
942.8000000000002,6.331079167919146,6.064069821227191,2.1492773689670823e+28
952.8000000000002,6.327388243583302,6.053426420640314,2.1403661658887587e+28
962.8000000000002,6.3237307788737676,6.042891982923583,2.1315843737468204e+28
972.8000000000002,6.320106163269653,6.032464258119463,2.12292879809377e+28
982.8000000000002,6.316513803379229,6.022141065741193,2.114396355135968e+28
992.8000000000002,6.312953122291673,6.01192029193767,2.1059840668213418e+28
1002.8000000000002,6.309425334009866,6.001802476817442,2.0907400113203474e+28
1012.8000000000002,6.305955641528638,5.9918232600301025,2.0582067287985682e+28
1022.8000000000002,6.302552307938065,5.98199372688949,2.026491922833738e+28
1032.8000000000002,6.299213384888718,5.972310102293553,1.9955672985345863e+28
1042.8000000000002,6.29593700035473,5.962768742201435,1.9654058003872244e+28
1052.8000000000002,6.292721354920687,5.953366127897738,1.9359815467426993e+28
1062.8000000000002,6.289564718283279,5.9440988605576734,1.9072697683496845e+28
1072.8000000000002,6.286465425953356,5.934963656094789,1.8792467506472592e+28
1082.8000000000002,6.283421876145143,5.925957340274207,1.851889779555253e+28
1092.8000000000002,6.28043252684034,5.917076844075506,1.8251770905201798e+28
1102.8000000000002,6.277495893015767,5.908319199290466,1.7990878205935826e+28
1112.8000000000002,6.274610544024018,5.899681534341834,1.7736019633367522e+28
1122.8000000000002,6.271775101117372,5.891161070310259,1.7487003263615076e+28
1132.8000000000002,6.268988235105914,5.882755117157316,1.7243644913310816e+28
1142.8000000000002,6.266248664141448,5.874461070133444,1.7005767762583558e+28
1152.8000000000002,6.263555151619407,5.866276406360214,1.6773201999507538e+28
1162.8000000000002,6.260906504191486,5.858198681577127,1.6545784484622052e+28
1172.8000000000002,6.2583015698822475,5.850225527043758,1.6323358434227714e+28
1182.8000000000002,6.255739236303406,5.842354646588568,1.6105773121258996e+28
1192.8000000000002,6.253218428959945,5.834583813796353,1.5892883592618675e+28
1202.8000000000002,6.250738109642586,5.826910869326769,1.5684550401939336e+28
1212.8000000000002,6.248297274901534,5.819333718356759,1.5480639356809936e+28
1222.8000000000002,6.24589495459674,5.811850328140322,1.5281021279572844e+28
1232.8000000000002,6.243530210520231,5.8044587256792575,1.5085571780858925e+28
1242.8000000000002,6.241202135086384,5.797156995499105,1.4894171045085496e+28
1252.8000000000002,6.238909850086249,5.789943277524673,1.470670362719504e+28
1262.8000000000002,6.236652505502296,5.7828157650500245,1.4523058259961387e+28
1272.8000000000002,6.234429278380206,5.775772702798003,1.4343127671235544e+28
1282.8000000000002,6.232239371754515,5.768812385064686,1.416680841054504e+28
1292.8000000000002,6.230082013625135,5.761933153944483,1.3994000684499627e+28
1302.8000000000002,6.227956455981975,5.755133397631743,1.3824608200492104e+28
1312.8000000000002,6.225861973875025,5.748411548795071,1.3658538018216265e+28
1322.8000000000002,6.2237978645274685,5.741766083020707,1.349570040855507e+28
1332.8000000000002,6.221763446489495,5.735195517321555,1.3336008719420726e+28
1342.8000000000002,6.219758058830673,5.72869840870862,1.3179379248155076e+28
1352.8000000000002,6.217781060368828,5.722273352821848,1.3025731120123499e+28
1362.8000000000002,6.21583182893352,5.715918982617435,1.287498617315854e+28
1372.8000000000002,6.21390976066233,5.709633967108944,1.272706884753093e+28
1382.8000000000002,6.212014269328244,5.703417010159612,1.258190608114564e+28
1392.8000000000002,6.210144785696562,5.6972668493234515,1.243942720967919e+28
1402.8000000000002,6.208300756909806,5.691182254732842,1.2299563871391728e+28
1412.8000000000002,6.206481645899242,5.685162028030408,1.2162249916363594e+28
1422.8000000000002,6.204686930821653,5.679205001343176,1.2027421319921116e+28
1432.8000000000002,6.202916104520128,5.673310036297009,1.1895016100030435e+28
1442.8000000000002,6.201168674007664,5.667476023069517,1.1764974238451332e+28
1452.8000000000002,6.199444159972477,5.661701879479645,1.1637237605455223e+28
1462.8000000000002,6.197742096303943,5.655986550112326,1.1511749887923025e+28
1472.8000000000002,6.196062029638198,5.650329005476584,1.138845652064924e+28
1482.8000000000002,6.19440351892242,5.644728241195628,1.1267304620688696e+28
1492.8000000000002,6.192766134996931,5.639183277227485,1.1148242924591747e+28
1502.8000000000002,6.1911494601942545,5.6336931571148625,1.1031221728382472e+28
1512.8000000000002,6.189553087954337,5.62825694726293,1.0916192830142737e+28
1522.8000000000002,6.187976622455178,5.622873736243822,1.080310947507261e+28
1532.8000000000002,6.186419678258146,5.6175426341266945,1.0691926302904932e+28
1542.8000000000002,6.184881879967317,5.61226277183227,1.0582599297558557e+28
1552.8000000000002,6.183362861902171,5.607033300510784,1.0475085738921204e+28
1562.8000000000002,6.18186226778306,5.601853390942358,1.0369344156658787e+28
1572.8000000000002,6.180379750428855,5.596722232958873,1.0265334285953782e+28
1582.8000000000002,6.1789149714662255,5.5916390348864216,1.0163017025080349e+28
1592.8000000000002,6.17746760105004,5.586603023007472,1.0062354394729007e+28
1602.8000000000002,6.176037317594387,5.581613441041963,9.96330949899826e+27
1612.8000000000002,6.174623807513747,5.576669549646528,9.865846487974921e+27
1622.8000000000002,6.173226764973876,5.571770625931112,9.769930521829114e+27
1632.8000000000002,6.171845891651971,5.566915962992269,9.675527736353727e+27
1642.8000000000002,6.170480896505724,5.562104869462482,9.582605209881786e+27
1652.8000000000002,6.169131495550871,5.557336669074848,9.491130931518664e+27
1662.8000000000002,6.167797411646882,5.552610700242537,9.401073770629298e+27
1672.8000000000002,6.166478374290446,5.547926315652395,9.31240344752362e+27
1682.8000000000002,6.16517411941641,5.54328288187218,9.22509050528635e+27
1692.8000000000002,6.163884389205872,5.538679778970883,9.139106282699962e+27
1702.8000000000002,6.162608931901134,5.5341164001516105,9.054422888212267e+27
1712.8000000000002,6.1613475016271995,5.529592151396544,8.971013174902433e+27
1722.8000000000002,6.160099858219591,5.5251064511235395,8.888850716401622e+27
1732.8000000000002,6.158865767058191,5.520658729853885,8.807909783726506e+27
1742.8000000000002,6.157644998906876,5.516248429890799,8.728165322986059e+27
1752.8000000000002,6.156437329758712,5.511875005008299,8.649592933923906e+27
1762.8000000000002,6.155242540686483,5.507537920149989,8.572168849260344e+27
1772.8000000000002,6.154060417698331,5.503236651137449,8.495869914799938e+27
1782.8000000000002,6.152890751598325,5.498970684387837,8.420673570272139e+27
1792.8000000000002,6.151733337851738,5.494739516640369,8.346557830874026e+27
1802.8000000000002,6.150587976454867,5.490542654691371,8.273501269485667e+27
1812.8000000000002,6.149454471809211,5.4863796151375475,8.201482999530034e+27
1822.8000000000002,6.148332632599831,5.48224992412721,8.130482658450701e+27
1832.8000000000002,6.147222271677743,5.478153117119149,8.060480391781823e+27
1842.8000000000002,6.146123205946176,5.474088738648879,7.991456837786056e+27
1852.8000000000002,6.145035256250558,5.470056342102022,7.923393112637234e+27
1862.8000000000002,6.143958247272079,5.466055489494511,7.856270796125658e+27
1872.8000000000002,6.1428920074247015,5.46208575125944,7.790071917864884e+27
1882.8000000000002,6.141836368755486,5.458146706040289,7.724778943979844e+27
1892.8000000000002,6.140791166848109,5.454237940490299,7.660374764257053e+27
1902.8000000000002,6.139756240729451,5.450359049077811,7.596842679738531e+27
1912.8000000000002,6.138731432779149,5.446509633897318,7.534166390741863e+27
1922.8000000000002,6.137716588641991,5.442689304486072,7.472329985289647e+27
1932.8000000000002,6.136711557143062,5.43889767764604,7.411317927932275e+27
1942.8000000000002,6.135716190205533,5.4351343772710194,7.351115048948736e+27
1952.8000000000002,6.134730342770996,5.431399034178752,7.291706533910784e+27
1962.8000000000002,6.133753872722265,5.427691285947851,7.233077913596467e+27
1972.8000000000002,6.132786640808535,5.424010776759394,7.175215054239588e+27
1982.8000000000002,6.131828510572835,5.420357157243014,7.118104148102315e+27
1992.8000000000002,6.130879348281675,5.416730084327355,7.061731704358616e+27
2002.8000000000002,6.129939022856829,5.413129221094718,7.006084540276822e+27
2012.8000000000002,6.129007405809158,5.409554236639798,6.951149772690019e+27
2022.8000000000002,6.128084371174422,5.406004805932335,6.896914809743545e+27
2032.8000000000002,6.127169795450992,5.402480609683592,6.843367342909238e+27
2042.8000000000002,6.126263557539412,5.39898133421651,6.790495339256563e+27
2052.8,6.125365538683742,5.395506671339424,6.738287033971162e+27
2062.8,6.124475622414616,5.392056318223231,6.686730923111704e+27
2072.8,6.123593694493964,5.388629977281902,6.635815756596386e+27
2082.8,6.122719642861334,5.3852273560562205,6.585530531410704e+27
2092.8,6.12185335758177,5.381848167100656,6.535864485028487e+27
2102.8,6.120994730795184,5.378492127873261,6.486807089038546e+27
2112.8,6.120143656667174,5.3751589606285215,6.438348042969538e+27
2122.8,6.119300031341244,5.371848392313034,6.390477268306005e+27
2132.8,6.118463752892382,5.368560154463935,6.343184902688779e+27
2142.8,6.117634721281934,5.3652939831100275,6.296461294293252e+27
2152.8,6.116812838313756,5.362049618675471,6.250296996379258e+27
2162.8,6.11599800759158,5.358826805885977,6.204682762006551e+27
2172.8,6.115190134477576,5.355625293677461,6.15960953891012e+27
2182.8,6.114389126052048,5.352444835107031,6.115068464529789e+27
2192.8,6.113594891074246,5.349285187266268,6.071050861188775e+27
2202.8,6.112807339944253,5.346146111196726,6.027548231416097e+27
2212.8,6.112026384665903,5.343027371807577,5.9845522534079e+27
2222.8,6.111251938810714,5.339928737795352,5.942054776622972e+27
2232.8,6.110483917482791,5.3368499815657024,5.900047817507895e+27
2242.8,6.109722237284677,5.333790879157117,5.858523555347467e+27
2252.8,6.108966816284109,5.330751210166563,5.817474328236173e+27
2262.8,6.108217573981672,5.327730757676958,5.776892629166659e+27
2272.8,6.107474431279299,5.3247293081864555,5.736771102231321e+27
2282.8,6.106737310449615,5.3217466515394705,5.697102538933237e+27
2292.8,6.1060061351060755,5.318782580859385,5.657879874602855e+27
2302.8,6.105280830173894,5.315836892482925,5.619096184916937e+27
2312.8,6.104561321861722,5.312909385896097,5.580744682516436e+27
2322.8,6.103847537634071,5.3099998636717265,5.54281871372006e+27
2332.8,6.103139406184437,5.307108131408459,5.505311755330428e+27
2342.8,6.102436857409124,5.3042339976712505,5.468217411529825e+27
2352.8,6.101739822381734,5.301377273933274,5.43152941086267e+27
2362.8,6.101048233328303,5.298537774519209,5.395241603301926e+27
2372.8,6.100362023603081,5.295715316549886,5.359347957396753e+27
2382.8,6.099681127664908,5.292909719888222,5.323842557498861e+27
2392.8,6.099005481054198,5.290120807086441,5.288719601065024e+27
2402.8,6.098335020370488,5.287348403334527,5.253973396033397e+27
2412.8,6.0976696832505555,5.284592336409869,5.219598358271292e+27
2422.8,6.097009408347078,5.2818524366281,5.185589009092209e+27
2432.8,6.096354135307815,5.27912853679504,5.151939972839921e+27
2442.8,6.09570380475531,5.276420472159774,5.11864597453759e+27
2452.8,6.095058358267086,5.273728080368791,5.085701837599859e+27
2462.8,6.0944177383563245,5.271051201421173,5.053102481606017e+27
2472.8,6.093781888453018,5.268389677624812,5.020842920132345e+27
2482.8,6.093150752885573,5.265743353553603,4.98891825864185e+27
2492.8,6.092524276862866,5.263112076005616,4.957323692429647e+27
2502.8,6.091902406456718,5.2604956939622,4.9260545046222846e+27
2512.8,6.091285088584802,5.257894058548015,4.895106064229421e+27
2522.8,6.090672270993945,5.25530702299193,4.86447382424625e+27
2532.8,6.090063902243838,5.25273444258882,4.834153319805173e+27
2542.8,6.089459931691119,5.250176174662184,4.804140166375254e+27
2552.8,6.088860309473843,5.247632078527596,4.7744300580080303e+27
2562.8,6.0882649864963065,5.245102015456958,4.7450187656283195e+27
2572.8,6.087673914414229,5.242585848643529,4.715902135368686e+27
2582.8,6.087087045620285,5.240083443167729,4.687076086946306e+27
2592.8,6.086504333229958,5.2375946659636545,4.6585366120809653e+27
2602.8,6.085925731067738,5.2351193857863585,4.630279772953027e+27
2612.8,6.085351193653621,5.232657473179803,4.6023017007001776e+27
2622.8,6.084780676189927,5.230208800445501,4.574598593951858e+27
2632.8,6.084214134548412,5.227773241611846,4.5471667174002825e+27
2642.8,6.083651525257681,5.225350672404079,4.520002400406992e+27
2652.8,6.083092805490876,5.2229409702148875,4.493102035643949e+27
2662.8,6.082537933053653,5.220544014075642,4.466462077768164e+27
2672.8,6.081986866372415,5.218159684628228,4.4400790421289305e+27
2682.8,6.081439564482821,5.2157878640974555,4.4139495035067244e+27
2692.8,6.080895987018542,5.213428436264068,4.388070094882892e+27
2702.8,6.080356094200275,5.211081286438299,4.3624375062392655e+27
2712.8,6.079819846824989,5.208746301433966,4.3370484833868557e+27
2722.8,6.07928720625542,5.2064233695431295,4.31189982682283e+27
2732.8,6.078758134409785,5.2041123805112335,4.286988390614981e+27
2742.8,6.078232593751734,5.201813225512792,4.2623110813129343e+27
2752.8,6.077710547280504,5.199525797127545,4.237864856885353e+27
2762.8,6.077191958521305,5.197249989317112,4.2136467256824275e+27
2772.8,6.076676791515899,5.194985697402115,4.1896537454229674e+27
2782.8,6.076165010813391,5.192732818039762,4.1658830222054184e+27
2792.8,6.075656581461211,5.190491249201887,4.142331709542156e+27
2802.8,6.075151468996299,5.188260890153418,4.11899700741643e+27
2812.8,6.074649639436462,5.186041641431288,4.095876161361352e+27
2822.8,6.074151059271931,5.183833404823755,4.072966461560323e+27
2832.8,6.073655695457087,5.18163608335014,4.0502652419683494e+27
2842.8,6.073163515402363,5.179449581240963,4.0277698794536626e+27
2852.8,6.072674486966315,5.177273803918456,4.0054777929591325e+27
2862.8,6.072188578447865,5.175108657977486,3.983386442682927e+27
2872.8,6.071705758578697,5.172954051166826,3.961493329277928e+27
2882.8,6.0712259965158175,5.170809892370798,3.9397959930693977e+27
2892.8,6.070749261834266,5.168676091591281,3.918292013290429e+27
2902.8,6.070275524519979,5.166552559930045,3.896979007334706e+27
2912.8,6.0698047549627985,5.164439209571459,3.8758546300261303e+27
2922.8,6.069336923949625,5.162335953765496,3.8549165729048773e+27
2932.8,6.0688720026577085,5.160242706811079,3.8341625635294526e+27
2942.8,6.068409962648078,5.158159384039752,3.813590364794341e+27
2952.8,6.067950775859102,5.156085901799647,3.7931977742628495e+27
2962.8,6.067494414600184,5.154022177439767,3.7729826235147484e+27
2972.8,6.067040851545577,5.151968129294547,3.752942777508344e+27
2982.8,6.066590059728326,5.1499236766687275,3.7330761339566095e+27
2992.8,6.066142012534336,5.147888739822497,3.713380622717018e+27
3002.8,6.065696683696552,5.145863239956915,3.693854205194736e+27
3012.8,6.065254047289254,5.143847099199617,3.674494873758842e+27
3022.8,6.064814077722472,5.14184024059076,3.6553006511712347e+27
3032.8,6.064376749736504,5.1398425880692535,3.6362695900279287e+27
3042.8,6.063942038396544,5.137854066459228,3.617399772212416e+27
3052.8,6.063509919087416,5.135874601456763,3.5986893083608025e+27
3062.8,6.0630803675084115,5.1339041196168465,3.580136337338421e+27
3072.8,6.062653359668226,5.131942548340584,3.561739025727651e+27
3082.8,6.0622288718799915,5.129989815862627,3.5434955673266487e+27
3092.8,6.06180688075641,5.128045851238842,3.525404182658742e+27
3102.8,6.061387363204977,5.126110584334199,3.507463118492221e+27
3112.8,6.0609702964233,5.124183945810868,3.4896706473702594e+27
3122.8,6.0605556578945015,5.122265867116543,3.4720250671507483e+27
3132.8,6.060143425382713,5.120356280472965,3.454524700555774e+27
3142.8,6.059733576928657,5.11845511886466,3.437167894730528e+27
3152.8,6.059326090845309,5.11656231602786,3.419953020811409e+27
3162.8,6.058920945713639,5.114677806439641,3.40287847350311e+27
3172.8,6.058518120378441,5.112801525307232,3.3859426706644625e+27
3182.8,6.058117593944234,5.110933408557532,3.3691440529028365e+27
3192.8,6.057719345771245,5.1090733928268,3.352481083176895e+27
3202.8,6.057323355471459,5.1072214154505176,3.335952246407503e+27
3212.8,6.056929602904751,5.105377414453449,3.3195560490965954e+27
3222.8,6.056538068175086,5.1035413285398565,3.303291018953822e+27
3232.8,6.056148731626787,5.101713097083891,3.287155704530787e+27
3242.8,6.055761573840876,5.099892660120148,3.2711486748627025e+27
3252.8,6.055376575631478,5.098079958334392,3.2552685191172835e+27
3262.8,6.054993718042296,5.096274933054424,3.239513846250722e+27
3272.8,6.054612982343144,5.09447752624113,3.223883284670565e+27
3282.8,6.054234350026547,5.092687680479655,3.2083754819053564e+27
3292.8,6.053857802804402,5.0909053389707495,3.1929891042808583e+27
3302.8,6.053483322604699,5.0891304455222475,3.1777228366027355e+27
3312.8,6.053110891568302,5.087362944540695,3.162575381845522e+27
3322.8,6.052740492045785,5.085602781023122,3.1475454608477546e+27
3332.8,6.052372106594326,5.083849900548947,3.132631812013111e+27
3342.8,6.052005717974662,5.082104249272018,3.117833191017431e+27
3352.8,6.051641309148087,5.08036577391279,3.103148370521482e+27
3362.8,6.051278863273511,5.078634421750628,3.088576139889342e+27
3372.8,6.050918363704574,5.076910140616247,3.0741153049122696e+27
3382.8,6.050559793986799,5.0751928788842555,3.059764687537939e+27
3392.8,6.0502031378548065,5.073482585465854,3.045523125604933e+27
3402.8,6.049848379229573,5.071779209801621,3.0313894725823493e+27
3412.8,6.049495502215739,5.070082701854444,3.0173625973144375e+27
3422.8,6.049144491098958,5.068393012102544,3.0034413837701374e+27
3432.8,6.048795330343303,5.066710091532631,2.9896247307974097e+27
3442.8,6.048448004588707,5.065033891633163,2.975911551882263e+27
3452.8,6.048102498648452,5.063364364387709,2.9623007749123726e+27
3462.8,6.047758797506704,5.061701462268431,2.9487913419451774e+27
3472.8,6.047416886316085,5.060045138229664,2.9353822089803783e+27
3482.8,6.047076750395288,5.058395345701594,2.922072345736725e+27
3492.8,6.046738375226736,5.056752038584054,2.908860735433006e+27
3502.8,6.04640174645428,5.055115171240395,2.895746374573152e+27
3512.8,6.046066849880929,5.053484698491479,2.8827282727353575e+27
3522.8,6.045733671466627,5.051860575609748,2.869805452365142e+27
3532.8,6.045402197326067,5.0502427583134,2.8569769485722604e+27
3542.8,6.045072413726534,5.048631202760648,2.8442418089313845e+27
3552.8,6.044744307085793,5.047025865544075,2.8315990932864705e+27
3562.8,6.044417863970007,5.0454267036850755,2.8190478735587386e+27
3572.8,6.044093071091691,5.04383367462838,2.8065872335581887e+27
3582.8,6.043769915307702,5.042246736236676,2.79421626879857e+27
3592.8,6.043448383617258,5.040665846785299,2.7819340863157405e+27
3602.8,6.043128463159994,5.039090964957017,2.769739804489341e+27
3612.8,6.04281014121405,5.037522049836886,2.757632552867714e+27
3622.8,6.0424934051941825,5.03595906090719,2.745611471996002e+27
3632.8,6.042178242649922,5.0344019580424675,2.7336757132473517e+27
3642.8,6.041864641263746,5.0328507015045965,2.7218244386571726e+27
3652.8,6.041552588849285,5.03130525193796,2.710056820760374e+27
3662.8,6.0412420733495695,5.029765570364701,2.6983720424315254e+27
3672.8,6.040933082835287,5.028231618180026,2.686769296727878e+27
3682.8,6.040625605503081,5.0267033571476,2.675247786735189e+27
3692.8,6.040319629673871,5.025180749394991,2.663806725416292e+27
3702.8,6.040015143791201,5.023663757409208,2.6524453354623554e+27
3712.8,6.039712136419616,5.02215234403228,2.641162849146776e+27
3722.8,6.039410596243062,5.020646472456921,2.62995850818165e+27
3732.8,6.0391105120633135,5.01914610622225,2.618831563576778e+27
3742.8,6.038811872798423,5.01765120920958,2.607781275501143e+27
3752.8,6.038514667481199,5.016161745638266,2.596806913146814e+27
3762.8,6.038218885257706,5.014677680061605,2.585907754595235e+27
3772.8,6.037924515385786,5.013198977362833,2.575083086685835e+27
3782.8,6.037631547233609,5.011725602751124,2.5643322048869284e+27
3792.8,6.03733997027824,5.010257521757704,2.5536544131688513e+27
3802.8,6.037049774104234,5.008794700231983,2.5430490238792926e+27
3812.8,6.036760948402246,5.007337104337765,2.5325153576207734e+27
3822.8,6.036473482967669,5.0058847005495,2.522052743130235e+27
3832.8,6.036187367699293,5.004437455648605,2.5116605171606933e+27
3842.8,6.035902592597977,5.00299533671982,2.5013380243649146e+27
3852.8,6.0356191477653525,5.001558311147638,2.491084617181084e+27
3862.8,6.035337023402538,5.000126346612763,2.480899655720411e+27
3872.8,6.035056209808878,4.998699411088644,2.4707825076566498e+27
3882.8,6.0347766973807,4.997277472838036,2.4607325481174907e+27
3892.8,6.03449847661009,4.995860500409627,2.4507491595777808e+27
3902.8,6.034221538083688,4.994448462634702,2.440831731754548e+27
3912.8,6.0339458724815,4.9930413286238675,2.4309796615037903e+27
3922.8,6.033671470575726,4.991639067763796,2.4211923527189908e+27
3932.8,6.0333983232296164,4.990241649714063,2.4114692162313325e+27
3942.8,6.03312642139633,4.988849044403975,2.4018096697115767e+27
3952.8,6.0328557561178195,4.987461222029475,2.3922131375735755e+27
3962.8,6.032586318523734,4.986078153050098,2.3826790508793795e+27
3972.8,6.03231809983033,4.984699808185939,2.3732068472459238e+27
3982.8,6.032051091339407,4.983326158414682,2.3637959707532486e+27
3992.8,6.031785284437256,4.98195717496868,2.354445871854236e+27
4002.8,6.031520670593621,4.980592829332054,2.3451560072858255e+27
4012.8,6.031257241360679,4.979233093237845,2.335925839981687e+27
4022.8,6.030994988372035,4.9778779386652,2.3267548389863194e+27
4032.8,6.030733903341728,4.97652733783661,2.3176424793705532e+27
4042.8,6.030473978063261,4.975181263215166,2.3085882421484234e+27
4052.8,6.030215204408631,4.973839687501867,2.2995916141953937e+27
4062.8,6.029957574327383,4.972502583632952,2.2906520881679033e+27
4072.8,6.029701079845682,4.971169924777296,2.281769162424214e+27
4082.8,6.029445713065383,4.9698416843338045,2.2729423409465295e+27
4092.8,6.029191466163128,4.968517835928868,2.264171133264369e+27
4102.8,6.028938331389453,4.967198353413847,2.255455054379167e+27
4112.8,6.028686301067904,4.965883210862584,2.2467936246900794e+27
4122.8,6.028435367594171,4.96457238256896,2.2381863699209728e+27
4132.8,6.028185523435227,4.96326584304447,2.2296328210485746e+27
4142.8,6.02793676112849,4.961963567015845,2.221132514231767e+27
4152.8,6.027689073280987,4.9606655294226965,2.212684990741995e+27
4162.8,6.027442452568534,4.959371705415197,2.20428979689478e+27
4172.8,6.027196891734931,4.958082070351793,2.1959464839823068e+27
4182.8,6.026952383591161,4.956796599796936,2.187654608207075e+27
4192.8,6.026708921014606,4.955515269518866,2.1794137306165875e+27
4202.8,6.026466496948274,4.954238055487402,2.1712234170390654e+27
4212.8,6.026225104400032,4.952964933871776,2.1630832380201604e+27
4222.8,6.025984736441856,4.951695881038492,2.1549927687606577e+27
4232.8,6.0257453862090875,4.950430873549203,2.1469515890551442e+27
4242.8,6.0255070468997,4.949169888158638,2.1389592832316295e+27
4252.8,6.025269711773579,4.947912901812534,2.1310154400920968e+27
4262.8,6.025033374151811,4.946659891645606,2.1231196528539743e+27
4272.8,6.0247980274159785,4.9454108349795405,2.115271519092507e+27
4282.8,6.02456366500747,4.944165709321025,2.107470640684011e+27
4292.8,6.024330280426797,4.942924492359775,2.0997166237499994e+27
4302.8,6.024097867232922,4.941687161966628,2.0920090786021626e+27
4312.8,6.02386641904259,4.940453696191619,2.0843476196881843e+27
4322.8,6.0236359295296795,4.93922407326212,2.0767318655383843e+27
4332.8,6.023406392424552,4.9379982715809705,2.069161438713172e+27
4342.8,6.023177801513418,4.9367762697246516,2.0616359657512931e+27
4352.8,6.022950150637706,4.935558046441482,2.0541550771188586e+27
4362.8,6.022723433693443,4.934343580649825,2.0467184071591452e+27
4372.8,6.022497644630647,4.933132851436336,2.0393255940431457e+27
4382.8,6.022272777452717,4.931925838054211,2.0319762797208652e+27
4392.8,6.022048826215843,4.9307225199214795,2.0246701098733442e+27
4402.8,6.021825785028417,4.929522876619304,2.0174067338654015e+27
4412.8,6.021603648050453,4.928326887890303,2.0101858046990756e+27
4422.8,6.021382409493018,4.927134533636903,2.003006978967765e+27
4432.8,6.021162063617666,4.925945793919702,1.9958699168110437e+27
4442.8,6.020942604735882,4.924760648955854,1.9887742818701485e+27
4452.8,6.020724027208532,4.923579079117484,1.9817197412441223e+27
4462.8,6.020506325445326,4.92240106493011,1.9747059654466038e+27
4472.8,6.0202894939042775,4.921226587071095,1.9677326283632538e+27
4482.8,6.0200735270911805,4.920055626368101,1.9607994072098035e+27
4492.8,6.019858419559085,4.918888163797594,1.9539059824907195e+27
4502.8,6.019644165907789,4.917724180483333,1.947052037958471e+27
4512.8,6.019430760783326,4.916563657694894,1.940237260573391e+27
4522.8,6.019218198877468,4.91540657684622,1.9334613404641212e+27
4532.8,6.019006474927229,4.914252919494164,1.926723970888631e+27
4542.8,6.0187955837143825,4.913102667337082,1.9200248481957984e+27
4552.8,6.018585520064976,4.911955802213413,1.9133636717875514e+27
4562.8,6.018376278848858,4.910812306100297,1.9067401440815483e+27
4572.8,6.018167854979208,4.9096721611122,1.9001539704743998e+27
4582.8,6.0179602434120785,4.908535349499559,1.8936048593054165e+27
4592.8,6.017753439145932,4.907401853647439,1.887092521820876e+27
4602.8,6.017547437221196,4.906271656074219,1.880616672138801e+27
4612.8,6.0173422327198125,4.905144739430273,1.8741770272142382e+27
4622.8,6.017137820764805,4.9040210864966856,1.8677733068050325e+27
4632.8,6.016934196519842,4.90290068018397,1.8614052334380872e+27
4642.8,6.0167313551888055,4.901783503530821,1.855072532376101e+27
4652.8,6.016529292015374,4.900669539702849,1.8487749315847753e+27
4662.8,6.016328002282602,4.899558771991361,1.842512161700485e+27
4672.8,6.01612748131251,4.898451183812148,1.8362839559984034e+27
4682.8,6.015927724465674,4.897346758704271,1.8300900503610746e+27
4692.8,6.015728727140828,4.896245480328878,1.823930183247428e+27
4702.8,6.015530484774466,4.895147332468043,1.8178040956622238e+27
4712.8,6.01533299284045,4.894052299023581,1.8117115311259254e+27
4722.8,6.015136246849622,4.892960364015927,1.8056522356449935e+27
4732.8,6.014940242349424,4.891871511582984,1.7996259576825897e+27
4742.8,6.014744974923522,4.890785725979014,1.7936324481296894e+27
4752.8,6.014550440191429,4.889702991573531,1.7876714602765915e+27
4762.8,6.014356633808141,4.888623292850199,1.781742749784824e+27
4772.8,6.014163551463775,4.887546614405767,1.7758460746594357e+27
4782.8,6.013971188883205,4.88647294094898,1.7699811952216677e+27
4792.8,6.013779541825712,4.885402257299546,1.764147874082003e+27
4802.8,6.013588606084632,4.884334548387068,1.758345876113581e+27
4812.8,6.013398377487012,4.883269799250032,1.7525749684259794e+27
4822.8,6.013208851893266,4.882207995034779,1.7468349203393506e+27
4832.8,6.013020025196839,4.881149120994494,1.7411255033589112e+27
4842.8,6.012831893323877,4.880093162488219,1.7354464911497787e+27
4852.8,6.012644452232892,4.879040104979856,1.7297976595121477e+27
4862.8,6.0124576979144395,4.877989934037201,1.7241787863568026e+27
4872.8,6.012271626390799,4.876942635330977,1.7185896516809607e+27
4882.8,6.012086233715655,4.875898194633889,1.7130300375444414e+27
4892.8,6.0119015159737845,4.874856597819672,1.7074997280461538e+27
4902.8,6.011717469280746,4.873817830862173,1.701998509300902e+27
4912.8,6.0115340897825735,4.872781879834415,1.6965261694164995e+27
4922.8,6.011351373655477,4.871748730907704,1.6910824984711894e+27
4932.8,6.011169317105539,4.870718370350722,1.6856672884913654e+27
4942.8,6.010987916368426,4.869690784528634,1.6802803334295918e+27
4952.8,6.010807167709089,4.868665959902216,1.6749214291429103e+27
4962.8,6.010627067421484,4.867643883026982,1.66959037337144e+27
4972.8,6.010447611828279,4.866624540552321,1.6642869657172567e+27
4982.8,6.010268797280578,4.865607919220654,1.6590110076235505e+27
4992.8,6.010090620157643,4.864594005866587,1.6537623023540617e+27
5002.8,6.009913076866617,4.863582787416082,1.6485406549727838e+27
