Time,Mass,Radius,Lx
23.0,17.64555492954335,10.27,1.44e+30
24.0,17.61919828513473,10.22322816651599,1.44e+30
25.0,17.59320228118184,10.178372734556747,1.44e+30
26.0,17.567547927828432,10.135276814178955,1.44e+30
27.0,17.54221794730277,10.093801793558214,1.44e+30
28.0,17.51719656226075,10.053824620865642,1.44e+30
29.0,17.492469316898507,10.015235571678856,1.44e+30
30.0,17.468022924808704,9.977936401662244,1.44e+30
31.0,17.443845138826184,9.94183880756747,1.44e+30
32.0,17.419924639079696,9.906863136931154,1.44e+30
33.0,17.39625093621493,9.872937299857563,1.44e+30
34.0,17.37281428733644,9.839995846142275,1.44e+30
35.0,17.34960562267276,9.807979178545944,1.44e+30
36.0,17.326616481330152,9.776832878858668,1.44e+30
37.0,17.303838954787896,9.746507127933992,1.44e+30
38.0,17.281265637018798,9.71695620443071,1.44e+30
39.0,17.25888958030445,9.688138049811705,1.44e+30
40.0,17.236704255966067,9.660013889384222,1.44e+30
41.0,17.214703519355034,9.632547900954634,1.44e+30
42.0,17.19288157854869,9.605706924110581,1.44e+30
43.0,17.171232966280456,9.579460204309092,1.44e+30
44.0,17.149752514702847,9.553779166898245,1.44e+30
45.0,17.128435332639672,9.52863721697623,1.44e+30
46.0,17.10727678503217,9.504009561629987,1.44e+30
47.0,17.086272474324456,9.479873051622869,1.44e+30
48.0,17.065418223568,9.456206040038191,1.44e+30
49.0,17.044710061053923,9.432988255749912,1.44e+30
50.0,17.024144206306698,9.410200689896755,1.44e+30
51.0,17.003717057293798,9.387825493791924,1.44e+30
52.0,16.983425178724058,9.365845886916544,1.44e+30
53.0,16.963265291322926,9.344246073827383,1.44e+30
54.0,16.943234261986177,9.323011168964516,1.44e+30
55.0,16.923329094725247,9.302127128476386,1.44e+30
56.0,16.903546922327298,9.28158068829259,1.44e+30
57.0,16.883884998661884,9.261359307771146,1.44e+30
58.0,16.864340691573616,9.24145111833012,1.44e+30
59.0,16.84491147630687,9.221844876544917,1.44e+30
60.0,16.825594929414393,9.202529921254383,1.44e+30
61.0,16.80638872310673,9.183496134272357,1.44e+30
62.0,16.78729062000385,9.164733904347838,1.44e+30
63.0,16.768298468254372,9.146234094057366,1.44e+30
64.0,16.749410196991164,9.127988009348579,1.44e+30
65.0,16.730623812095303,9.109987371484701,1.44e+30
66.0,16.71193739224301,9.092224291166962,1.44e+30
67.0,16.69334908521268,9.074691244635508,1.44e+30
68.0,16.674857104431286,9.05738105157047,1.44e+30
69.0,16.656459725741293,9.040286854633244,1.44e+30
70.0,16.638155284371088,9.023402100504336,1.44e+30
71.0,16.61994217209335,9.006720522288607,1.44e+30
72.0,16.601818834557214,8.99023612317147,1.44e+30
73.0,16.583783768781363,8.973943161221145,1.44e+30
74.0,16.56583552079624,8.957836135241967,1.44e+30
75.0,16.547972683424657,8.941909771592975,1.44e+30
76.0,16.530193894190877,8.926159011893942,1.44e+30
77.0,16.512497833349215,8.910579001548266,1.44e+30
78.0,16.494883222023805,8.89516507901859,1.44e+30
79.0,16.47734882045194,8.879912765796806,1.44e+30
80.0,16.459893426323998,8.864817757015276,1.44e+30
81.0,16.44251587321346,8.849875912650822,1.44e+30
82.0,16.425215029091135,8.835083249277249,1.44e+30
83.0,16.40798979491804,8.820435932325891,1.44e+30
84.0,16.390839103311947,8.805930268817226,1.44e+30
85.0,16.37376191728282,8.791562700529598,1.44e+30
86.0,16.356757229032905,8.777329797573955,1.44e+30
87.0,16.33982405881739,8.763228252346071,1.44e+30
88.0,16.322961453861936,8.749254873829953,1.44e+30
89.0,16.30616848733365,8.735406582228348,1.44e+30
90.0,16.289444257362234,8.721680403898075,1.44e+30
91.0,16.272787886108397,8.708073466569731,1.44e+30
92.0,16.256198518876698,8.694582994832802,1.44e+30
93.0,16.23967532327029,8.681206305868804,1.44e+30
94.0,16.22321748838511,8.667940805416247,1.44e+30
95.0,16.206824224041302,8.654783983952564,1.44e+30
96.0,16.19049476004978,8.641733413079102,1.44e+30
97.0,16.17422834551196,8.628786742096477,1.44e+30
98.0,16.158024248150824,8.615941694758334,1.44e+30
99.0,16.141881753671655,8.603196066192515,1.44e+30
100.0,16.125800165150785,8.590547719979451,1.44e+30
101.0,16.1097788024509,8.577994585378196,1.44e+30
102.0,16.093817001661467,8.565534654691273,1.44e+30
103.0,16.077914114562983,8.55316598076014,1.44e+30
104.0,16.062069508113826,8.54088667458353,1.44e+30
105.0,16.0462825639585,8.528694903051585,1.44e+30
106.0,16.03055267795623,8.516588886789028,1.44e+30
107.0,16.014879259728872,8.504566898101244,1.44e+30
108.0,15.999261732227144,8.49262725901735,1.44e+30
109.0,15.983699531314308,8.480768339424891,1.44e+30
110.0,15.968192105366434,8.468988555291036,1.44e+30
111.0,15.952738914888428,8.457286366965516,1.44e+30
112.0,15.93733943214509,8.445660277560872,1.44e+30
113.0,15.921993140806455,8.434108831405794,1.44e+30
114.0,15.906699535606778,8.422630612567671,1.44e+30
115.0,15.89145812201648,8.411224243440643,1.44e+30
116.0,15.876268415926496,8.399888383395751,1.44e+30
117.0,15.861129943344416,8.388621727489895,1.44e+30
118.0,15.846042240101909,8.377423005230575,1.44e+30
119.0,15.831004851572908,8.366290979393586,1.44e+30
120.0,15.816017332402067,8.355224444890915,1.44e+30
121.0,15.801079246243035,8.34422222768633,1.44e+30
122.0,15.786190165506126,8.333283183756315,1.44e+30
123.0,15.771349671114958,8.322406198094024,1.44e+30
124.0,15.75655735227168,8.3115901837542,1.44e+30
125.0,15.741812806230405,8.300834080937024,1.44e+30
126.0,15.727115638078526,8.290136856109024,1.44e+30
127.0,15.712465460525543,8.27949750115926,1.44e+30
128.0,15.697861893699113,8.268915032589078,1.44e+30
129.0,15.68330456494801,8.258388490733905,1.44e+30
130.0,15.668793108651716,8.247916939015507,1.44e+30
131.0,15.654327166036358,8.237499463223351,1.44e+30
132.0,15.639906384996747,8.227135170823678,1.44e+30
133.0,15.625530419924258,8.216823190295058,1.44e+30
134.0,15.611198931540331,8.206562670489195,1.44e+30
135.0,15.596911586735352,8.196352780015838,1.44e+30
136.0,15.58266805841272,8.186192706650745,1.44e+30
137.0,15.568468025337877,8.176081656765627,1.44e+30
138.0,15.554311171992126,8.166018854779146,1.44e+30
139.0,15.540197188431033,8.156003542628032,1.44e+30
140.0,15.526125770147257,8.146034979257388,1.44e+30
141.0,15.512096617937617,8.136112440129468,1.44e+30
142.0,15.498109437774257,8.126235216750006,1.44e+30
143.0,15.484163940679737,8.116402616211433,1.44e+30
144.0,15.470259842605916,8.106613960752235,1.44e+30
145.0,15.456396864316481,8.096868587331777,1.44e+30
146.0,15.442574731272986,8.087165847219953,1.44e+30
147.0,15.428793173524273,8.077505105601029,1.44e+30
148.0,15.41505192559916,8.067885741191118,1.44e+30
149.0,15.40135072640227,8.058307145868714,1.44e+30
150.0,15.387689319112887,8.04876872431776,1.44e+30
151.0,15.374067451086734,8.039269893682732,1.44e+30
152.0,15.360484873760576,8.029810083235267,1.44e+30
153.0,15.346941342559541,8.020388734051899,1.44e+30
154.0,15.333436616807061,8.0110052987024,1.44e+30
155.0,15.319970459637359,8.001659240948365,1.44e+30
156.0,15.306542637910368,7.992350035451636,1.44e+30
157.0,15.293152922129027,7.983077167492137,1.44e+30
158.0,15.279801086358846,7.973840132694823,1.44e+30
159.0,15.266486908149696,7.964638436765332,1.44e+30
160.0,15.25321016845971,7.955471595234052,1.44e+30
161.0,15.239970651581256,7.946339133208266,1.44e+30
162.0,15.226768145068903,7.937240585132061,1.44e+30
163.0,15.213602439669309,7.928175494553736,1.44e+30
164.0,15.200473329252976,7.9191434139004215,1.44e+30
165.0,15.187380610747804,7.910143904259606,1.44e+30
166.0,15.174324084074396,7.9011765351674,1.44e+30
167.0,15.161303552083046,7.892240884403195,1.44e+30
168.0,15.148318820492367,7.883336537790557,1.44e+30
169.0,15.135369697829494,7.8744630890041005,1.44e+30
170.0,15.122455995371828,7.865620139382106,1.44e+30
171.0,15.10957752709026,7.856807297744757,1.44e+30
172.0,15.096734109593836,7.848024180217671,1.44e+30
173.0,15.083925562075816,7.8392704100606725,1.44e+30
174.0,15.071151706261082,7.830545617501528,1.44e+30
175.0,15.058412366354856,7.821849439574505,1.44e+30
176.0,15.045707368992689,7.813181519963591,1.44e+30
177.0,15.03303654319168,7.80454150885021,1.44e+30
178.0,15.020399720302889,7.795929062765273,1.44e+30
179.0,15.007796733964916,7.787343844445436,1.44e+30
180.0,14.995227420058589,7.77878552269337,1.44e+30
181.0,14.982691616662756,7.770253772242006,1.44e+30
182.0,14.970189164011126,7.761748273622503,1.44e+30
183.0,14.957719904450151,7.75326871303591,1.44e+30
184.0,14.945283682397891,7.744814782228367,1.44e+30
185.0,14.932880344303856,7.736386178369681,1.44e+30
186.0,14.920509738609784,7.727982603935278,1.44e+30
187.0,14.908171715711344,7.719603766591286,1.44e+30
188.0,14.895866127920716,7.711249379082769,1.44e+30
189.0,14.883592829430034,7.702919159124921,1.44e+30
190.0,14.871351676275676,7.6946128292971725,1.44e+30
191.0,14.859142526303366,7.686330116940114,1.44e+30
192.0,14.846965239134061,7.678070754055124,1.44e+30
193.0,14.834819676130623,7.669834477206624,1.44e+30
194.0,14.822705700365225,7.661621027426914,1.44e+30
195.0,14.810623176587496,7.653430150123439,1.44e+30
196.0,14.798571971193377,7.645261594988478,1.44e+30
197.0,14.786551952194653,7.637115115911129,1.44e+30
198.0,14.774562989189171,7.628990470891578,1.44e+30
199.0,14.762604953331703,7.620887421957493,1.44e+30
200.0,14.750677717305452,7.612805735082581,1.44e+30
201.0,14.738781155294166,7.604745180107168,1.44e+30
202.0,14.726915142954866,7.596705530660774,1.44e+30
203.0,14.71507955739115,7.588686564086604,1.44e+30
204.0,14.703274277127077,7.580688061367919,1.44e+30
205.0,14.691499182081609,7.572709807056231,1.44e+30
206.0,14.67975415354358,7.564751589201222,1.44e+30
207.0,14.668039074147217,7.55681319928242,1.44e+30
208.0,14.65635382784815,7.548894432142491,1.44e+30
209.0,14.644698299899947,7.540995085922166,1.44e+30
210.0,14.633072376831118,7.533114961996716,1.44e+30
211.0,14.621475946422613,7.525253864913973,1.44e+30
212.0,14.609908897685772,7.517411602333777,1.44e+30
213.0,14.598371120840731,7.509587984968901,1.44e+30
214.0,14.586862507295278,7.501782826527355,1.44e+30
215.0,14.575382949624125,7.493995943656019,1.44e+30
216.0,14.563932341548611,7.486227155885626,1.44e+30
217.0,14.552510577916818,7.47847628557699,1.44e+30
218.0,14.541117554684075,7.470743157868501,1.44e+30
219.0,14.529753168893857,7.463027600624809,1.44e+30
220.0,14.518417318659075,7.455329444386686,1.44e+30
221.0,14.507109903143723,7.447648522322039,1.44e+30
222.0,14.495830822544896,7.439984670178012,1.44e+30
223.0,14.484579978075159,7.432337726234193,1.44e+30
224.0,14.473357271945265,7.424707531256846,1.44e+30
225.0,14.46216260734721,7.417093928454188,1.44e+30
226.0,14.450995888437618,7.409496763432633,1.44e+30
227.0,14.439857020321442,7.401915884154038,1.44e+30
228.0,14.428745909035989,7.394351140893855,1.44e+30
229.0,14.417662461535249,7.38680238620022,1.44e+30
230.0,14.406606585674519,7.379269474853933,1.44e+30
231.0,14.39557819019533,7.371752263829304,1.44e+30
232.0,14.384577184710656,7.364250612255841,1.44e+30
233.0,14.373603479690399,7.3567643813807635,1.44e+30
234.0,14.362656986447153,7.349293434532326,1.44e+30
235.0,14.35173761712224,7.341837637083909,1.44e+30
236.0,14.340845284671996,7.3343968564188895,1.44e+30
237.0,14.329979902854326,7.3269709618962295,1.44e+30
238.0,14.3191413862155,7.319559824816814,1.44e+30
239.0,14.308329650077198,7.312163318390471,1.44e+30
240.0,14.29754461052379,7.304781317703693,1.44e+30
241.0,14.286847342280346,7.297441254918091,1.422370549900356e+30
242.0,14.276297157250465,7.290170027043116,1.4050285963211337e+30
243.0,14.265891373899322,7.282966718432592,1.387968291736767e+30
244.0,14.255627370799479,7.275830427419674,1.3711839309402566e+30
245.0,14.245502585055839,7.268760266112778,1.3546699470149067e+30
246.0,14.235514510777072,7.261755360192815,1.338420907435932e+30
247.0,14.225660697592012,7.25481484871189,1.3224315102972397e+30
248.0,14.215938749209565,7.247937883893508,1.3066965806588755e+30
249.0,14.20634632202077,7.241123630934419,1.2912110670108111e+30
250.0,14.196881123741623,7.234371267808179,1.2759700378489178e+30
251.0,14.187540912095384,7.227679985070502,1.2609686783591341e+30
252.0,14.17832349353312,7.221048985666442,1.2462022872059974e+30
253.0,14.169226721991238,7.2144774847395485,1.2316662734218558e+30
254.0,14.160248497684858,7.2079647094429475,1.2173561533932204e+30
255.0,14.151386765935886,7.201509898752473,1.203267547940857e+30
256.0,14.142639516034688,7.195112303281878,1.189396179490351e+30
257.0,14.134004780134305,7.188771185100135,1.175737869329998e+30
258.0,14.125480632176192,7.182485817550898,1.1622885349530008e+30
259.0,14.117065186846483,7.176255485074117,1.1490441874810677e+30
260.0,14.108756598561843,7.170079483029886,1.1360009291666116e+30
261.0,14.100553060483954,7.16395711752447,1.1231549509708684e+30
262.0,14.092452803561775,7.157887705238593,1.1105025302153401e+30
263.0,14.084454095600696,7.151870573257977,1.0980400283040785e+30
264.0,14.076555240357749,7.1459050589061235,1.0857638885144108e+30
265.0,14.068754576662082,7.139990509579373,1.0736706338538009e+30
266.0,14.061050477559908,7.134126282584251,1.0617568649806281e+30
267.0,14.053441349483178,7.128311744977047,1.0500192581867446e+30
268.0,14.045925631441248,7.122546273405707,1.038454563439752e+30
269.0,14.038501794234843,7.116829253953966,1.0270596024830162e+30
270.0,14.03116833969163,7.111160081987759,1.0158312669915102e+30
271.0,14.023923799922736,7.105538162003878,1.0047665167816465e+30
272.0,14.016766736599592,7.099962907480881,9.938623780733244e+29
273.0,14.009695740250475,7.094433740732235,9.831159418024848e+29
274.0,14.002709429576147,7.088950092761676,9.725243619825284e+29
275.0,13.995806450784027,7.083511403120788,9.620848541130066e+29
276.0,13.988985476940343,7.078117119768759,9.517946936340606e+29
277.0,13.982245207339695,7.072766698934338,9.41651214425128e+29
278.0,13.975584366891551,7.06745960497992,9.316518073464997e+29
279.0,13.969001705523135,7.062195310267807,9.217939188223526e+29
280.0,13.962495997598237,7.0569732950285555,9.120750494639357e+29
281.0,13.956066041351468,7.051793047231449,9.02492752731635e+29
282.0,13.949710658337505,7.0466540624570335,8.930446336346824e+29
283.0,13.94342869289488,7.041555843771729,8.837283474673251e+29
284.0,13.937219011623888,7.036497901604456,8.74541598580304e+29
285.0,13.9310805028782,7.031479753625298,8.654821391865397e+29
286.0,13.925012076269768,7.026500924626113,8.565477681999524e+29
287.0,13.919012662186665,7.021560946403174,8.477363301063894e+29
288.0,13.913081211323437,7.016659357641677,8.390457138656613e+29
289.0,13.907216694223647,7.011795703802228,8.304738518437261e+29
290.0,13.901418100834237,7.006969537009187,8.220187187740936e+29
291.0,13.895684440071362,7.002180415940886,8.136783307475526e+29
292.0,13.890014739397383,6.9974279057217,8.054507442293538e+29
293.0,13.884408044408687,6.9927115778159195,7.973340551030125e+29
294.0,13.87886341843402,6.988031009923434,7.893263977399215e+29
295.0,13.873379942143046,6.9833857858771555,7.81425944093993e+29
296.0,13.867956713164828,6.9787754955422105,7.736309028205749e+29
297.0,13.862592845715964,6.974199734716834,7.659395184189094e+29
298.0,13.857287470238084,6.96965810503495,7.5835007039743e+29
299.0,13.852039733044464,6.965150213870437,7.508608724612152e+29
300.0,13.846848795975484,6.960675674243003,7.434702717209353e+29
301.0,13.841713836062702,6.956234104725709,7.3617664792266e+29
302.0,13.836634045201276,6.951825129354052,7.28978412697904e+29
303.0,13.83160862983052,6.9474483775366505,7.218740088333195e+29
304.0,13.826636810622368,6.94310348396742,7.148619095594535e+29
305.0,13.821717822177511,6.9387900885393154,7.079406178580133e+29
306.0,13.816850912729016,6.934507836259538,7.011086657871018e+29
307.0,13.8120353438532,6.930256377166215,6.943646138238961e+29
308.0,13.807270390187567,6.926035366246515,6.877070502242656e+29
309.0,13.802555339155628,6.921844463356223,6.811345903988405e+29
310.0,13.79788949069839,6.917683333140641,6.746458763050537e+29
311.0,13.793272157012353,6.913551644956943,6.682395758547004e+29
312.0,13.788702662293826,6.909449072797818,6.619143823365696e+29
313.0,13.784180342489393,6.905375295216478,6.556690138537163e+29
314.0,13.779704545052368,6.901329995252949,6.49502212774961e+29
315.0,13.77527462870508,6.897312860361673,6.434127452002082e+29
316.0,13.770889963206805,6.8933235823403365,6.373994004391978e+29
317.0,13.766549929127233,6.889361857259972,6.314609905033081e+29
318.0,13.76225391762529,6.885427385396255,6.2559634961004506e+29
319.0,13.758001330233194,6.88151987116202,6.1980433369986066e+29
320.0,13.75379157864558,6.877639023040924,6.140838199649578e+29
321.0,13.7496240845136,6.873784553522302,6.084337063897488e+29
322.0,13.745498279243817,6.8699561790371355,6.0285291130264085e+29
323.0,13.741413603801803,6.866153619895137,5.973403729388387e+29
324.0,13.737369508520311,6.86237660022295,5.918950490138584e+29
325.0,13.733365452911887,6.858624847903398,5.8651591630745896e+29
326.0,13.729400905485814,6.85489809451583,5.812019702577053e+29
327.0,13.725475343569284,6.851196075277462,5.759522245648861e+29
328.0,13.721588253132674,6.8475185289857805,5.70765710805019e+29
329.0,13.717739128618826,6.8438651979619145,5.6564147805268075e+29
330.0,13.713927472776223,6.8402358279950235,5.6057859251291206e+29
331.0,13.710152796495981,6.836630168287622,5.5557613716194956e+29
332.0,13.706414618652515,6.833047971401891,5.506332113965507e+29
333.0,13.702712465947837,6.829488993206885,5.4574893069167724e+29
334.0,13.699045872759356,6.82595299282668,5.4092242626631706e+29
335.0,13.695414380991105,6.822439732589409,5.3615284475722396e+29
336.0,13.691817539928305,6.818948977977199,5.314393479003688e+29
337.0,13.688254906095187,6.815480497576942,5.267811122198928e+29
338.0,13.68472604311598,6.812034063031964,5.2217732872436894e+29
339.0,13.681230521578987,6.808609448994485,5.1762720261017645e+29
340.0,13.67776791890369,6.8052064330789275,5.1312995297180145e+29
341.0,13.674337819210772,6.801824795816035,5.0868481251888316e+29
342.0,13.670939813195014,6.798464320607755,5.042910272998294e+29
343.0,13.66757349800099,6.795124793682929,4.999478564318289e+29
344.0,13.66423847710148,6.791806004053736,4.956545718370956e+29
345.0,13.66093436017853,6.788507743472874,4.9141045798518314e+29
346.0,13.657660763007122,6.78522980639149,4.87214811641213e+29
347.0,13.654417307341358,6.781971989917839,4.830669416198621e+29
348.0,13.651203620803104,6.778734093776626,4.7896616854496525e+29
349.0,13.648019336773054,6.775515920269072,4.749118246145862e+29
350.0,13.644864094284125,6.772317274233659,4.7090325337141805e+29
351.0,13.641737537917148,6.769137963007514,4.6693980947837805e+29
352.0,13.638639317698788,6.765977796388512,4.630208584992639e+29
353.0,13.63556908900164,6.762836586597967,4.5914577668434504e+29
354.0,13.632526512446463,6.759714148243992,4.553139507607617e+29
355.0,13.62951125380647,6.756610298285469,4.515247777276138e+29
356.0,13.62652298391366,6.7535248559966465,4.477776646556191e+29
357.0,13.623561378567116,6.750457642932309,4.4407202849122835e+29
358.0,13.620626118443237,6.747408482893576,4.404072958650847e+29
359.0,13.617716889007845,6.744377201894242,4.367829029047204e+29
360.0,13.61483338043014,6.741363628127708,4.331982950513842e+29
361.0,13.611975287498447,6.73836759193447,4.296529268808988e+29
362.0,13.609142309537711,6.73538892577014,4.2614626192844734e+29
363.0,13.606334150328706,6.732427464174032,4.226777725171934e+29
364.0,13.603550518028912,6.729483043738247,4.192469395906395e+29
365.0,13.600791125095032,6.726555503077293,4.1585325254863265e+29
366.0,13.598055688207086,6.7236446827982235,4.12496209086929e+29
367.0,13.59534392819408,6.720750425471248,4.09175315040229e+29
368.0,13.592655569961178,6.7178725756008575,4.058900842286002e+29
369.0,13.589990342418375,6.715010979597428,4.0264003830720545e+29
370.0,13.587347978410607,6.712165485749294,3.994247066192562e+29
371.0,13.58472821464928,6.7093359441952725,3.9624362605211324e+29
372.0,13.58213079164519,6.706522206897677,3.9309634089645966e+29
373.0,13.579555453642792,6.70372412761575,3.899824027084722e+29
374.0,13.577001948555786,6.700941561879539,3.8690137017491896e+29
375.0,13.574470027904,6.698174366964226,3.838528089811145e+29
376.0,13.571959446751539,6.695422401864857,3.808362916816635e+29
377.0,13.569469963646148,6.692685527271493,3.778513975739276e+29
378.0,13.567001340559809,6.689963605544785,3.748977125741506e+29
379.0,13.564553342830491,6.687256500691934,3.719748290961795e+29
380.0,13.562125739105069,6.6845640783430476,3.6908234593272006e+29
381.0,13.559718301283352,6.6818862057278885,3.662198681390679e+29
382.0,13.557330804463232,6.679222751653015,3.6338700691925654e+29
383.0,13.554963026886892,6.676573586479263,3.6058337951456714e+29
384.0,13.552614749888072,6.673938582099625,3.578086090943427e+29
385.0,13.550285757840365,6.671317611917473,3.550623246490562e+29
386.0,13.547975838106519,6.66871055082515,3.52344160885578e+29
387.0,13.545684780988717,6.66611727518289,3.496537581245933e+29
388.0,13.543412379679827,6.663537662798088,3.469907622001185e+29
389.0,13.541158430215587,6.660971592904918,3.443548243610702e+29
390.0,13.53892273142771,6.65841894614425,3.417456011748385e+29
391.0,13.536705084897894,6.655879604543927,3.391627544328185e+29
392.0,13.534505294912709,6.6533534514993224,3.3660595105785665e+29
393.0,13.532323168419339,6.6508403717542475,3.340748630135671e+29
394.0,13.530158514982183,6.648340251382129,3.315691672154763e+29
395.0,13.528011146740262,6.645852977767511,3.290885454439545e+29
396.0,13.52588087836544,6.643378439587847,3.266326842588937e+29
397.0,13.523767527021441,6.640916526795582,3.242012749160917e+29
398.0,13.521670912323627,6.63846713060051,3.217940132853064e+29
399.0,13.519590856299535,6.636030143452437,3.194105997699401e+29
400.0,13.51752718335016,6.633605459024082,3.170507392283194e+29
401.0,13.515479720211946,6.63119297219429,3.147141408965341e+29
402.0,13.513448295919508,6.628792579031478,3.1240051831280065e+29
403.0,13.511432741769024,6.626404176777353,3.101095892433167e+29
404.0,13.509432891282325,6.6240276638308995,3.0784107560957314e+29
405.0,13.507448580171634,6.621662939732593,3.055947034170919e+29
406.0,13.505479646304963,6.619309905148889,3.033702026855581e+29
407.0,13.503525929672147,6.6169684618569224,3.011673073803153e+29
408.0,13.501587272351502,6.614638512729492,2.9898575534519517e+29
409.0,13.499663518477087,6.61231996172023,2.968252882366512e+29
410.0,13.497754514206566,6.610012713849031,2.9468565145916872e+29
411.0,13.495860107689662,6.60771667518771,2.9256659410192302e+29
412.0,13.493980149037176,6.605431752845863,2.9046786887665932e+29
413.0,13.49211449029057,6.6031578549569705,2.883892320567669e+29
414.0,13.4902629853921,6.6008948906647,2.8633044341752235e+29
415.0,13.488425490155485,6.598642770109416,2.842912661774773e+29
416.0,13.486601862237109,6.596401404414921,2.8227146694096437e+29
417.0,13.484791961107728,6.594170705675376,2.8027081564169923e+29
418.0,13.4829956480247,6.591950586942435,2.782890854874538e+29
419.0,13.48121278600469,6.5897409622125735,2.7632605290577926e+29
420.0,13.479443239796884,6.587541746414612,2.743814974907544e+29
421.0,13.477686875856657,6.585352855397424,2.7245520195074006e+29
422.0,13.475943562319717,6.5831742059178495,2.7054695205711633e+29
423.0,13.474213168976707,6.581005715628757,2.6865653659398254e+29
424.0,13.472495567248252,6.578847303067338,2.667837473088001e+29
425.0,13.470790630160446,6.576698887643527,2.649283788639572e+29
426.0,13.46909823232076,6.57456038962863,2.630902287892376e+29
427.0,13.467418249894394,6.57243173014411,2.61269097435173e+29
428.0,13.465750560581006,6.570312831150561,2.5946478792726164e+29
429.0,13.464095043591882,6.568203615436815,2.576771061210347e+29
430.0,13.462451579627484,6.566104006609237,2.5590586055795245e+29
431.0,13.460820050855379,6.564013929081188,2.5415086242211407e+29
432.0,13.459200340888568,6.561933308062606,2.524119254977627e+29
433.0,13.45759233476418,6.5598620695498,2.5068886612757095e+29
434.0,13.455995918922529,6.557800140315342,2.4898150317168947e+29
435.0,13.454410981186529,6.555747447898144,2.4728965796754366e+29
436.0,13.452837410741468,6.553703920593668,2.4561315429036294e+29
437.0,13.45127509811513,6.551669487444283,2.4395181831442767e+29
438.0,13.449723935158234,6.549644078229775,2.423054785750186e+29
439.0,13.448183815025239,6.5476276234579736,2.4067396593105557e+29
440.0,13.446654632155436,6.545620054355547,2.3905711352841018e+29
441.0,13.445136282254396,6.543621302858904,2.374547567638798e+29
442.0,13.443628662275698,6.541631301605259,2.35866733249809e+29
443.0,13.442131670402992,6.539649983923793,2.3429288277934565e+29
444.0,13.440645206032341,6.5376772838269765,2.3273304729231823e+29
445.0,13.439169169754878,6.535713136002,2.3118707084172297e+29
446.0,13.43770346333973,6.533757475802339,2.296547995608076e+29
447.0,13.436247989717248,6.5318102392394355,2.2813608163074026e+29
448.0,13.434802652962503,6.5298713629745,2.2663076724885184e+29
449.0,13.43336735827906,6.527940784310442,2.2513870859744027e+29
450.0,13.431942011983018,6.526018441183902,2.236597598131254e+29
451.0,13.430526521487318,6.52410427215742,2.2219377695674394e+29
452.0,13.429120795286298,6.522198216411683,2.2074061798377383e+29
453.0,13.427724742940518,6.520300213737931,2.193001427152766e+29
454.0,13.426338275061818,6.5184102045304275,2.1787221280934906e+29
455.0,13.424961303298634,6.516528129779056,2.1645669173307307e+29
456.0,13.423593740321538,6.514653931062044,2.1505344473495417e+29
457.0,13.42223549980903,6.5127875505387465,2.1366233881783932e+29
458.0,13.420886496433548,6.510928930942562,2.1228324271230462e+29
459.0,13.419546645847705,6.509078015573957,2.1091602685050356e+29
460.0,13.41821586467076,6.507234748293557,2.0956056334046706e+29
461.0,13.416894070475294,6.505399073515369,2.082167259408464e+29
462.0,13.415581181774106,6.503570936200077,2.0688439003609056e+29
463.0,13.41427711800732,6.5017502818484445,2.055634326120496e+29
464.0,13.412981799529689,6.499937056494803,2.0425373223199576e+29
465.0,13.411695147598124,6.49813120670064,2.0295516901305424e+29
466.0,13.410417084359393,6.496332679548267,2.0166762460303605e+29
467.0,13.409147532838036,6.494541422634583,2.0039098215766474e+29
468.0,13.407886416924466,6.492757384064934,1.991251263181901e+29
469.0,13.406633661363255,6.4909805124470275,1.9786994318938096e+29
470.0,13.405389191741607,6.489210756884969,1.9662532031788993e+29
471.0,13.404152934478015,6.487448066973368,1.9539114667098352e+29
472.0,13.402924816811094,6.485692392791503,1.9416731261562985e+29
473.0,13.401704766788587,6.483943684897611,1.9295370989793805e+29
474.0,13.400492713256547,6.482201894323213,1.9175023162294213e+29
484.0,13.388796880720916,6.465153995403677,1.8024970914002722e+29
494.0,13.377827965682616,6.448747272114808,1.696534118329097e+29
504.0,13.367526462389124,6.43293975928205,1.5987404127337543e+29
514.0,13.357838865655408,6.417693167487208,1.5083423179182718e+29
524.0,13.348716956301706,6.4029724921119495,1.4246525557891843e+29
534.0,13.340117184187012,6.3887456704542345,1.347059172853513e+29
544.0,13.33200013387326,6.374983280287216,1.27501607470477e+29
554.0,13.324330060489606,6.361658274234248,1.2080348966270337e+29
564.0,13.317074485432668,6.348745745173824,1.1456780017374257e+29
574.0,13.310203843230278,6.336222718592415,1.0875524336601177e+29
584.0,13.303691172286594,6.324067968395308,1.033304679734622e+29
594.0,13.297511843373348,6.3122618531842924,9.826161245070188e+28
604.0,13.291643320681592,6.300786170432545,9.35199092760127e+28
614.0,13.286064951037277,6.289624026343828,8.907933974197789e+28
624.0,13.280757777541684,6.278759719486043,8.491633209755534e+28
634.0,13.275704374447857,6.268178636546935,8.100949700918394e+28
644.0,13.270888700545722,6.257867158779469,7.7339395227286416e+28
654.0,13.266295968717014,6.247812577892338,7.388833311165172e+28
664.0,13.26191252964898,6.238003020302019,7.064018231155092e+28
674.0,13.257725767973353,6.228427378800937,6.758022043587888e+28
684.0,13.253724009332679,6.219075250815301,6.469499000285403e+28
694.0,13.249896437076519,6.209936882528639,6.19721733423291e+28
704.0,13.246233017461185,6.20100311823572,5.940048144840927e+28
714.0,13.242724432372935,6.19226535436821,5.696955505556909e+28
724.0,13.239362018720104,6.183715497700057,5.466987644581444e+28
734.0,13.236137713747482,6.175345927298302,5.249269069426336e+28
744.0,13.23304400561916,6.1671494598355885,5.042993523129766e+28
754.0,13.230073888696337,6.159119317924416,4.847417674571411e+28
764.0,13.227220823005963,6.151249101171716,4.661855457886372e+28
774.0,13.224478697456323,6.143532759685993,4.485672986777442e+28
784.0,13.221841796407947,6.135964569798663,4.3182839788346505e+28
794.0,13.219304769253771,6.1285391117873065,4.15914563301138e+28
804.0,13.216862602702216,6.121251249411268,4.007754910363817e+28
814.0,13.214510595491525,6.114096111090202,3.8636451741925634e+28
824.0,13.212244335294098,6.107069072573919,3.726383150964333e+28
834.0,13.210059677596245,6.100165740967604,3.5955661779504373e+28
844.0,13.207952726362137,6.093381939990367,3.470819707492283e+28
854.0,13.20591981631141,6.0867136963574815,3.351795041273567e+28
864.0,13.203957496657953,6.080157227187559,3.2381672710131164e+28
874.0,13.202062516173564,6.07370892834574,3.129633404650366e+28
884.0,13.200231809454204,6.067365363642576,3.0259106594275498e+28
894.0,13.198462484279258,6.061123254816133,2.926734905322005e+28
904.0,13.19675180996528,6.054979472231675,2.831859244085523e+28
914.0,13.195097206625606,6.048931026239526,2.741052710737215e+28
924.0,13.193496235256044,6.0429750591372535,2.6540990857593945e+28
934.0,13.191946588574647,6.037108837687278,2.570795807486025e+28
944.0,13.190446082550606,6.031329746145445,2.4909529752708834e+28
954.0,13.188992648563522,6.025635279760195,2.414392434995352e+28
964.0,13.187584326139886,6.020023038705451,2.3409469393390276e+28
974.0,13.186219256218639,6.014490722413743,2.2704593760034807e+28
984.0,13.184895674902108,6.009036124278868,2.202782057761955e+28
994.0,13.183611907652685,6.003657126700167,2.137776068815847e+28
1004.0,13.182365329332562,5.998351151967796,2.08679183483222e+28
1014.0,13.181142766298398,5.993110114922951,2.054358306116155e+28
1024.0,13.17994099524141,5.987931214059595,2.0227397908612806e+28
1034.0,13.178759460782432,5.982813086905987,1.991908146501755e+28
1044.0,13.177597627638457,5.977754414146975,1.9618364617640318e+28
1054.0,13.17645497970918,5.972753917847541,1.9324989916556798e+28
1064.0,13.175331019213358,5.967810359765945,1.9038710964638714e+28
1074.0,13.174225265871831,5.962922539751089,1.8759291844813064e+28
1084.0,13.173137256134257,5.958089294219192,1.8486506581996181e+28
1094.0,13.172066542446855,5.953309494705076,1.8220138637306302e+28
1104.0,13.171012692558605,5.948582046483828,1.7959980432344192e+28
1114.0,13.169975288863583,5.943905887258744,1.7705832901501169e+28
1124.0,13.168953927777217,5.939279985911826,1.7457505070409213e+28
1134.0,13.167948219144437,5.934703341313309,1.7214813658790103e+28
1144.0,13.166957785677823,5.9301749811869,1.6977582706091055e+28
1154.0,13.165982262423977,5.92569396102769,1.6745643218413741e+28
1164.0,13.165021296256468,5.921259363069826,1.6518832835353542e+28
1174.0,13.164074545393817,5.916870295301251,1.6296995515466571e+28
1184.0,13.163141678941068,5.912525890522973,1.6079981239174842e+28
1194.0,13.162222376453622,5.908225305450488,1.5867645728005136e+28
1204.0,13.161316327522046,5.903967719855132,1.5659850179135702e+28
1214.0,13.16042323137672,5.899752335743258,1.545646101429725e+28
1224.0,13.159542796511177,5.895578376571272,1.5257349642141343e+28
1234.0,13.158674740323141,5.891445086494679,1.5062392233250854e+28
1244.0,13.15781878877227,5.887351729649394,1.4871469507023962e+28
1254.0,13.156974676053716,5.883297589463691,1.4684466529715563e+28
1264.0,13.15614214428664,5.87928196799923,1.4501272522968526e+28
1274.0,13.155320943216887,5.875304185319713,1.432178068221208e+28
1284.0,13.154510829933066,5.871363578885836,1.414588800434608e+28
1294.0,13.153711568595346,5.867459502975162,1.3973495124168453e+28
1304.0,13.152922930176281,5.863591328125789,1.3804506159038663e+28
1314.0,13.152144692213064,5.859758440602617,1.3638828561303106e+28
1324.0,13.151376638570609,5.855960241885111,1.3476372978039047e+28
1334.0,13.150618559214918,5.852196148175576,1.3317053117702122e+28
1344.0,13.149870249996201,5.848465589926958,1.316078562328883e+28
1354.0,13.14913151244128,5.844768011389235,1.3007489951650126e+28
1364.0,13.148402153554779,5.841102870173561,1.2857088258614949e+28
1374.0,13.147681985628719,5.8374696368333225,1.270950528960382e+28
1384.0,13.146970826060043,5.833867794461343,1.25646682754325e+28
1394.0,13.146268497175736,5.830296838302482,1.242250683302399e+28
1404.0,13.145574826065143,5.82675627538096,1.2282952870764472e+28
1414.0,13.144889644419148,5.8232456241417125,1.2145940498254707e+28
1424.0,13.14421278837589,5.81976441410519,1.201140594022341e+28
1434.0,13.1435440983727,5.816312185534956,1.1879287454383013e+28
1444.0,13.14288341900397,5.812888489117578,1.17495252530213e+28
1454.0,13.142230598884675,5.809492885654221,1.1622061428134487e+28
1464.0,13.141585490519288,5.806124945763482,1.1496839879918808e+28
1474.0,13.140947950175839,5.802784249594946,1.1373806248448168e+28
1484.0,13.140317837764876,5.799470386553027,1.125290784837546e+28
1494.0,13.139695016723119,5.796182955030641,1.1134093606504424e+28
1504.0,13.139079353901577,5.792921562152317,1.1017314002087655e+28
1514.0,13.138470719457953,5.789685823526334,1.0902521009714498e+28
1524.0,13.137868986753107,5.786475363005504,1.0789668044660299e+28
1534.0,13.13727403225145,5.783289812456262,1.0678709910575558e+28
1544.0,13.136685735425042,5.780128811535716,1.0569602749400383e+28
1554.0,13.13610397866127,5.776992007476318,1.0462303993395836e+28
1564.0,13.135528647173937,5.773879054877859,1.0356772319189794e+28
1574.0,13.13495962891761,5.770789615506493,1.0252967603740488e+28
1584.0,13.134396814505102,5.767723358100518,1.0150850882126095e+28
1594.0,13.13384009712794,5.7646799581826205,1.0050384307073708e+28
1604.0,13.133289372479695,5.761659097878342,9.951531110145662e+27
1614.0,13.132744538682063,5.75866046574053,9.854255564505436e+27
1624.0,13.13220549621358,5.755683756579542,9.758522949189647e+27
1634.0,13.131672147840838,5.752728671298948,9.664299514816267e+27
1644.0,13.131144398552149,5.7497949167365645,9.571552450663066e+27
1654.0,13.130622155493493,5.74688220551058,9.480249853053505e+27
1664.0,13.130105327906714,5.743990255870604,9.390360694990681e+27
1674.0,13.129593827069838,5.741118791553426,9.30185479698288e+27
1684.0,13.129087566239445,5.738267541643344,9.214702799007185e+27
1694.0,13.12858646059499,5.735436240436849,9.128876133560322e+27
1704.0,13.128090427185032,5.732624627311544,9.044346999748443e+27
1714.0,13.127599384875264,5.729832446599106,8.961088338369979e+27
1724.0,13.127113254298278,5.727059447462173,8.879073807947965e+27
1734.0,13.126631957805019,5.724305383774995,8.79827776167042e+27
1744.0,13.126155419417834,5.721570014007708,8.71867522519935e+27
1754.0,13.125683564785067,5.71885310111412,8.640241875310922e+27
1764.0,13.125216321137144,5.7161544124228705,8.562954019331121e+27
1774.0,13.12475361724409,5.713473719531832,8.486788575332992e+27
1784.0,13.124295383374417,5.710810798205674,8.411723053063118e+27
1794.0,13.123841551255326,5.708165428276425,8.337735535566606e+27
1804.0,13.123392054034207,5.7055373935469955,8.264804661481247e+27
1814.0,13.122946826241334,5.7029264816974745,8.192909607972957e+27
1824.0,13.122505803753763,5.700332484194197,8.12203007428587e+27
1834.0,13.12206892376036,5.697755196201406,8.052146265881729e+27
1844.0,13.121636124727914,5.695194416495466,7.983238879144382e+27
1854.0,13.121207346368324,5.692649947381534,7.915289086626325e+27
1864.0,13.120782529606783,5.690121594612586,7.848278522815258e+27
1874.0,13.12036161655095,5.687609167310747,7.782189270399687e+27
1884.0,13.119944550461069,5.685112477890824,7.717003847013489e+27
1894.0,13.119531275720997,5.6826313419859815,7.652705192440321e+27
1904.0,13.119121737810099,5.680165578375487,7.589276656259588e+27
1914.0,13.118715883276012,5.677715008914445,7.526701985916507e+27
1924.0,13.118313659708205,5.675279458465486,7.464965315199573e+27
1934.0,13.117915015712336,5.672858754832301,7.404051153109514e+27
1944.0,13.117519900885377,5.670452728695009,7.343944373104447e+27
1954.0,13.117128265791457,5.668061213547258,7.284630202706705e+27
1964.0,13.116740061938431,5.665684045635029,7.226094213457365e+27
1974.0,13.116355241755125,5.663321063897087,7.168322311205167e+27
1984.0,13.115973758569242,5.660972109907011,7.111300726717042e+27
1994.0,13.115595566585908,5.658637027816759,7.055016006598069e+27
2004.0,13.115220620866845,5.656315664301745,6.999455004509148e+27
2014.0,13.114848877310123,5.654007868507332,6.944604872671223e+27
2024.0,13.114480292630505,5.651713491996738,6.890453053645299e+27
2034.0,13.114114824340335,5.649432388700303,6.836987272378054e+27
2044.0,13.11375243073098,5.647164414866047,6.784195528503135e+27
2054.0,13.11339307085478,5.644909429011527,6.732066088888776e+27
2064.0,13.113036704507511,5.64266729187691,6.680587480422667e+27
2074.0,13.112683292211335,5.640437866379248,6.629748483025437e+27
2084.0,13.11233279519821,5.638221017567915,6.579538122884424e+27
2094.0,13.111985175393778,5.636016612581167,6.529945665899795e+27
2104.0,13.111640395401672,5.633824520603793,6.480960611335355e+27
2114.0,13.111298418488268,5.631644612825831,6.432572685666727e+27
2124.0,13.110959208567841,5.6294767624022946,6.38477183661986e+27
2134.0,13.110622730188128,5.627320844413922,6.33754822739312e+27
2144.0,13.110288948516274,5.625176735828877,6.290892231056482e+27
2154.0,13.109957829325158,5.623044315465383,6.244794425121586e+27
2164.0,13.109629338980078,5.620923463955286,6.199245586276711e+27
2174.0,13.109303444425802,5.6188140637084985,6.154236685280874e+27
2184.0,13.10898011317394,5.616715998878293,6.109758882011595e+27
2194.0,13.10865931329067,5.614629155327442,6.065803520660984e+27
2204.0,13.108341013384763,5.612553420595169,6.022362125075071e+27
2214.0,13.108025182595945,5.610488683864881,5.979426394231474e+27
2224.0,13.107711790583533,5.608434835932672,5.936988197850721e+27
2234.0,13.107400807515384,5.606391769176579,5.895039572136652e+27
2244.0,13.107092204057123,5.604359377526533,5.853572715641592e+27
2254.0,13.106785951361639,5.602337556435058,5.812579985252067e+27
2264.0,13.106482021058861,5.60032620284861,5.772053892291061e+27
2274.0,13.106180385245782,5.598325215179613,5.731987098732915e+27
2284.0,13.10588101647674,5.596334493279123,5.692372413527146e+27
2294.0,13.105583887753943,5.594353938410129,5.653202789027574e+27
2304.0,13.105288972518226,5.592383453221458,5.61447131752333e+27
2314.0,13.104996244640047,5.590422941722288,5.576171227868366e+27
2324.0,13.104705678410697,5.588472309257225,5.5382958822063e+27
2334.0,13.104417248533736,5.58653146248196,5.500838772787478e+27
2344.0,13.104130930116629,5.584600309339459,5.46379351887529e+27
2354.0,13.103846698662599,5.5826787590366855,5.427153863738847e+27
2364.0,13.103564530062664,5.580766722021865,5.390913671729281e+27
2374.0,13.103284400587881,5.578864109962226,5.355066925436989e+27
2384.0,13.103006286881772,5.576970835722249,5.319607722927234e+27
2394.0,13.102730165952925,5.575086813342397,5.284530275051659e+27
2404.0,13.102456015167785,5.573211958018303,5.249828902833288e+27
2414.0,13.10218381224361,5.571346186080417,5.215498034922738e+27
2424.0,13.101913535241591,5.569489414974097,5.181532205123397e+27
2434.0,13.101645162560148,5.567641563240135,5.147926049983436e+27
2444.0,13.101378672928366,5.565802550495684,5.11467430645257e+27
2454.0,13.101114045399598,5.563972297415621,5.081771809601598e+27
2464.0,13.100851259345212,5.562150725714296,5.049213490402748e+27
2474.0,13.100590294448489,5.5603377581276625,5.01699437356902e+27
2484.0,13.100331130698653,5.5585333183957975,4.985109575450678e+27
2494.0,13.100073748385048,5.556737331245797,4.953554301987197e+27
2504.0,13.099818128091446,5.554949722375014,4.922323846712959e+27
2514.0,13.099564250690479,5.55317041843465,4.89141358881509e+27
2524.0,13.099312097338213,5.551399347013717,4.860818991241886e+27
2534.0,13.099061649468828,5.549636436623292,4.83053559886029e+27
2544.0,13.098812888789427,5.547881616681124,4.800559036660987e+27
2554.0,13.098565797274965,5.546134817496553,4.7708850080096775e+27
2564.0,13.098320357163288,5.544395970255737,4.741509292943203e+27
2574.0,13.09807655095028,5.542665007007181,4.7124277465091603e+27
2584.0,13.097834361385123,5.540941860647564,4.683636297147769e+27
2594.0,13.09759377146566,5.539226464907848,4.65513094511473e+27
2604.0,13.09735476443386,5.5375187543396756,4.6269077609439017e+27
2614.0,13.097117323771387,5.535818664302029,4.5989628839486347e+27
2624.0,13.09688143319526,5.534126130948182,4.5712925207606426e+27
2634.0,13.096647076653614,5.532441091212877,4.5438929439053404e+27
2644.0,13.096414238321543,5.530763482799792,4.5167604904126014e+27
2654.0,13.096182902597048,5.52909324416923,4.489891560461922e+27
2664.0,13.095953054097063,5.527430314526066,4.4632826160610125e+27
2674.0,13.095724677653564,5.525774633807934,4.4369301797568784e+27
2684.0,13.09549775830977,5.5241261426736274,4.410830833378463e+27
2694.0,13.095272281316424,5.522484782491745,4.3849812168099704e+27
2704.0,13.09504823212814,5.520850495329551,4.359378026794015e+27
2714.0,13.094825596399843,5.519223223942049,4.334018015763748e+27
2724.0,13.094604359983284,5.5176029117612675,4.308897990703178e+27
2734.0,13.094384508923614,5.515989502885761,4.284014812034887e+27
2744.0,13.094166029456044,5.514382942070293,4.2593653925343966e+27
2754.0,13.09394890800257,5.512783174715735,4.2349466962704405e+27
2764.0,13.093733131168763,5.5111901468591515,4.210755737570448e+27
2774.0,13.093518685740628,5.509603805164063,4.1867895800105394e+27
2784.0,13.093305558681534,5.5080240969109155,4.1630453354293685e+27
2794.0,13.093093737129193,5.506450969987702,4.139520162965168e+27
2804.0,13.092883208392717,5.50488437288078,4.116211268115374e+27
2814.0,13.092673959949726,5.503324254665859,4.0931159018182126e+27
2824.0,13.092465979443514,5.501770564999143,4.070231359555667e+27
2834.0,13.092259254680274,5.500223254108647,4.047554980477257e+27
2844.0,13.092053773626384,5.498682272785678,4.0250841465440647e+27
2854.0,13.091849524405747,5.497147572376463,4.002816281692482e+27
2864.0,13.091646495297173,5.495619104773937,3.98074885101715e+27
2874.0,13.091444674731827,5.494096822409674,3.9588793599725875e+27
2884.0,13.09124405129072,5.492580678245979,3.937205353593021e+27
2894.0,13.091044613702257,5.491070625768111,3.915724415729929e+27
2904.0,13.090846350839824,5.489566618976651,3.8944341683068595e+27
2914.0,13.09064925171943,5.488068612380008,3.873332270591044e+27
2924.0,13.090453305497395,5.486576560987057,3.8524164184813976e+27
2934.0,13.090258501468078,5.485090420299915,3.831684343812467e+27
2944.0,13.090064829061655,5.483610146306843,3.811133813673929e+27
2954.0,13.089872277841936,5.482135695475263,3.7907626297452194e+27
2964.0,13.08968083750423,5.4806670247449265,3.770568627644938e+27
2974.0,13.089490497873246,5.479204091521171,3.7505496762946173e+27
2984.0,13.089301248901032,5.477746853668319,3.73070367729652e+27
2994.0,13.089113080664964,5.476295269503179,3.7110285643250936e+27
3004.0,13.088925983365765,5.4748492977886745,3.6915223025317463e+27
3014.0,13.088739947325566,5.473408897727564,3.6721828879626e+27
3024.0,13.088554962985993,5.471974028956291,3.653008346988907e+27
3034.0,13.088371020906314,5.470544651538921,3.6339967357498065e+27
3044.0,13.08818811176159,5.469120725961204,3.615146139607116e+27
3054.0,13.088006226340895,5.4677022131247215,3.59645467261186e+27
3064.0,13.08782535554553,5.4662890743411365,3.577920476982244e+27
3074.0,13.087645490387311,5.464881271326556,3.5595417225927924e+27
3084.0,13.087466621986861,5.463478766195973,3.5413166064743805e+27
3094.0,13.087288741571943,5.462081521457803,3.5232433523248853e+27
3104.0,13.08711184047582,5.4606895000085345,3.5053202100302023e+27
3114.0,13.086935910135658,5.4593026651274315,3.487545455195379e+27
3124.0,13.08676094209094,5.457920980471376,3.469917388685608e+27
3134.0,13.086586927981921,5.456544410069741,3.452434336176855e+27
3144.0,13.086413859548111,5.455172918319395,3.4350946477158797e+27
3154.0,13.08624172862678,5.453806469979762,3.4178966972894344e+27
3164.0,13.086070527151492,5.452445030167976,3.4008388824024035e+27
3174.0,13.08590024715067,5.4510885643541105,3.383919623664693e+27
3184.0,13.085730880746183,5.44973703835649,3.367137364386639e+27
3194.0,13.085562420151957,5.4483904183370795,3.350490570182756e+27
3204.0,13.085394857672613,5.44704867079694,3.333977728583605e+27
3214.0,13.085228185702132,5.445711762571771,3.3175973486556073e+27
3224.0,13.08506239672254,5.444379660827518,3.3013479606286144e+27
3234.0,13.084897483302614,5.44305233305605,3.2852281155310375e+27
3244.0,13.08473343809662,5.441729747070918,3.269236384832387e+27
3254.0,13.084570253843065,5.440411871003164,3.253371360093023e+27
3264.0,13.084407923363473,5.439098673297215,3.2376316526209635e+27
3274.0,13.084246439561184,5.437790122706829,3.222015893135589e+27
3284.0,13.084085795420172,5.436486188291118,3.206522731438074e+27
3294.0,13.083925984003889,5.435186839410621,3.1911508360884e+27
3304.0,13.083766998454117,5.433892045723453,3.175898894088795e+27
3314.0,13.083608831989855,5.432601777181503,3.1607656105734513e+27
3324.0,13.083451477906216,5.431316004026701,3.145749708504384e+27
3334.0,13.083294929573343,5.43003469678734,3.1308499283732855e+27
3344.0,13.08313918043535,5.428757826274451,3.1160650279092416e+27
3354.0,13.08298422400927,5.427485363578247,3.1013937817921774e+27
3364.0,13.082830053884035,5.426217280064613,3.086834981371904e+27
3374.0,13.082676663719463,5.424953547371642,3.072387434392642e+27
3384.0,13.082524047245263,5.42369413740625,3.0580499647228927e+27
3394.0,13.082372198260064,5.422439022340825,3.043821412090547e+27
3404.0,13.082221110630451,5.421188174609918,3.0297006318231087e+27
3414.0,13.082070778290028,5.419941566907021,3.0156864945929176e+27
3424.0,13.08192119523848,5.418699172181344,3.001777886167274e+27
3434.0,13.081772355540677,5.417460963634695,2.987973707163337e+27
3444.0,13.081624253325758,5.416226914718362,2.974272872807707e+27
3454.0,13.081476882786266,5.414996999130068,2.9606743127005863e+27
3464.0,13.081330238177271,5.413771190810968,2.947176970584413e+27
3474.0,13.081184313815523,5.412549463942681,2.9337798041168766e+27
3484.0,13.08103910407861,5.411331792944383,2.920481784648211e+27
3494.0,13.080894603404131,5.410118152469931,2.9072818970026904e+27
3504.0,13.08075080628889,5.408908517405028,2.894179139264212e+27
3514.0,13.080607707288095,5.407702862864449,2.8811725225659e+27
3524.0,13.080465301014572,5.4065011641892795,2.8682610708836285e+27
3534.0,13.080323582137995,5.40530339694423,2.855443820833395e+27
3544.0,13.080182545384124,5.404109536914951,2.842719821472442e+27
3554.0,13.080042185534058,5.402919560105423,2.8300881341040644e+27
3564.0,13.079902497423502,5.401733442735365,2.817547832086022e+27
3574.0,13.079763475942038,5.400551161237675,2.8050980006424645e+27
3584.0,13.079625116032416,5.399372692255937,2.7927377366793186e+27
3594.0,13.079487412689856,5.398198012641934,2.780466148603049e+27
3604.0,13.079350360961353,5.397027099453208,2.768282356142721e+27
3614.0,13.079213955945004,5.395859929950665,2.756185490175307e+27
3624.0,13.079078192789334,5.3946964815961955,2.744174692554162e+27
3634.0,13.078943066692643,5.3935367320503484,2.732249115940596e+27
3644.0,13.078808572902359,5.392380659170021,2.720407923638494e+27
3654.0,13.078674706714398,5.391228241006203,2.708650289431908e+27
3664.0,13.078541463472543,5.390079455801726,2.6969753974255613e+27
3674.0,13.078408838567821,5.388934281989073,2.685382441888211e+27
3684.0,13.078276827437898,5.387792698188191,2.673870627098808e+27
3694.0,13.078145425566483,5.38665468320437,2.6624391671953843e+27
3704.0,13.078014628482734,5.385520216026105,2.65108728602664e+27
3714.0,13.077884431760685,5.384389275823038,2.639814217006143e+27
3724.0,13.077754831018671,5.38326184194389,2.6286192029691105e+27
3734.0,13.077625821918769,5.382137893914445,2.61750149603171e+27
3744.0,13.077497400166243,5.381017411435552,2.606460357452833e+27
3754.0,13.077369561508997,5.379900374381158,2.595495057498289e+27
3764.0,13.077242301737044,5.378786762796365,2.58460487530737e+27
3774.0,13.077115616681974,5.377676556895523,2.5737890987617433e+27
3784.0,13.076989502216435,5.376569737060333,2.5630470243566214e+27
3794.0,13.076863954253618,5.375466283837996,2.552377957074162e+27
3804.0,13.076738968746756,5.374366177939374,2.5417812102590623e+27
3814.0,13.076614541688626,5.373269400237179,2.5312561054962894e+27
3824.0,13.076490669111056,5.372175931764186,2.5208019724909216e+27
3834.0,13.07636734708445,5.371085753711481,2.5104181489500475e+27
3844.0,13.076244571717304,5.369998847426706,2.500103980466683e+27
3854.0,13.076122339155745,5.36891519441237,2.48985882040567e+27
3864.0,13.076000645583068,5.367834776324139,2.479682029791521e+27
3874.0,13.075879487219279,5.366757574969174,2.469572977198161e+27
3884.0,13.07575886032065,5.365683572304494,2.4595310386405404e+27
3894.0,13.075638761179281,5.364612750435343,2.4495555974680754e+27
3904.0,13.075519186122657,5.363545091613593,2.439646044259887e+27
3914.0,13.075400131513229,5.362480578236164,2.4298017767217946e+27
3924.0,13.07528159374799,5.36141919284347,2.420022199585041e+27
3934.0,13.075163569258052,5.360360918117868,2.4103067245067073e+27
3944.0,13.075046054508249,5.35930573688216,2.400654769971789e+27
3954.0,13.074929045996724,5.35825363209808,2.3910657611968995e+27
3964.0,13.074812540254532,5.357204586864821,2.381539130035573e+27
3974.0,13.074696533845254,5.356158584417581,2.3720743148851326e+27
3984.0,13.074581023364601,5.355115608126114,2.3626707605950975e+27
3994.0,13.074466005440046,5.354075641493326,2.3533279183770933e+27
4004.0,13.074351476730435,5.353038668153855,2.3440452457162507e+27
4014.0,13.074237433925624,5.352004671872699,2.334822206284046e+27
4024.0,13.07412387374612,5.350973636543852,2.325658269852574e+27
4034.0,13.074010792942705,5.349945546188947,2.3165529122102102e+27
4044.0,13.0738981882961,5.348920384955939,2.307505615078653e+27
4054.0,13.073786056616603,5.34789813711777,2.2985158660313057e+27
4064.0,13.07367439474375,5.346878787071102,2.2895831584129793e+27
4074.0,13.073563199545973,5.345862319335017,2.2807069912608968e+27
4084.0,13.073452467920267,5.344848718549756,2.2718868692269604e+27
4094.0,13.073342196791861,5.34383796947548,2.2631223025012763e+27
4104.0,13.073232383113886,5.342830056991034,2.2544128067369003e+27
4114.0,13.073123023867062,5.341824966092728,2.2457579029757844e+27
4124.0,13.073014116059374,5.340822681893142,2.2371571175759103e+27
4134.0,13.07290565672577,5.339823189619942,2.228609982139575e+27
4144.0,13.072797642927842,5.338826474614708,2.22011603344282e+27
4154.0,13.072690071753529,5.337832522331775,2.211674813365975e+27
4164.0,13.072582940316815,5.3368413183371,2.2032858688252994e+27
4174.0,13.072476245757437,5.33585284830713,2.1949487517056973e+27
4184.0,13.07236998524059,5.334867098027692,2.1866630187944972e+27
4194.0,13.07226415595664,5.333884053392891,2.1784282317162635e+27
4204.0,13.072158755120844,5.332903700404032,2.1702439568686296e+27
4214.0,13.072053779973066,5.331926025168538,2.1621097653591335e+27
4224.0,13.071949227777507,5.330951013898906,2.1540252329430368e+27
4234.0,13.071845095822429,5.329978652911651,2.1459899399621065e+27
4244.0,13.071741381419885,5.329008928626275,2.138003471284349e+27
4254.0,13.07163808190546,5.328041827564255,2.1300654162446734e+27
4264.0,13.071535194638006,5.327077336348026,2.1221753685864718e+27
4274.0,13.071432716999386,5.326115441699991,2.1143329264040958e+27
4284.0,13.071330646394216,5.325156130441544,2.1065376920862187e+27
4294.0,13.071228980249623,5.324199389492085,2.0987892722600637e+27
4304.0,13.071127716014988,5.323245205868078,2.091087277736484e+27
4314.0,13.071026851161706,5.322293566682092,2.0834313234558814e+27
4324.0,13.070926383182947,5.321344459141866,2.075821028434945e+27
4334.0,13.070826309593416,5.320397870549397,2.0682560157142018e+27
4344.0,13.070726627929119,5.319453788300008,2.0607359123063566e+27
4354.0,13.070627335747131,5.3185121998814555,2.0532603491454167e+27
4364.0,13.07052843062537,5.317573092873044,2.0458289610365803e+27
4374.0,13.070429910162366,5.3166364549447325,2.038441386606879e+27
4384.0,13.070331771977047,5.315702273856269,2.0310972682565608e+27
4394.0,13.070234013708511,5.314770537456338,2.0237962521112014e+27
4404.0,13.070136633015816,5.313841233681696,2.0165379879745295e+27
4414.0,13.07003962757776,5.312914350556342,2.0093221292819563e+27
4424.0,13.069942995092678,5.3119898761906885,2.002148333054792e+27
4434.0,13.069846733278222,5.311067798780732,1.9950162598551488e+27
4444.0,13.069750839871169,5.3101481066072544,1.9879255737415021e+27
4454.0,13.069655312627207,5.309230788035011,1.9808759422249155e+27
4464.0,13.06956014932074,5.308315831511945,1.973867036225906e+27
4474.0,13.06946534774469,5.307403225568407,1.966898530031945e+27
4484.0,13.069370905710295,5.306492958816374,1.959970101255583e+27
4494.0,13.06927682104693,5.305585019948696,1.953081430793186e+27
4504.0,13.069183091601904,5.304679397738326,1.9462322027842743e+27
4514.0,13.069089715240272,5.303776081037588,1.9394221045714552e+27
4524.0,13.068996689844663,5.302875058777431,1.9326508266609363e+27
4534.0,13.068904013315082,5.3019763199667,1.9259180626836138e+27
4544.0,13.068811683568734,5.301079853691418,1.91922350935672e+27
4554.0,13.06871969853985,5.300185649114066,1.9125668664460304e+27
4564.0,13.068628056179502,5.2992936954728895,1.9059478367286082e+27
4574.0,13.068536754455438,5.298403982081192,1.899366125956093e+27
4584.0,13.068445791351902,5.297516498326647,1.892821442818507e+27
4594.0,13.06835516486947,5.296631233670624,1.8863134989085877e+27
4604.0,13.068264873024878,5.2957481776475115,1.8798420086866238e+27
4614.0,13.06817491385086,5.294867319864046,1.873406689445795e+27
4624.0,13.068085285395984,5.293988649998663,1.867007261278006e+27
4634.0,13.067995985724485,5.293112157800838,1.8606434470402018e+27
4644.0,13.067907012916114,5.292237833090452,1.8543149723211637e+27
4654.0,13.067818365065973,5.291365665757148,1.8480215654087722e+27
4664.0,13.067730040284363,5.290495645759703,1.841762957257732e+27
4674.0,13.06764203669663,5.289627763125409,1.8355388814577512e+27
4684.0,13.067554352443015,5.288762007949458,1.829349074202168e+27
4694.0,13.067466985678495,5.287898370394326,1.8231932742570162e+27
4704.0,13.067379934572648,5.287036840689185,1.8170712229305224e+27
4714.0,13.067293197309498,5.286177409129294,1.8109826640430306e+27
4724.0,13.067206772087372,5.2853200660754265,1.8049273438973441e+27
4734.0,13.06712065711876,5.284464801953268,1.7989050112494793e+27
4744.0,13.067034850630169,5.283611607252863,1.7929154172798268e+27
4754.0,13.066949350861984,5.282760472528025,1.7869583155647093e+27
4764.0,13.06686415606834,5.281911388395796,1.7810334620483327e+27
4774.0,13.066779264516969,5.281064345535868,1.7751406150151233e+27
4784.0,13.066694674489082,5.280219334690045,1.769279535062448e+27
4794.0,13.066610384279224,5.279376346661696,1.7634499850737044e+27
4804.0,13.066526392195152,5.278535372315215,1.7576517301917822e+27
4814.0,13.066442696557697,5.27769640257549,1.7518845377928862e+27
4824.0,13.066359295700643,5.276859428427374,1.7461481774607167e+27
4834.0,13.066276187970594,5.276024440915166,1.7404424209610006e+27
4844.0,13.066193371726856,5.275191431142089,1.734767042216369e+27
4854.0,13.066110845341306,5.274360390269795,1.7291218172815722e+27
4864.0,13.066028607198275,5.273531309517834,1.723506524319037e+27
4874.0,13.065946655694423,5.272704180163184,1.7179209435747442e+27
4884.0,13.065864989238626,5.271878993539735,1.7123648573544392e+27
4894.0,13.06578360625185,5.271055741037812,1.7068380500001576e+27
4904.0,13.06570250516704,5.2702344141036885,1.701340307867066e+27
4914.0,13.065621684429006,5.269415004239102,1.695871419300616e+27
4924.0,13.065541142494302,5.2685975030007945,1.6904311746139992e+27
4934.0,13.06546087783112,5.26778190200003,1.6850193660659054e+27
4944.0,13.065380888919176,5.2669681929021355,1.6796357878385743e+27
4954.0,13.065301174249601,5.2661563674260465,1.6742802360161426e+27
4964.0,13.065221732324833,5.265346417343851,1.6689525085632733e+27
4974.0,13.065142561658506,5.264538334480339,1.66365240530407e+27
4984.0,13.06506366077535,5.26373211071256,1.6583797279012712e+27
4994.0,13.064985028211076,5.262927737969379,1.6531342798357127e+27
5004.0,13.064906662512287,5.262125208231051,1.6479158663860674e+27
