Time,Mass,Radius,Lx
23.0,17.64555492954335,10.27,1.3e+30
23.1,17.64314224952808,10.265296498515722,1.3e+30
23.200000000000003,17.640733011675863,10.260613646843522,1.3e+30
23.300000000000004,17.638327196266417,10.255951259315735,1.3e+30
23.400000000000006,17.6359247837788,10.251309152723634,1.3e+30
23.500000000000007,17.633525754888563,10.246687146274473,1.3e+30
23.60000000000001,17.631130090464932,10.24208506154946,1.3e+30
23.70000000000001,17.628737771568066,10.237502722462665,1.3e+30
23.80000000000001,17.626348779446346,10.232939955220782,1.3e+30
23.900000000000013,17.623963095533735,10.228396588283776,1.3e+30
24.000000000000014,17.621580701447158,10.223872452326342,1.3e+30
24.100000000000016,17.61920157898395,10.21936738020022,1.3e+30
24.200000000000017,17.616825710119357,10.214881206897239,1.3e+30
24.30000000000002,17.614453077004047,10.21041376951322,1.3e+30
24.40000000000002,17.61208366196171,10.205964907212573,1.3e+30
24.50000000000002,17.60971744748666,10.201534461193647,1.3e+30
24.600000000000023,17.60735441624152,10.197122274654822,1.3e+30
24.700000000000024,17.60499455105491,10.192728192761264,1.3e+30
24.800000000000026,17.602637834919207,10.188352062612402,1.3e+30
24.900000000000027,17.600284250988306,10.183993733210054,1.3e+30
25.00000000000003,17.597933782575474,10.179653055427188,1.3e+30
25.10000000000003,17.59558641315119,10.175329881977358,1.3e+30
25.20000000000003,17.593242126341053,10.17102406738473,1.3e+30
25.300000000000033,17.59090090592372,10.166735467954704,1.3e+30
25.400000000000034,17.58856273582887,10.162463941745175,1.3e+30
25.500000000000036,17.58622760013521,10.158209348538303,1.3e+30
25.600000000000037,17.583895483068517,10.15397154981291,1.3e+30
25.70000000000004,17.581566368999713,10.149750408717379,1.3e+30
25.80000000000004,17.57924024244297,10.1455457900431,1.3e+30
25.90000000000004,17.576917088053843,10.141357560198477,1.3e+30
26.000000000000043,17.574596890627443,10.137185587183376,1.3e+30
26.100000000000044,17.57227963509664,10.133029740564137,1.3e+30
26.200000000000045,17.569965306530275,10.128889891449035,1.3e+30
26.300000000000047,17.56765389013145,10.124765912464245,1.3e+30
26.40000000000005,17.565345371235782,10.120657677730227,1.3e+30
26.50000000000005,17.56303973530975,10.116565062838632,1.3e+30
26.60000000000005,17.560736967949016,10.112487944829585,1.3e+30
26.700000000000053,17.558437054876805,10.108426202169456,1.3e+30
26.800000000000054,17.5561399819423,10.104379714729008,1.3e+30
26.900000000000055,17.55384573511908,10.100348363761997,1.3e+30
27.000000000000057,17.551554300503536,10.09633203188416,1.3e+30
27.10000000000006,17.54926566431338,10.0923306030526,1.3e+30
27.20000000000006,17.54697981288613,10.088343962545562,1.3e+30
27.30000000000006,17.544696732677618,10.084371996942568,1.3e+30
27.400000000000063,17.542416410260564,10.08041459410497,1.3e+30
27.500000000000064,17.54013883232313,10.0764716431568,1.3e+30
27.600000000000065,17.537863985667506,10.07254303446602,1.3e+30
27.700000000000067,17.535591857208537,10.068628659626114,1.3e+30
27.800000000000068,17.53332243397235,10.064728411437988,1.3e+30
27.90000000000007,17.53105570309502,10.060842183892234,1.3e+30
28.00000000000007,17.52879165182124,10.056969872151715,1.3e+30
28.100000000000072,17.52653026750302,10.053111372534419,1.3e+30
28.200000000000074,17.524271537598416,10.049266582496713,1.3e+30
28.300000000000075,17.52201544967026,10.045435400616798,1.3e+30
28.400000000000077,17.519761991384915,10.041617726578536,1.3e+30
28.500000000000078,17.517511150511066,10.037813461155544,1.3e+30
28.60000000000008,17.515262914918498,10.034022506195548,1.3e+30
28.70000000000008,17.513017272576928,10.030244764605046,1.3e+30
28.800000000000082,17.510774211554825,10.026480140334247,1.3e+30
28.900000000000084,17.508533720018267,10.022728538362243,1.3e+30
29.000000000000085,17.5062957862298,10.01898986468246,1.3e+30
29.100000000000087,17.50406039854733,10.01526402628838,1.3e+30
29.200000000000088,17.501827545423023,10.011550931159483,1.3e+30
29.30000000000009,17.49959721540222,10.007850488247456,1.3e+30
29.40000000000009,17.49736939712237,10.00416260746263,1.3e+30
29.500000000000092,17.49514407931198,10.000487199660665,1.3e+30
29.600000000000094,17.492921250789585,9.996824176629435,1.3e+30
29.700000000000095,17.49070090046272,9.993173451076176,1.3e+30
29.800000000000097,17.488483017326917,9.989534936614836,1.3e+30
29.900000000000098,17.486267590464717,9.985908547753628,1.3e+30
30.0000000000001,17.484054609044694,9.982294199882823,1.3e+30
30.1000000000001,17.48184406232049,9.978691809262726,1.3e+30
30.200000000000102,17.479635939629873,9.97510129301187,1.3e+30
30.300000000000104,17.477430230393793,9.971522569095399,1.3e+30
30.400000000000105,17.47522692411547,9.967955556313647,1.3e+30
30.500000000000107,17.473026010379492,9.964400174290928,1.3e+30
30.600000000000108,17.4708274788509,9.960856343464474,1.3e+30
30.70000000000011,17.468631319274323,9.957323985073595,1.3e+30
30.80000000000011,17.466437521473104,9.953803021148998,1.3e+30
30.900000000000112,17.464246075348445,9.95029337450228,1.3e+30
31.000000000000114,17.462056970878557,9.946794968715626,1.3e+30
31.100000000000115,17.459870198117827,9.943307728131613,1.3e+30
31.200000000000117,17.457685747196006,9.939831577843258,1.3e+30
31.300000000000118,17.45550360831739,9.936366443684156,1.3e+30
31.40000000000012,17.45332377176002,9.932912252218832,1.3e+30
31.50000000000012,17.451146227874897,9.929468930733231,1.3e+30
31.600000000000122,17.448970967085213,9.926036407225341,1.3e+30
31.700000000000124,17.44679797988557,9.922614610396009,1.3e+30
31.800000000000125,17.444627256841237,9.91920346963985,1.3e+30
31.900000000000126,17.442458788587402,9.91580291503637,1.3e+30
32.00000000000013,17.44029256582843,9.912412877341165,1.3e+30
32.10000000000013,17.438128579337143,9.909033287977302,1.3e+30
32.20000000000013,17.43596681995411,9.9056640790268,1.3e+30
32.30000000000013,17.433807278586936,9.902305183222305,1.3e+30
32.400000000000134,17.43164994620956,9.898956533938822,1.3e+30
32.500000000000135,17.42949481386158,9.895618065185648,1.3e+30
32.600000000000136,17.42734187264757,9.892289711598359,1.3e+30
32.70000000000014,17.42519111373641,9.888971408430992,1.3e+30
32.80000000000014,17.423042528360632,9.885663091548306,1.3e+30
32.90000000000014,17.42089610781576,9.882364697418168,1.3e+30
33.00000000000014,17.418751843459678,9.87907616310407,1.3e+30
33.10000000000014,17.416609726711986,9.875797426257746,1.3e+30
33.200000000000145,17.41446974905339,9.872528425111927,1.3e+30
33.300000000000146,17.412331902025066,9.869269098473165,1.3e+30
33.40000000000015,17.410196177228066,9.866019385714813,1.3e+30
33.50000000000015,17.40806256632271,9.862779226770082,1.3e+30
33.60000000000015,17.405931061027992,9.859548562125214,1.3e+30
33.70000000000015,17.403801653120997,9.856327332812755,1.3e+30
33.80000000000015,17.401674334436326,9.853115480404933,1.3e+30
33.900000000000155,17.399549096865513,9.849912947007134,1.3e+30
34.000000000000156,17.39742593235648,9.846719675251471,1.3e+30
34.10000000000016,17.395304832912966,9.843535608290463,1.3e+30
34.20000000000016,17.393185790593982,9.840360689790792,1.3e+30
34.30000000000016,17.391068797513274,9.83719486392716,1.3e+30
34.40000000000016,17.388953845838785,9.83403807537624,1.3e+30
34.50000000000016,17.38684092779212,9.830890269310718,1.3e+30
34.600000000000165,17.384730035648037,9.827751391393404,1.3e+30
34.700000000000166,17.38262116173392,9.82462138777146,1.3e+30
34.80000000000017,17.380514298429276,9.821500205070691,1.3e+30
34.90000000000017,17.37840943816524,9.818387790389917,1.3e+30
35.00000000000017,17.376306573424056,9.815284091295451,1.3e+30
35.10000000000017,17.37420569673862,9.812189055815626,1.3e+30
35.20000000000017,17.37210680069197,9.809102632435428,1.3e+30
35.300000000000175,17.370009877916814,9.806024770091186,1.3e+30
35.400000000000176,17.367914921095064,9.802955418165356,1.3e+30
35.50000000000018,17.36582192295737,9.799894526481369,1.3e+30
35.60000000000018,17.363730876282656,9.796842045298549,1.3e+30
35.70000000000018,17.36164177389766,9.79379792530713,1.3e+30
35.80000000000018,17.359554608676497,9.79076211762329,1.3e+30
35.90000000000018,17.35746937354021,9.787734573784325,1.3e+30
36.000000000000185,17.355386061456322,9.784715245743842,1.3e+30
36.100000000000186,17.353304665438422,9.78170408586702,1.3e+30
36.20000000000019,17.35122517854572,9.778701046925974,1.3e+30
36.30000000000019,17.34914759388264,9.77570608209516,1.3e+30
36.40000000000019,17.347071904598383,9.772719144946825,1.3e+30
36.50000000000019,17.344998103886528,9.769740189446562,1.3e+30
36.60000000000019,17.342926184984627,9.766769169948905,1.3e+30
36.700000000000195,17.34085614117379,9.763806041192984,1.3e+30
36.800000000000196,17.338787965778298,9.76085075829823,1.3e+30
36.9000000000002,17.336721652165203,9.757903276760185,1.3e+30
37.0000000000002,17.33465719374394,9.754963552446306,1.3e+30
37.1000000000002,17.33259458396595,9.752031541591869,1.3e+30
37.2000000000002,17.330533816324287,9.749107200795926,1.3e+30
37.3000000000002,17.32847488435326,9.746190487017298,1.3e+30
37.400000000000205,17.32641778162804,9.743281357570641,1.3e+30
37.500000000000206,17.324362501764323,9.74037977012256,1.3e+30
38.500000000000206,17.30390858419995,9.711769636330644,1.3e+30
39.500000000000206,17.283630217391305,9.683869607629903,1.3e+30
40.500000000000206,17.263521632376232,9.656642602558847,1.3e+30
41.500000000000206,17.24357739494511,9.630054329679202,1.3e+30
42.500000000000206,17.223792378687655,9.604073016054752,1.3e+30
43.500000000000206,17.20416174079156,9.578669167865854,1.3e+30
44.500000000000206,17.184680900255334,9.553815358711496,1.3e+30
45.500000000000206,17.1653455182258,9.52948604185164,1.3e+30
46.500000000000206,17.14615148021093,9.505657383220317,1.3e+30
47.500000000000206,17.127094879952796,9.482307112518077,1.3e+30
48.500000000000206,17.10817200477404,9.459414390090068,1.3e+30
49.500000000000206,17.089379322235644,9.436959687627816,1.3e+30
50.500000000000206,17.07071346796462,9.414924681011163,1.3e+30
51.500000000000206,17.052171234527915,9.393292153840736,1.3e+30
52.500000000000206,17.033749561244058,9.372045910409152,1.3e+30
53.500000000000206,17.015445524837194,9.351170697026369,1.3e+30
54.500000000000206,16.99725633084943,9.330652130757345,1.3e+30
55.500000000000206,16.979179305737212,9.310476634751252,1.3e+30
56.500000000000206,16.961211889585886,9.290631379445637,1.3e+30
57.500000000000206,16.94335162938407,9.271104229017919,1.3e+30
58.500000000000206,16.925596172805793,9.251883692533392,1.3e+30
59.500000000000206,16.907943262454108,9.232958879305123,1.3e+30
60.500000000000206,16.89039073052469,9.214319458038272,1.3e+30
61.500000000000206,16.872936493852418,9.195955619381193,1.3e+30
62.500000000000206,16.85557854930764,9.177858041548761,1.3e+30
63.500000000000206,16.838314969512254,9.16001785872103,1.3e+30
64.5000000000002,16.821143898848696,9.142426631953256,1.3e+30
65.5000000000002,16.804063549737606,9.125076322362045,1.3e+30
66.5000000000002,16.787072199162242,9.107959266377708,1.3e+30
67.5000000000002,16.77016818541982,9.091068152875085,1.3e+30
68.5000000000002,16.75334990508184,9.074396002014662,1.3e+30
69.5000000000002,16.736615810147107,9.057936145643131,1.3e+30
70.5000000000002,16.719964405372597,9.041682209117752,1.3e+30
71.5000000000002,16.703394245768763,9.02562809443248,1.3e+30
72.5000000000002,16.686903934246917,9.009767964535781,1.3e+30
73.5000000000002,16.670492119407548,8.994096228740776,1.3e+30
74.5000000000002,16.654157493459298,8.978607529137916,1.3e+30
75.5000000000002,16.63789879025924,8.963296727928727,1.3e+30
76.5000000000002,16.621714783465865,8.948158895606994,1.3e+30
77.5000000000002,16.605604284796936,8.933189299920278,1.3e+30
78.5000000000002,16.58956614238493,8.918383395550944,1.3e+30
79.5000000000002,16.573599239223476,8.903736814461288,1.3e+30
80.5000000000002,16.557702491698663,8.88924535685215,1.3e+30
81.5000000000002,16.541874848199544,8.874904982689058,1.3e+30
82.5000000000002,16.526115287802725,8.860711803753635,1.3e+30
83.5000000000002,16.51042281902615,8.846662076181884,1.3e+30
84.5000000000002,16.494796478647736,8.832752193453981,1.3e+30
85.5000000000002,16.479235330584697,8.81897867980332,1.3e+30
86.5000000000002,16.4637384648298,8.805338184015124,1.3e+30
87.5000000000002,16.44830499644102,8.791827473587324,1.3e+30
88.5000000000002,16.43293406458136,8.778443429228755,1.3e+30
89.5000000000002,16.417624831605753,8.765183039671523,1.3e+30
90.5000000000002,16.40237648219229,8.752043396776331,1.3e+30
91.5000000000002,16.38718822251515,8.739021690911187,1.3e+30
92.5000000000002,16.37205927945674,8.726115206585387,1.3e+30
93.5000000000002,16.356988899856873,8.713321318322107,1.3e+30
94.5000000000002,16.34197634979679,8.700637486754122,1.3e+30
95.5000000000002,16.32702091391609,8.68806125492839,1.3e+30
96.5000000000002,16.31212189476071,8.675590244806253,1.3e+30
97.5000000000002,16.297278612160277,8.663222153946972,1.3e+30
98.5000000000002,16.28249040263315,8.650954752363248,1.3e+30
99.5000000000002,16.267756618817742,8.638785879538137,1.3e+30
100.5000000000002,16.253076628928603,8.626713441593525,1.3e+30
101.5000000000002,16.238449816236052,8.614735408601083,1.3e+30
102.5000000000002,16.223875578568055,8.602849812027143,1.3e+30
103.5000000000002,16.209353327833195,8.59105474230364,1.3e+30
104.5000000000002,16.19488248956368,8.57934834651771,1.3e+30
105.5000000000002,16.180462502477308,8.567728826213099,1.3e+30
106.5000000000002,16.1660928180575,8.556194435296904,1.3e+30
107.5000000000002,16.151772900150416,8.544743478045772,1.3e+30
108.5000000000002,16.137502224578377,8.533374307205827,1.3e+30
109.5000000000002,16.123280278768732,8.522085322181182,1.3e+30
110.5000000000002,16.10910656139746,8.510874967306108,1.3e+30
111.5000000000002,16.094980582046773,8.499741730196268,1.3e+30
112.5000000000002,16.080901860876033,8.48868414017475,1.3e+30
113.5000000000002,16.0668699283054,8.47770076676881,1.3e+30
114.5000000000002,16.052884324711563,8.46679021827367,1.3e+30
115.5000000000002,16.038944600135,8.455951140379675,1.3e+30
116.5000000000002,16.025050313998264,8.445182214859615,1.3e+30
117.5000000000002,16.011201034834755,8.434482158313008,1.3e+30
118.5000000000002,15.997396340027516,8.423849720964434,1.3e+30
119.5000000000002,15.983635815557587,8.41328368551317,1.3e+30
120.5000000000002,15.969919055761522,8.402782866031501,1.3e+30
121.5000000000002,15.956245663097627,8.392346106909272,1.3e+30
122.5000000000002,15.94261524792055,8.381972281842376,1.3e+30
123.5000000000002,15.929027428263861,8.371660292863012,1.3e+30
124.5000000000002,15.915481829630284,8.361409069409643,1.3e+30
125.5000000000002,15.901978084789224,8.351217567434764,1.3e+30
126.5000000000002,15.888515833581307,8.34108476854859,1.3e+30
127.5000000000002,15.87509472272963,8.331009679197019,1.3e+30
128.5000000000002,15.861714405657427,8.320991329872184,1.3e+30
129.5000000000002,15.848374542311904,8.311028774354082,1.3e+30
130.5000000000002,15.835074798993968,8.30112108898183,1.3e+30
131.5000000000002,15.821814848193625,8.291267371953165,1.3e+30
132.5000000000002,15.808594368430807,8.281466742650874,1.3e+30
133.5000000000002,15.795413044101418,8.271718340994953,1.3e+30
134.5000000000002,15.782270565328375,8.262021326819314,1.3e+30
135.5000000000002,15.769166627817464,8.252374879271908,1.3e+30
136.5000000000002,15.756100932717807,8.242778196237259,1.3e+30
137.5000000000002,15.743073186486768,8.233230493780406,1.3e+30
138.5000000000002,15.730083100759117,8.223731005611262,1.3e+30
139.5000000000002,15.7171303922203,8.214278982568581,1.3e+30
140.5000000000002,15.704214782483643,8.204873692122606,1.3e+30
141.5000000000002,15.691335997971352,8.195514417895616,1.3e+30
142.5000000000002,15.678493769799166,8.186200459199634,1.3e+30
143.5000000000002,15.665687833664512,8.176931130590546,1.3e+30
144.5000000000002,15.652917929738047,8.167705761437885,1.3e+30
145.5000000000002,15.640183802558456,8.158523695509746,1.3e+30
146.5000000000002,15.627485200930387,8.149384290572081,1.3e+30
147.5000000000002,15.614821877825404,8.140286918001838,1.3e+30
148.5000000000002,15.602193590285859,8.131230962413373,1.3e+30
149.5000000000002,15.589600099331564,8.12221582129758,1.3e+30
150.5000000000002,15.577041169869178,8.113240904673232,1.3e+30
151.5000000000002,15.564516570604201,8.104305634750036,1.3e+30
152.5000000000002,15.552026073955492,8.095409445602927,1.3e+30
153.5000000000002,15.539569455972206,8.086551782857194,1.3e+30
154.5000000000002,15.527146496253094,8.077732103383939,1.3e+30
155.5000000000002,15.514756977868059,8.068949875005536,1.3e+30
156.5000000000002,15.502400687281899,8.060204576210653,1.3e+30
157.5000000000002,15.490077414280165,8.051495695878483,1.3e+30
158.5000000000002,15.477786951897063,8.042822733011851,1.3e+30
159.5000000000002,15.46552909634532,8.034185196478791,1.3e+30
160.5000000000002,15.453303646947965,8.025582604762363,1.3e+30
161.5000000000002,15.441110406071951,8.017014485718331,1.3e+30
162.5000000000002,15.428949179063553,8.008480376340422,1.3e+30
163.5000000000002,15.416819774185496,7.999979822532891,1.3e+30
164.5000000000002,15.404722002555753,7.99151237889015,1.3e+30
165.5000000000002,15.39265567808794,7.983077608483114,1.3e+30
166.5000000000002,15.380620617433298,7.974675082652126,1.3e+30
167.5000000000002,15.368616639924154,7.966304380806143,1.3e+30
168.5000000000002,15.356643567518873,7.957965090227983,1.3e+30
169.5000000000002,15.344701224748214,7.949656805885441,1.3e+30
170.5000000000002,15.332789438663053,7.941379130247993,1.3e+30
171.5000000000002,15.320908038783447,7.933131673108978,1.3e+30
172.5000000000002,15.309056857048972,7.924914051412998,1.3e+30
173.5000000000002,15.297235727770321,7.91672588908839,1.3e+30
174.5000000000002,15.285444487582105,7.9085668168845515,1.3e+30
175.5000000000002,15.27368297539682,7.900436472214016,1.3e+30
176.5000000000002,15.261951032359969,7.892334498999045,1.3e+30
177.5000000000002,15.250248501806263,7.884260547522633,1.3e+30
178.5000000000002,15.238575229216913,7.87621427428374,1.3e+30
179.5000000000002,15.226931062177938,7.868195341856632,1.3e+30
180.5000000000002,15.215315850339497,7.860203418754184,1.3e+30
181.5000000000002,15.20372944537619,7.852238179294993,1.3e+30
182.5000000000002,15.192171700948306,7.844299303474211,1.3e+30
183.5000000000002,15.180642472663987,7.836386476837941,1.3e+30
184.5000000000002,15.1691416180423,7.828499390361099,1.3e+30
185.5000000000002,15.157668996477161,7.820637740328614,1.3e+30
186.5000000000002,15.14622446920211,7.8128012282198664,1.3e+30
187.5000000000002,15.134807899255899,7.804989560596253,1.3e+30
188.5000000000002,15.12341915144888,7.7972024489917935,1.3e+30
189.5000000000002,15.112058092330168,7.789439609806646,1.3e+30
190.5000000000002,15.100724590155542,7.781700764203485,1.3e+30
191.5000000000002,15.08941851485609,7.773985638006613,1.3e+30
192.5000000000002,15.078139738007561,7.766293961603715,1.3e+30
193.5000000000002,15.066888132800399,7.75862546985025,1.3e+30
194.5000000000002,15.055663574010454,7.750979901976253,1.3e+30
195.5000000000002,15.044465937970347,7.743357001495628,1.3e+30
196.5000000000002,15.033295102541468,7.73575651611775,1.3e+30
197.5000000000002,15.022150947086583,7.728178197661331,1.3e+30
198.5000000000002,15.011033352443064,7.72062180197052,1.3e+30
199.5000000000002,14.999942200896676,7.713087088833101,1.3e+30
200.5000000000002,14.988877376155953,7.705573821900778,1.3e+30
201.5000000000002,14.977838763327123,7.698081768611468,1.3e+30
202.5000000000002,14.966826248889564,7.690610700113533,1.3e+30
203.5000000000002,14.955839720671804,7.683160391191906,1.3e+30
204.5000000000002,14.944879067828008,7.675730620196042,1.3e+30
205.5000000000002,14.933944180814985,7.668321168969646,1.3e+30
206.5000000000002,14.923034951369662,7.6609318227821355,1.3e+30
207.5000000000002,14.912151272487051,7.653562370261772,1.3e+30
208.5000000000002,14.901293038398657,7.646212603330413,1.3e+30
209.5000000000002,14.890460144551346,7.63888231713984,1.3e+30
210.5000000000002,14.879652487586645,7.631571310009637,1.3e+30
211.5000000000002,14.868869965320474,7.624279383366529,1.3e+30
212.5000000000002,14.858112476723289,7.617006341685206,1.3e+30
213.5000000000002,14.847379921900629,7.609751992430494,1.3e+30
214.5000000000002,14.836672202074068,7.602516146000946,1.3e+30
215.5000000000002,14.825989219562537,7.5952986156737285,1.3e+30
216.5000000000002,14.815330877764035,7.588099217550807,1.3e+30
217.5000000000002,14.8046970811377,7.580917770506373,1.3e+30
218.5000000000002,14.79408773518624,7.573754096135504,1.3e+30
219.5000000000002,14.78350274643871,7.566608018703995,1.3e+30
220.5000000000002,14.772942022433636,7.559479365099346,1.3e+30
221.5000000000002,14.762405471702461,7.552367964782862,1.3e+30
222.5000000000002,14.751893003753327,7.545273649742864,1.3e+30
223.5000000000002,14.741404529055165,7.538196254448916,1.3e+30
224.5000000000002,14.730939959022098,7.531135615807134,1.3e+30
225.5000000000002,14.720499205998143,7.524091573116456,1.3e+30
226.5000000000002,14.71008218324221,7.517063968025912,1.3e+30
227.5000000000002,14.699688804913393,7.510052644492825,1.3e+30
228.5000000000002,14.689318986056527,7.5030574487419575,1.3e+30
229.5000000000002,14.67897264258804,7.4960782292255335,1.3e+30
230.5000000000002,14.668649691282054,7.489114836584157,1.3e+30
231.5000000000002,14.658350049756768,7.482167123608571,1.3e+30
232.5000000000002,14.648073636461074,7.475234945202249,1.3e+30
233.5000000000002,14.63782037066144,7.468318158344799,1.3e+30
234.5000000000002,14.627590172429038,7.461416622056145,1.3e+30
235.5000000000002,14.617382962627094,7.454530197361498,1.3e+30
236.5000000000002,14.607198662898492,7.447658747257039,1.3e+30
237.5000000000002,14.597037195653595,7.4408021366763695,1.3e+30
238.5000000000002,14.586898484058292,7.433960232457645,1.3e+30
239.5000000000002,14.576782452022261,7.427132903311406,1.3e+30
240.5000000000002,14.566698362369067,7.420323933152305,1.292202205869301e+30
241.5000000000002,14.556738822469306,7.413572141405034,1.2767944514779296e+30
242.5000000000002,14.54691089352989,7.406880673977689,1.2616329480311771e+30
243.5000000000002,14.53721225727294,7.400248745052496,1.2467127686191897e+30
244.5000000000002,14.527640645878673,7.3936755808885835,1.2320291045792489e+30
245.5000000000002,14.51819384069409,7.387160419632803,1.2175772621895295e+30
246.5000000000002,14.508869670979127,7.380702511132629,1.2033526594682915e+30
247.5000000000002,14.499666012689095,7.374301116751244,1.1893508230747287e+30
248.5000000000002,14.490580787292249,7.367955509184833,1.1755673853078533e+30
249.5000000000002,14.481611960621356,7.361664972282082,1.1619980811999363e+30
250.5000000000002,14.47275754175819,7.3554288008659405,1.1486387457011571e+30
251.5000000000002,14.464015581949917,7.3492463005576525,1.1354853109522547e+30
252.5000000000002,14.45538417355635,7.343116787603073,1.1225338036420901e+30
253.5000000000002,14.446861449027109,7.3370395887012965,1.1097803424471545e+30
254.5000000000002,14.438445579907748,7.3310140408355675,1.0972211355501721e+30
255.5000000000002,14.430134775873938,7.325039491106558,1.0848524782350514e+30
256.5000000000002,14.421927283792828,7.319115296567917,1.072670750555554e+30
257.5000000000002,14.413821386810737,7.313240824064163,1.0606724150751407e+30
258.5000000000002,14.405815403466363,7.307415450070893,1.0488540146755574e+30
259.5000000000002,14.397907686828711,7.301638560537313,1.037212170431814e+30
260.5000000000002,14.390096623658975,7.295909550731066,1.0257435795512994e+30
261.5000000000002,14.382380633595645,7.290227825085372,1.0144450133748584e+30
262.5000000000002,14.37475816836211,7.284592797048454,1.0033133154377406e+30
263.5000000000002,14.367227710996083,7.279003888935232,9.923453995884083e+29
264.5000000000002,14.359787775100159,7.273460531781307,9.81538248163264e+29
265.5000000000002,14.352436904112887,7.267962165199178,9.708889102154342e+29
266.5000000000002,14.345173670599708,7.262508237236689,9.603944997958111e+29
267.5000000000002,14.33799667556317,7.257098204237716,9.500521942846201e+29
268.5000000000002,14.330904547771834,7.251731530705017,9.398592327718486e+29
269.5000000000002,14.323895943107301,7.246407689165306,9.298129144849288e+29
270.5000000000002,14.31696954392883,7.2411261600364405,9.199105972621247e+29
271.5000000000002,14.310124058454988,7.235886431496784,9.101496960701366e+29
272.5000000000002,14.303358220161869,7.230687999356654,9.005276815644794e+29
273.5000000000002,14.296670787197332,7.225530366931883,8.910420786912542e+29
274.5000000000002,14.290060541810837,7.220413044919438,8.816904653289753e+29
275.5000000000002,14.28352628979837,7.2153355512751,8.72470470969162e+29
276.5000000000002,14.277066859962039,7.210297411093137,8.63379775434458e+29
277.5000000000002,14.270681103583893,7.2052981564880145,8.544161076330745e+29
278.5000000000002,14.264367893913558,7.200337326478033,8.455772443484077e+29
279.5000000000002,14.258126125669271,7.195414466870959,8.368610090627074e+29
280.5000000000002,14.251954714551932,7.190529130151527,8.282652708137307e+29
281.5000000000002,14.245852596771778,7.185680875370888,8.197879430833335e+29
282.5000000000002,14.239818728587343,7.180869268037892,8.114269827170046e+29
283.5000000000002,14.233852085856302,7.1760938800122265,8.031803888733716e+29
284.5000000000002,14.227951663597905,7.171354289399378,7.950462020027463e+29
285.5000000000002,14.222116475566617,7.166650080447379,7.870225028538086e+29
286.5000000000002,14.21634555383669,7.161980843445315,7.79107411507557e+29
287.5000000000002,14.210637948397318,7.157346174623598,7.712990864376884e+29
288.5000000000002,14.204992726758084,7.152745676055915,7.635957235965912e+29
289.5000000000002,14.19940897356441,7.148178955562894,7.559955555261715e+29
290.5000000000002,14.193885790222723,7.1436456266174275,7.484968504927521e+29
291.5000000000002,14.188422294535057,7.139145308251617,7.410979116453143e+29
292.5000000000002,14.183017620342827,7.1346776249653505,7.337970761963742e+29
293.5000000000002,14.177670917179523,7.130242206636451,7.265927146248105e+29
294.5000000000002,14.172381349932058,7.1258386884323865,7.194832298999825e+29
295.5000000000002,14.16714809851055,7.121466710723517,7.124670567265023e+29
296.5000000000002,14.161970357526279,7.117125918997864,7.055426608090389e+29
297.5000000000002,14.156847335977602,7.112815963777347,6.987085381365639e+29
298.5000000000002,14.151778256943611,7.108536500535484,6.919632142854548e+29
299.5000000000002,14.146762357285311,7.104287189616546,6.853052437409041e+29
300.5000000000002,14.141798887354106,7.100067696156103,6.7873320923609e+29
301.5000000000002,14.136887110707407,7.095877690002974,6.722457211085874e+29
302.5000000000002,14.132026303831157,7.09171684564255,6.658414166735166e+29
303.5000000000002,14.127215755869074,7.0875848421214265,6.595189596129372e+29
304.5000000000002,14.122454768358452,7.0834813629734015,6.532770393810165e+29
305.5000000000002,14.117742654972323,7.07940609614673,6.471143706245161e+29
306.5000000000002,14.113078741267813,7.075358733932687,6.410296926181487e+29
307.5000000000002,14.10846236444052,7.0713389728953615,6.350217687143831e+29
308.5000000000002,14.103892873084767,7.067346513802686,6.290893858072764e+29
309.5000000000002,14.099369626959547,7.0633810615586885,6.232313538099367e+29
310.5000000000002,14.094891996760031,7.059442325136917,6.174465051452221e+29
311.5000000000002,14.090459363894482,7.055530017515036,6.117336942493042e+29
312.5000000000002,14.086071120266412,7.051643855610585,6.060917970877276e+29
313.5000000000002,14.081726668061886,7.047783560217843,6.0051971068361434e+29
314.5000000000002,14.077425419541784,7.043948855945807,5.950163526576697e+29
315.5000000000002,14.073166796838938,7.040139471157271,5.895806607796583e+29
316.5000000000002,14.068950231759976,7.0363551379089575,5.842115925310289e+29
317.5000000000002,14.064775165591781,7.032595591892692,5.78908124678378e+29
318.5000000000002,14.06064104891242,7.0288605723776385,5.736692528574479e+29
319.5000000000002,14.05654734140644,7.025149822153516,5.684939911673697e+29
320.5000000000002,14.052493511684412,7.021463087474814,5.6338137177486624e+29
321.5000000000002,14.048479037106624,7.017800118005997,5.583304445281409e+29
322.5000000000002,14.044503403610781,7.014160666767664,5.533402765801863e+29
323.5000000000002,14.040566105543661,7.010544490083621,5.484099520212534e+29
324.5000000000002,14.03666664549658,7.006951347528929,5.435385715202332e+29
325.5000000000002,14.032804534144587,7.003381001878811,5.387252519747056e+29
326.5000000000002,14.0289792900893,6.9998332190584645,5.339691261694221e+29
327.5000000000002,14.02519043970527,6.9963077680937715,5.2926934244299285e+29
328.5000000000002,14.021437516989804,6.992804421062823,5.2462506436255786e+29
329.5000000000002,14.017720063416148,6.98932295304833,5.2003547040622566e+29
330.5000000000002,14.014037627789937,6.985863142090823,5.154997536530729e+29
331.5000000000002,14.01038976610886,6.9824247691427015,5.110171214805022e+29
332.5000000000002,14.006776041425418,6.979007618023045,5.0658679526876126e+29
333.5000000000002,14.00319602371273,6.975611475373235,5.022080101124333e+29
334.5000000000002,13.999649289733291,6.972236130613323,4.97880014538715e+29
335.5000000000002,13.996135422910623,6.968881375899175,4.93602070232301e+29
336.5000000000002,13.992654013203733,6.965547006080335,4.893734517667019e+29
337.5000000000002,13.989204656984324,6.962232818658633,4.8519344634182675e+29
338.5000000000002,13.985786956916668,6.958938613747488,4.810613535276651e+29
339.5000000000002,13.982400521840104,6.955664194031934,4.7697648501391086e+29
340.5000000000002,13.979044966654074,6.952409364729316,4.7293816436537095e+29
341.5000000000002,13.975719912205642,6.94917393355067,4.6894572678301174e+29
342.5000000000002,13.97242498517944,6.945957710662757,4.6499851887049375e+29
343.5000000000002,13.969159817989974,6.942760508650753,4.610958984060559e+29
344.5000000000002,13.965924048676232,6.939582142481591,4.572372341196102e+29
345.5000000000002,13.962717320798554,6.936422429467893,4.534219054749124e+29
346.5000000000002,13.959539283337683,6.933281189232561,4.496493024566817e+29
347.5000000000002,13.956389590595977,6.930158243673942,4.459188253625396e+29
348.5000000000002,13.953267902100686,6.927053416931592,4.4222988459964745e+29
349.5000000000002,13.950173882509294,6.923966535352632,4.3858190048592315e+29
350.5000000000002,13.947107201516843,6.920897427458669,4.3497430305572085e+29
351.5000000000002,13.9440675337652,6.917845923913271,4.314065318698616e+29
352.5000000000002,13.941054558754221,6.914811857490003,4.278780358299042e+29
353.5000000000002,13.938067960754779,6.911795063041003,4.243882729965518e+29
354.5000000000002,13.935107428723587,6.90879537746607,4.209367104120892e+29
355.5000000000002,13.932172656219795,6.905812639682312,4.1752282392675146e+29
356.5000000000002,13.929263341323315,6.902846690594259,4.1414609802892464e+29
357.5000000000002,13.926379186554822,6.899897373064514,4.1080602567908546e+29
358.5000000000002,13.923519898797403,6.896964531884876,4.07502108147386e+29
359.5000000000002,13.920685189219823,6.894048013747955,4.042338548547934e+29
360.5000000000002,13.91787477320134,6.891147667219268,4.0100078321769905e+29
361.5000000000002,13.915088370258074,6.888263342709779,3.9780241849590906e+29
362.5000000000002,13.912325703970854,6.885394892448932,3.946382936439364e+29
363.5000000000002,13.909586501914546,6.882542170458089,3.915079491655124e+29
364.5000000000002,13.906870495588798,6.879705032524461,3.884109329712389e+29
365.5000000000002,13.90417742035018,6.876883336175425,3.85346800239307e+29
366.5000000000002,13.901507015345702,6.874076940653291,3.823151132792056e+29
367.5000000000002,13.898859023447649,6.871285706890488,3.793154413983495e+29
368.5000000000002,13.896233191189726,6.8685094974851495,3.7634736077155585e+29
369.5000000000002,13.89362926870448,6.865748176677107,3.734104543133011e+29
370.5000000000002,13.891047009661957,6.863001610324277,3.705043115526912e+29
371.5000000000002,13.888486171209586,6.860269665879441,3.676285285110812e+29
372.5000000000002,13.88594651391324,6.857552212367404,3.6478270758228074e+29
373.5000000000002,13.883427801699469,6.854849120362518,3.61966457415283e+29
374.5000000000002,13.880929801798864,6.8521602619665885,3.591793927994603e+29
375.5000000000002,13.878452284690534,6.84948551078714,3.5642113455216396e+29
376.5000000000002,13.875995024047665,6.8468247419160235,3.536913094086755e+29
377.5000000000002,13.873557796684148,6.844177831908379,3.509895499144518e+29
378.5000000000002,13.871140382502235,6.8415446587619435,3.48315494319611e+29
379.5000000000002,13.86874256444122,6.838925101896699,3.456687864756077e+29
380.5000000000002,13.866364128427106,6.836319042134827,3.43049075734044e+29
381.5000000000002,13.864004863323245,6.833726361681013,3.4045601684757e+29
382.5000000000002,13.861664560881932,6.831146944103061,3.378892698728226e+29
383.5000000000002,13.859343015696922,6.8285806743128195,3.353485000753566e+29
384.5000000000002,13.857040025156856,6.826027438547399,3.328333778365229e+29
385.5000000000002,13.854755389399577,6.823487124350713,3.303435785622467e+29
386.5000000000002,13.85248891126732,6.820959620555319,3.278787825936645e+29
387.5000000000002,13.850240396262748,6.818444817264519,3.2543867511957666e+29
388.5000000000002,13.848009652505818,6.815942605834774,3.2302294609067264e+29
389.5000000000002,13.845796490691464,6.813452878858387,3.2063129013549114e+29
390.5000000000002,13.843600724048082,6.810975530146466,3.182634064780731e+29
391.5000000000002,13.841422168296786,6.808510454712154,3.159189988572713e+29
392.5000000000002,13.839260641611432,6.806057548754131,3.1359777544767764e+29
393.5000000000002,13.83711596457939,6.803616709640362,3.1129944878213273e+29
394.5000000000002,13.83498796016304,6.801187835892122,3.090237356757813e+29
395.5000000000002,13.832876453661997,6.798770827168262,3.0677035715163975e+29
396.5000000000002,13.83078127267602,6.796365584249726,3.045390383676408e+29
397.5000000000002,13.828702247068618,6.793972009024296,3.0232950854512345e+29
398.5000000000002,13.826639208931319,6.79159000447161,3.001415008987355e+29
399.5000000000002,13.824591992548608,6.789219474648375,2.979747525677171e+29
400.5000000000002,13.8225604343635,6.786860324673848,2.958290045485351e+29
401.5000000000002,13.820544372943731,6.784512460715508,2.937040016288385e+29
402.5000000000002,13.818543648948596,6.782175789974982,2.915994923227053e+29
403.5000000000002,13.816558105096362,6.779850220674172,2.8951522880715274e+29
404.5000000000002,13.814587586132287,6.777535662041604,2.8745096685988337e+29
405.5000000000002,13.812631938797214,6.775232024298978,2.8540646579823963e+29
406.5000000000002,13.810691011796731,6.772939218647945,2.8338148841934057e+29
407.5000000000002,13.808764655770892,6.7706571572570695,2.813758009413751e+29
408.5000000000002,13.806852723264479,6.768385753249005,2.7938917294602683e+29
409.5000000000002,13.80495506869779,6.766124920687856,2.7742137732200567e+29
410.5000000000002,13.803071548337963,6.7638745745667475,2.754721902096621e+29
411.5000000000002,13.801202020270798,6.761634630795571,2.7354139094666162e+29
412.5000000000002,13.799346344373093,6.759405006188926,2.7162876201469568e+29
413.5000000000002,13.797504382285458,6.757185618454248,2.697340889872071e+29
414.5000000000002,13.795675997385617,6.754976386180097,2.678571604781088e+29
415.5000000000002,13.79386105476218,6.752777228824666,2.659977680914737e+29
416.5000000000002,13.79205942118888,6.750588066704408,2.6415570637217598e+29
417.5000000000002,13.790270965099257,6.748408820982888,2.6233077275746297e+29
418.5000000000002,13.78849555656179,6.746239413659769,2.6052276752943818e+29
419.5000000000002,13.786733067255458,6.744079767559976,2.5873149376843592e+29
420.5000000000002,13.784983370445735,6.741929806323027,2.5695675730726906e+29
421.5000000000002,13.783246340960995,6.739789454392518,2.551983666863315e+29
422.5000000000002,13.781521855169329,6.737658637005762,2.5345613310953685e+29
423.5000000000002,13.779809790955767,6.735537280183598,2.517298704010769e+29
424.5000000000002,13.778110027699885,6.733425310720335,2.5001939496298155e+29
425.5000000000002,13.776422446253806,6.731322656173861,2.483245257334641e+29
426.5000000000002,13.774746928920571,6.729229244855887,2.4664508414603595e+29
427.5000000000002,13.773083359432889,6.727145005822344,2.449808940893738e+29
428.5000000000002,13.77143162293224,6.725069868863917,2.433317818679243e+29
429.5000000000002,13.769791605948347,6.723003764496729,2.4169757616323137e+29
430.5000000000002,13.768163196378984,6.720946623953145,2.4007810799597013e+29
431.5000000000002,13.766546283470136,6.71889837917273,2.384732106886742e+29
432.5000000000002,13.76494075779649,6.716858962793326,2.3688271982914107e+29
433.5000000000002,13.763346511242254,6.714828308142279,2.353064732345025e+29
434.5000000000002,13.76176343698231,6.712806349227762,2.3374431091594587e+29
435.5000000000002,13.760191429463667,6.710793020730263,2.321960750440731e+29
436.5000000000002,13.758630384387239,6.7087882579941684,2.306616099148849e+29
437.5000000000002,13.757080198689916,6.70679199701949,2.2914076191637705e+29
438.5000000000002,13.755540770526947,6.704804174453685,2.2763337949573614e+29
439.5000000000002,13.754011999254606,6.702824727583636,2.2613931312712354e+29
440.5000000000002,13.75249378541315,6.700853594327706,2.24658415280035e+29
441.5000000000002,13.750986030710058,6.6988907132279305,2.231905403882243e+29
442.5000000000002,13.749488638003545,6.696936023442321,2.2173554481918036e+29
443.5000000000002,13.748001511286354,6.694989464737267,2.2029328684414588e+29
444.5000000000002,13.74652455566981,6.693050977480073,2.1886362660866723e+29
445.5000000000002,13.74505767736813,6.69112050263157,2.1744642610366498e+29
446.5000000000002,13.743600783683009,6.689197981738859,2.1604154913701423e+29
447.5000000000002,13.74215378298843,6.687283356928143,2.1464886130562557e+29
448.5000000000002,13.740716584715745,6.685376570897672,2.132682299680155e+29
449.5000000000002,13.73928909933899,6.683477566910776,2.1189952421735824e+29
450.5000000000002,13.73787123836043,6.681586288789013,2.105426148550076e+29
451.5000000000002,13.736462914296355,6.679702680905402,2.0919737436448145e+29
452.5000000000002,13.73506404066309,6.677826688177756,2.078636768858985e+29
453.5000000000002,13.733674531963239,6.6759582560621045,2.065413981908588e+29
454.5000000000002,13.732294303672141,6.674097330546221,2.0523041565776015e+29
455.5000000000002,13.73092327222456,6.672243858143231,2.0393060824754018e+29
456.5000000000002,13.729561355001564,6.670397785885312,2.0264185647983793e+29
457.5000000000002,13.72820847031764,6.668559061317483,2.013640424095649e+29
458.5000000000002,13.726864537407984,6.666727632491483,2.0009704960387913e+29
459.5000000000002,13.725529476416026,6.664903447959732,1.988407631195533e+29
460.5000000000002,13.724203208381125,6.663086456769374,1.9759506948073042e+29
461.5000000000002,13.722885655226472,6.661276608456415,1.9635985665705855e+29
462.5000000000002,13.72157673974718,6.659473853039923,1.9513501404219816e+29
463.5000000000002,13.720276385598565,6.657678141016328,1.9392043243269452e+29
464.5000000000002,13.718984517284609,6.655889423353791,1.9271600400720835e+29
465.5000000000002,13.717701060146597,6.654107651486646,1.915216223060975e+29
466.5000000000002,13.716425940351945,6.6523327773099314,1.9033718221134398e+29
467.5000000000002,13.71515908488319,6.65056475317399,1.891625799268182e+29
468.5000000000002,13.71390042152716,6.648803531879137,1.8799771295887598e+29
469.5000000000002,13.712649878864307,6.647049066670419,1.8684248009728e+29
470.5000000000002,13.711407386258204,6.645301311232426,1.8569678139644122e+29
471.5000000000002,13.710172873845211,6.643560219684177,1.845605181569735e+29
472.5000000000002,13.708946272524294,6.641825746574094,1.8343359290755554e+29
473.5000000000002,13.707727513947,6.640097846875015,1.823159093870944e+29
474.5000000000002,13.7065165305076,6.638376475979305,1.8120737252718535e+29
475.5000000000002,13.705313255333353,6.636661589694009,1.801078884348619e+29
476.5000000000002,13.704117622274957,6.634953144236082,1.7901736437563114e+29
477.5000000000002,13.702929565897113,6.633251096227687,1.779357087567887e+29
478.5000000000002,13.701749021469253,6.631555402691546,1.7686283111100848e+29
479.5000000000002,13.700575924956393,6.629866021046361,1.7579864208020183e+29
480.5000000000002,13.699410213010147,6.628182909102296,1.747430533996413e+29
481.5000000000002,13.698251822959847,6.626506025056514,1.736959778823438e+29
482.5000000000002,13.697100692803826,6.624835327488778,1.7265732940370924e+29
483.5000000000002,13.69595676120081,6.623170775357124,1.7162702288640882e+29
484.5000000000002,13.694819967461452,6.621512327993555,1.706049742855192e+29
485.5000000000002,13.69369025153999,6.61985994509984,1.695911005738977e+29
486.5000000000002,13.692567554026029,6.618213586743321,1.6858531972779465e+29
487.5000000000002,13.69145181613644,6.616573213352824,1.675875507126974e+29
488.5000000000002,13.69034297970739,6.614938785714578,1.6659771346940342e+29
489.5000000000002,13.689240987186489,6.613310264968224,1.6561572890031675e+29
490.5000000000002,13.688145781625039,6.61168761260285,1.6464151885596494e+29
491.5000000000002,13.68705730667042,6.610070790453106,1.6367500612173186e+29
492.5000000000002,13.685975506558568,6.608459760695334,1.6271611440480273e+29
493.5000000000002,13.684900326106579,6.60685448584379,1.6176476832131732e+29
494.5000000000002,13.68383171070541,6.605254928746881,1.6082089338372805e+29
495.5000000000002,13.6827696063127,6.603661052583465,1.5988441598835885e+29
496.5000000000002,13.681713959445679,6.602072820859208,1.5895526340316125e+29
497.5000000000002,13.680664717174194,6.600490197402971,1.5803336375566462e+29
498.5000000000002,13.679621827113836,6.598913146363255,1.5711864602111656e+29
499.5000000000002,13.67858523741916,6.597341632204692,1.5621104001081018e+29
500.5000000000002,13.677554896777005,6.595775619704575,1.5531047636059554e+29
501.5000000000002,13.67653075439992,6.594215073949444,1.544168865195709e+29
502.5000000000002,13.675512760019668,6.592659960331696,1.5353020273895157e+29
503.5000000000002,13.674500863880839,6.591110244546263,1.526503580611131e+29
504.5000000000002,13.67349501673455,6.58956589258732,1.517772863088048e+29
505.5000000000002,13.672495169832233,6.588026870745029,1.5091092207453216e+29
506.5000000000002,13.671501274919512,6.586493145602347,1.5005120071010376e+29
507.5000000000002,13.670513284230172,6.5849646840318385,1.4919805831634072e+29
508.5000000000002,13.669531150480207,6.583441453192572,1.483514317329454e+29
518.5000000000002,13.66002187529345,6.568489808714737,1.4023014898777823e+29
528.5000000000002,13.651049646632016,6.554027125623854,1.3269609204171858e+29
538.5000000000002,13.642574291603285,6.540024841404113,1.2569686398480763e+29
548.5000000000002,13.634559352704834,6.526456666928002,1.191855979175106e+29
558.5000000000002,13.626971680888811,6.513298364130167,1.1312028628236342e+29
568.5000000000002,13.619781079873162,6.500527549031867,1.074632017213328e+29
578.5000000000002,13.612959994437436,6.488123516851017,1.0218039562541087e+29
588.5000000000002,13.606483236580168,6.476067086397592,9.724126282998749e+28
598.5000000000002,13.600327744358747,6.464340461347,9.261816278709544e+28
608.5000000000002,13.594472369017545,6.452927106316842,8.828608909245353e+28
618.5000000000002,13.588897686664847,6.441811635955238,8.42223805239304e+28
628.5000000000002,13.583585831307172,6.430979715489503,8.040646780856484e+28
638.5000000000002,13.578520346509668,6.42041797138933,7.681965121762803e+28
648.5000000000002,13.57368605333879,6.410113910974374,7.344490482557824e+28
658.5000000000002,13.56906893257074,6.400055849946632,7.02667038851175e+28
668.5000000000002,13.564656019426383,6.390232846957446,6.72708722879475e+28
678.5000000000002,13.56043530932879,6.380634644430367,6.444444751633887e+28
688.5000000000002,13.556395673380083,6.371251614957169,6.1775560858215855e+28
698.5000000000002,13.552526782425469,6.3620747126675,5.925333096951999e+28
708.5000000000002,13.548819038718866,6.353095429044586,5.686776913151176e+28
718.5000000000002,13.545263514330268,6.34430575272199,5.460969477509771e+28
728.5000000000002,13.541851895543097,6.335698132850688,5.247066003559038e+28
738.5000000000002,13.53857643258306,6.327265445673261,5.044288226478008e+28
748.5000000000002,13.53542989410046,6.319000963983223,4.851918356718881e+28
758.5000000000002,13.532405525897696,6.310898329183791,4.669293654752162e+28
768.5000000000002,13.5294970134541,6.302951525692032,4.495801555966192e+28
778.5000000000002,13.526698447852892,6.29515485746227,4.330875283661034e+28
788.5000000000002,13.52400429476077,6.2875029264269315,4.173989895767037e+28
798.5000000000002,13.521409366150637,6.2799906126747285,4.024658717572343e+28
808.5000000000002,13.518908794492923,6.272613056204994,3.8824301185119337e+28
818.5000000000002,13.516498009171515,6.265365640113794,3.746884596080568e+28
828.5000000000002,13.514172714907227,6.258243975082323,3.6176321342907826e+28
838.5000000000002,13.51192887199527,6.251243885051263,3.494309807896315e+28
848.5000000000002,13.509762678184023,6.24436139397644,3.3765796069182893e+28
858.5000000000002,13.50767055204071,6.237592713571571,3.2641264589124463e+28
868.5000000000002,13.505649117665754,6.2309342319530785,3.156656428956864e+28
878.5000000000002,13.503695190631937,6.2243825031102435,3.0538950795691594e+28
888.5000000000002,13.501805765037146,6.217934237131287,2.9555859747213935e+28
898.5000000000002,13.499978001570764,6.211586291122622,2.8614893138451613e+28
908.5000000000002,13.498209216503772,6.2053356607642876,2.7713806832390963e+28
918.5000000000002,13.496496871521494,6.199179472449991,2.685049913632427e+28
928.5000000000002,13.494838564325887,6.193114975964775,2.6023000338439426e+28
938.5000000000002,13.49323201994134,6.187139537657746,2.5229463115252173e+28
948.5000000000002,13.491675082664255,6.181250634070938,2.4468153729071564e+28
958.5000000000002,13.490165708602358,6.1754458459889765,2.3737443942945237e+28
968.5000000000002,13.488701958754742,6.169722852877266,2.303580358786735e+28
978.5000000000002,13.487281992588187,6.164079427679178,2.2361793723560237e+28
988.5000000000002,13.485904062069391,6.158513431945355,2.1714060339956454e+28
998.5000000000002,13.484566506116392,6.1530228112704055,2.1091328551695226e+28
1008.5000000000002,13.483261937488509,6.147602798334551,2.0720940374665427e+28
1018.5000000000002,13.481980070470984,6.142247279855045,2.040030828948805e+28
1028.5000000000002,13.480719911305904,6.136954653242945,2.0087698130364253e+28
1038.5000000000002,13.479480882870623,6.1317235507593875,1.9782834095587933e+28
1048.5000000000002,13.478262428824646,6.126552647665362,1.9485452398673509e+28
1058.5000000000002,13.477064012669583,6.121440660464081,1.9195300636651982e+28
1068.5000000000002,13.47588511686013,6.116386345231376,1.891213719716479e+28
1078.5000000000002,13.474725241962842,6.111388496028928,1.8635730701635784e+28
1088.5000000000002,13.4735839058597,6.106445943395496,1.836585948201567e+28
1098.5000000000002,13.472460642993724,6.101557552911572,1.8102311088788235e+28
1108.5000000000002,13.471355003654018,6.0967222238333285,1.784488182810624e+28
1118.5000000000002,13.470266553297877,6.0919388877918035,1.7593376326087864e+28
1128.5000000000002,13.469194871907693,6.087206507553757,1.7347607118454031e+28
1138.5000000000002,13.468139553380603,6.08252407584064,1.7107394263823637e+28
1148.5000000000002,13.467100204948935,6.077890614202554,1.687256497910918e+28
1158.5000000000002,13.466076446629623,6.073305171944108,1.6642953295570336e+28
1168.5000000000002,13.46506791070094,6.0687668250993845,1.6418399734188685e+28
1178.5000000000002,13.464074241204932,6.0642746754533405,1.6198750999123844e+28
1188.5000000000002,13.463095093474118,6.059827849607196,1.5983859688100639e+28
1198.5000000000002,13.46213013368106,6.055425498085416,1.5773584018658971e+28
1208.5000000000002,13.46117903840951,6.051066794482157,1.5567787569273853e+28
1218.5000000000002,13.46024149424595,6.046750934645084,1.5366339034422663e+28
1228.5000000000002,13.459317197390384,6.042477135894632,1.5169111992741135e+28
1238.5000000000002,13.458405853285313,6.0382446362768984,1.4975984687468754e+28
1248.5000000000002,13.457507176261938,6.0340526938484444,1.4786839818439224e+28
1258.5000000000002,13.456620889202615,6.02990058599141,1.4601564344922164e+28
1268.5000000000002,13.455746723218732,6.025787608757392,1.442004929866907e+28
1278.5000000000002,13.454884417343164,6.021713076238724,1.4242189606559913e+28
1288.5000000000002,13.454033718236538,6.017676319965702,1.4067883922286803e+28
1298.5000000000002,13.453194379906597,6.013676688328598,1.389703446654836e+28
1308.5000000000002,13.452366163439976,6.0097135460231765,1.3729546875262847e+28
1318.5000000000002,13.451548836745747,6.005786273518634,1.3565330055340007e+28
1328.5000000000002,13.450742174310136,6.001894266546856,1.3404296047581352e+28
1338.5000000000002,13.449945956961837,5.998036935611994,1.324635989630596e+28
1348.5000000000002,13.449159971647408,5.994213705519416,1.3091439525324622e+28
1358.5000000000002,13.44838401121622,5.9904240149231125,1.2939455619908789e+28
1368.5000000000002,13.447617874214501,5.986667315890708,1.2790331514423004e+28
1378.5000000000002,13.446861364688022,5.982943073485252,1.2643993085310047e+28
1388.5000000000002,13.446114291993005,5.979250765363055,1.2500368649137113e+28
1398.5000000000002,13.445376470614846,5.975589881386819,1.235938886542935e+28
1408.5000000000002,13.444647719994284,5.971959923253385,1.2220986644033576e+28
1418.5000000000002,13.44392786436066,5.968360404135408,1.2085097056770614e+28
1428.5000000000002,13.44321673257192,5.964790848336422,1.1951657253149103e+28
1438.5000000000002,13.44251415796105,5.961250790958605,1.1820606379927225e+28
1448.5000000000002,13.44181997818865,5.9577397775827805,1.1691885504321336e+28
1458.5000000000002,13.441134035101339,5.9542573639600445,1.1565437540672388e+28
1468.5000000000002,13.44045617459574,5.950803115714585,1.1441207180391941e+28
1478.5000000000002,13.439786246487785,5.947376608057153,1.131914082502002e+28
1488.5000000000002,13.439124104387094,5.9439774255088,1.1199186522236574e+28
1498.5000000000002,13.438469605576202,5.940605161634366,1.108129390467747e+28
1508.5000000000002,13.437822610894404,5.937259418785386,1.0965414131414349e+28
1518.5000000000002,13.437182984626034,5.9339398078519725,1.0851499831965595e+28
1528.5000000000002,13.43655059439296,5.930645948023326,1.0739505052713154e+28
1538.5000000000002,13.435925311051118,5.927377466556498,1.0629385205606881e+28
1548.5000000000002,13.435307008590911,5.92413399855311,1.0521097019044632e+28
1558.5000000000002,13.434695564041293,5.9209151867436365,1.0414598490822473e+28
1568.5000000000002,13.434090857377399,5.917720681279032,1.0309848843055167e+28
1578.5000000000002,13.433492771431538,5.914550139529327,1.0206808478972468e+28
1588.5000000000002,13.432901191807442,5.9114032258889715,1.0105438941501873e+28
1598.5000000000002,13.432316006797603,5.908279611588645,1.0005702873553296e+28
1608.5000000000002,13.431737107303576,5.905178974513243,9.90756397992556e+27
1618.5000000000002,13.431164386759141,5.902100999025869,9.810986990758919e+27
1628.5000000000002,13.430597741056172,5.899045375797529,9.71593762646176e+27
1638.5000000000002,13.430037068473132,5.896011801642349,9.622382564043389e+27
1648.5000000000002,13.429482269606067,5.892999979358089,9.530289404788392e+27
1658.5000000000002,13.428933247302012,5.890009617571762,9.439626643211314e+27
1668.5000000000002,13.428389906594687,5.8870404305901545,9.350363637233652e+27
1678.5000000000002,13.427852154642412,5.884092138255063,9.262470579527968e+27
1688.5000000000002,13.427319900668158,5.881164465803078,9.175918469976917e+27
1698.5000000000002,13.42679305590161,5.878257143729746,9.090679089197415e+27
1708.5000000000002,13.426271533523215,5.875369907657932,9.006724973082866e+27
1718.5000000000002,13.425755248610088,5.872502498210267,8.924029388318518e+27
1728.5000000000002,13.425244118083741,5.869654660885466,8.842566308827436e+27
1738.5000000000002,13.424738060659536,5.866826145938452,8.762310393106504e+27
1748.5000000000002,13.424236996797813,5.864016708264083,8.683236962413993e+27
1758.5000000000002,13.423740848656621,5.8612261072844,8.605321979772007e+27
1768.5000000000002,13.423249540045992,5.858454106839231,8.528542029748949e+27
1778.5000000000002,13.4227629963837,5.855700475080077,8.45287429898883e+27
1788.5000000000002,13.422281144652443,5.852964984367118,8.378296557455791e+27
1798.5000000000002,13.421803913358403,5.85024741116926,8.304787140363752e+27
1808.5000000000002,13.421331232491132,5.847547535967099,8.232324930762536e+27
1818.5000000000002,13.420863033484704,5.844865143158717,8.160889342753111e+27
1828.5000000000002,13.420399249180091,5.842200020968214,8.090460305305936e+27
1838.5000000000002,13.419939813788735,5.839551961356838,8.021018246657577e+27
1848.5000000000002,13.419484662857238,5.8369207599366995,7.952544079261913e+27
1858.5000000000002,13.419033733233164,5.834306215886915,7.885019185273344e+27
1868.5000000000002,13.418586963031881,5.83170813187213,7.818425402540467e+27
1878.5000000000002,13.418144291604442,5.82912631396335,7.75274501108962e+27
1888.5000000000002,13.417705659506424,5.826560571560961,7.687960720078714e+27
1898.5000000000002,13.417271008467736,5.824010717319924,7.624055655202544e+27
1908.5000000000002,13.416840281363323,5.8214765670770205,7.561013346531711e+27
1918.5000000000002,13.416413422184755,5.818957939780114,7.498817716768044e+27
1928.5000000000002,13.415990376012678,5.816454657419339,7.437453069900164e+27
1938.5000000000002,13.415571088990061,5.813966544960191,7.376904080243572e+27
1948.5000000000002,13.41515550829626,5.811493430278393,7.317155781850324e+27
1958.5000000000002,13.414743582121826,5.809035144096558,7.258193558274014e+27
1968.5000000000002,13.414335259644066,5.806591519922527,7.200003132676385e+27
1978.5000000000002,13.413930491003303,5.804162393989362,7.142570558262529e+27
1988.5000000000002,13.413529227279838,5.801747605196942,7.085882209032123e+27
1998.5000000000002,13.413131420471567,5.799346995055071,7.029924770834789e+27
2008.5000000000002,13.41273702347224,5.7969604076281325,6.974685232718057e+27
2018.5000000000002,13.412345990050348,5.794587689481146,6.920150878557002e+27
2028.5000000000002,13.41195827482861,5.792228689627251,6.866309278955025e+27
2038.5000000000002,13.411573833264033,5.78988325947655,6.813148283405704e+27
2048.5,13.411192621628535,5.787551252786267,6.760656012706091e+27
2058.5,13.41081459699012,5.78523252561218,6.708820851612172e+27
2068.5,13.410439717194564,5.782926936261303,6.65763144172768e+27
2078.5,13.410067940847616,5.780634345245755,6.6070766746177e+27
2088.5,13.409699227297697,5.778354615237815,6.557145685138969e+27
2098.5,13.409333536619057,5.776087611026092,6.507827844979034e+27
2108.5,13.40897082959541,5.773833199472797,6.459112756396761e+27
2118.5,13.408611067704003,5.771591249472078,6.410990246157021e+27
2128.5,13.408254213100125,5.769361631909387,6.363450359652627e+27
2138.5,13.407900228602022,5.7671442196218585,6.316483355206906e+27
2148.5,13.40754907767623,5.764938887359646,6.270079698550539e+27
2158.5,13.407200724423285,5.762745511748215,6.224230057466552e+27
2168.5,13.40685513356383,5.76056397125155,6.178925296597594e+27
2178.5,13.406512270425077,5.758394146136245,6.134156472409858e+27
2188.5,13.406172100927623,5.756235918436479,6.08991482830823e+27
2198.5,13.405834591572628,5.754089171919807,6.046191789897453e+27
2208.5,13.405499709429309,5.751953792053783,6.00297896038431e+27
2218.5,13.405167422122767,5.749829665973374,5.960268116116006e+27
2228.5,13.404837697822137,5.747716682449144,5.918051202250122e+27
2238.5,13.404510505229021,5.7456147318561825,5.876320328551694e+27
2248.5,13.404185813566245,5.743523706143772,5.835067765313145e+27
2258.5,13.403863592566879,5.7414434988057526,5.794285939392925e+27
2268.5,13.403543812463544,5.739374004851584,5.753967430368939e+27
2278.5,13.403226443978006,5.737315120778068,5.714104966802899e+27
2288.5,13.402911458311,5.735266744541731,5.674691422611986e+27
2298.5,13.402598827132332,5.733228775531831,5.635719813544228e+27
2308.5,13.402288522571226,5.7312011145439845,5.597183293754247e+27
2318.5,13.401980517206901,5.729183663754407,5.559075152476061e+27
2328.5,13.401674784059393,5.727176326694702,5.521388810789798e+27
2338.5,13.401371296580589,5.725179008227249,5.484117818479287e+27
2348.5,13.401070028645496,5.7231916145211414,5.447255850977579e+27
2358.5,13.400770954543711,5.7212140530286355,5.410796706397608e+27
2368.5,13.40047404897111,5.719246232462151,5.374734302645216e+27
2378.5,13.400179287021725,5.7172880627717735,5.339062674611987e+27
2388.5,13.399886644179825,5.715339455123246,5.303775971445309e+27
2398.5,13.39959609631219,5.7134003218764455,5.268868453893236e+27
2408.5,13.39930761966056,5.711470576564339,5.234334491721829e+27
2418.5,13.399021190834274,5.7095501338723835,5.200168561202667e+27
2428.5,13.398736786803076,5.707638909618387,5.166365242668355e+27
2438.5,13.398454384890094,5.705736820732794,5.132919218133938e+27
2448.5,13.398173962764986,5.703843785239396,5.099825268982142e+27
2458.5,13.39789549843724,5.701959722236465,5.067078273710521e+27
2468.5,13.39761897024964,5.700084551878267,5.034673205738572e+27
2478.5,13.397344356871875,5.698218195356999,5.002605131273017e+27
2488.5,13.3970716372943,5.69636057488508,4.97086920722946e+27
2498.5,13.396800790821839,5.694511613677832,4.939460679208722e+27
2508.5,13.39653179706803,5.69267123593651,4.9083748795261996e+27
2518.5,13.39626463594921,5.6908393668317085,4.8776072252926624e+27
2528.5,13.395999287678817,5.689015932487088,4.847153216544927e+27
2538.5,13.39573573276184,5.687200859963454,4.817008434424945e+27
2548.5,13.395473951989386,5.685394077243165,4.787168539405849e+27
2558.5,13.395213926433362,5.683595513214849,4.757629269563578e+27
2568.5,13.394955637441292,5.681805097658453,4.728386438892729e+27
2578.5,13.394699066631237,5.680022761230569,4.6994359356653434e+27
2588.5,13.394444195886832,5.678248435450091,4.6707737208313686e+27
2598.5,13.394191007352436,5.676482052684134,4.642395826459583e+27
2608.5,13.393939483428383,5.674723546134256,4.6142983542178043e+27
2618.5,13.393689606766342,5.672972849822944,4.5864774738912564e+27
2628.5,13.393441360264779,5.67122989858038,4.5589294219379775e+27
2638.5,13.39319472706451,5.6694946280314635,4.531650500080229e+27
2648.5,13.392949690544361,5.667766974583089,4.5046370739308505e+27
2658.5,13.392706234316922,5.666046875411696,4.477885571653596e+27
2668.5,13.392464342224379,5.6643342684510305,4.451392482656453e+27
2678.5,13.392223998334451,5.662629092380177,4.425154356317041e+27
2688.5,13.391985186936406,5.660931286611808,4.399167800739171e+27
2698.5,13.391747892537165,5.659240791280665,4.373429481539687e+27
2708.5,13.391512099857486,5.657557547232265,4.347936120664766e+27
2718.5,13.39127779382823,5.655881496011826,4.3226844952348234e+27
2728.5,13.391044959586708,5.6542125798534055,4.2976714364172605e+27
2738.5,13.390813582473099,5.652550741669247,4.2728938283262617e+27
2748.5,13.390583648026952,5.650895925039317,4.2483486069489116e+27
2758.5,13.390355141983752,5.649248074201078,4.224032759096897e+27
2768.5,13.390128050271562,5.647607134039406,4.1999433213831047e+27
2778.5,13.389902359007731,5.645973050076739,4.176077379222429e+27
2788.5,13.389678054495679,5.644345768463395,4.152432065856136e+27
2798.5,13.389455123221737,5.642725235968063,4.1290045613991425e+27
2808.5,13.389233551852055,5.641111399968496,4.105792091909603e+27
2818.5,13.389013327229579,5.639504208442349,4.0827919284801823e+27
2828.5,13.38879443637108,5.637903609958208,4.0600013863504657e+27
2838.5,13.388576866464254,5.6363095536667736,4.0374178240399097e+27
2848.5,13.388360604864866,5.6347219892922205,4.0150386425008135e+27
2858.5,13.38814563909397,5.633140867123698,3.9928612842907605e+27
2868.5,13.387931956835171,5.631566138006994,3.9708832327640386e+27
2878.5,13.38771954593194,5.629997753336356,3.9491020112815083e+27
2888.5,13.387508394384998,5.6284356650464575,3.9275151824384704e+27
2898.5,13.387298490349734,5.6268798256045045,3.906120347310037e+27
2908.5,13.387089822133687,5.625330188002486,3.88491514471356e+27
2918.5,13.38688237819407,5.623786705749579,3.8638972504876757e+27
2928.5,13.386676147135347,5.622249332864664,3.84306437678753e+27
2938.5,13.386471117706854,5.62071802386899,3.822414271395777e+27
2948.5,13.386267278800469,5.619192733778975,3.8019447170489315e+27
2958.5,13.386064619448328,5.617673418099118,3.7816535307786963e+27
2968.5,13.385863128820581,5.616160032815049,3.7615385632678773e+27
2978.5,13.385662796223196,5.6146525343867,3.741597698220507e+27
2988.5,13.3854636110958,5.613150879741578,3.721828851745837e+27
2998.5,13.38526556300957,5.6116550262681955,3.70222997175582e+27
3008.5,13.385068641665155,5.610164931809572,3.6827990373757737e+27
3018.5,13.384872836890644,5.608680554656871,3.6635340583678696e+27
3028.5,13.384678138639565,5.607201853543149,3.6444330745671417e+27
3038.5,13.384484536988934,5.605728787637201,3.6254941553296946e+27
3048.5,13.38429202213733,5.60426131653752,3.6067153989928154e+27
3058.5,13.384100584403011,5.6027994002663615,3.588094932346685e+27
3068.5,13.383910214222064,5.601342999263898,3.569630910117415e+27
3078.5,13.383720902146587,5.599892074382491,3.5513215144611176e+27
3088.5,13.383532638842913,5.598446586881035,3.533164954468749e+27
3098.5,13.38334541508986,5.597006498419434,3.515159465681459e+27
3108.5,13.383159221777012,5.59557177105313,3.497303309616188e+27
3118.5,13.382974049903037,5.594142367227748,3.4795947733012696e+27
3128.5,13.382789890574033,5.592718249773835,3.4620321688217847e+27
3138.5,13.382606735001907,5.591299381901665,3.4446138328744526e+27
3148.5,13.38242457450278,5.589885727196153,3.4273381263318e+27
3158.5,13.382243400495419,5.58847724961184,3.410203433815416e+27
3168.5,13.382063204499707,5.587073913467959,3.393208163278052e+27
3178.5,13.38188397813513,5.585675683443596,3.376350745594373e+27
3188.5,13.381705713119302,5.584282524572922,3.3596296341601416e+27
3198.5,13.381528401266502,5.582894402240491,3.3430433044996443e+27
3208.5,13.381352034486252,5.581511282176651,3.32659025388116e+27
3218.5,13.38117660478191,5.580133130452983,3.3102690009402843e+27
3228.5,13.381002104249294,5.578759913477846,3.2940780853109275e+27
3238.5,13.380828525075332,5.577391597991988,3.278016067263795e+27
3248.5,13.380655859536727,5.576028151064225,3.262081527352197e+27
3258.5,13.38048409999865,5.574669540087181,3.246273066064993e+27
3268.5,13.380313238913464,5.573315732773114,3.2305893034865255e+27
3278.5,13.380143268819458,5.571966697149795,3.215028878963369e+27
3288.5,13.379974182339607,5.570622401556459,3.199590450777743e+27
3298.5,13.37980597218036,5.5692828146398154,3.1842726958274353e+27
3308.5,13.379638631130442,5.567947905350131,3.169074309312084e+27
3318.5,13.379472152059675,5.5666176429373575,3.153994004425679e+27
3328.5,13.37930652791783,5.565291996947339,3.1390305120551304e+27
3338.5,13.379141751733487,5.563970937218073,3.1241825804847824e+27
3348.5,13.378977816612919,5.56265443387602,3.109448975106722e+27
3358.5,13.378814715739,5.561342457332481,3.0948284781367607e+27
3368.5,13.378652442370127,5.560034978280035,3.080319888335961e+27
3378.5,13.378490989839154,5.558731967689013,3.065922020737582e+27
3388.5,13.378330351552357,5.557433396804052,3.0516337063793224e+27
3398.5,13.378170520988407,5.556139237140679,3.0374537920407446e+27
3408.5,13.378011491697364,5.554849460481959,3.0233811399857615e+27
3418.5,13.37785325729969,5.553564038875204,3.0094146277100794e+27
3428.5,13.377695811485275,5.552282944628702,2.995553147693483e+27
3438.5,13.377539148012472,5.551006150308531,2.9817956071568563e+27
3448.5,13.377383260707171,5.549733628735396,2.968140927823836e+27
3458.5,13.377228143461862,5.548465352981527,2.954588045686997e+27
3468.5,13.377073790234729,5.547201296367618,2.9411359107784725e+27
3478.5,13.376920195048754,5.545941432459817,2.9277834869449025e+27
3488.5,13.376767351990841,5.544685735066755,2.914529751626634e+27
3498.5,13.376615255210945,5.5434341782366205,2.9013736956410616e+27
3508.5,13.376463898921223,5.542186736254287,2.8883143229700354e+27
3518.5,13.376313277395194,5.540943383638468,2.875350650551236e+27
3528.5,13.376163384966922,5.53970409513893,2.862481708073443e+27
3538.5,13.376014216030198,5.538468845733728,2.8497065377756026e+27
3548.5,13.37586576503774,5.537237610626507,2.8370241942496176e+27
3558.5,13.375718026500422,5.536010365243813,2.824433744246791e+27
3568.5,13.375570994986488,5.534787085232471,2.811934266487821e+27
3578.5,13.375424665120798,5.533567746456987,2.7995248514763014e+27
3588.5,13.375279031584082,5.532352324996987,2.78720460131563e+27
3598.5,13.375134089112201,5.531140797144695,2.774972629529265e+27
3608.5,13.374989832495427,5.529933139402461,2.762828060884258e+27
3618.5,13.374846256577726,5.528729328480297,2.750770031217993e+27
3628.5,13.374703356256065,5.527529341293478,2.738797687268063e+27
3638.5,13.37456112647971,5.526333154960155,2.726910186505225e+27
3648.5,13.374419562249559,5.525140746799014,2.7151066969693597e+27
3658.5,13.374278658617463,5.523952094326969,2.703386397108387e+27
3668.5,13.374138410685578,5.522767175256876,2.6917484756200615e+27
3678.5,13.373998813605711,5.521585967495298,2.6801921312965993e+27
3688.5,13.373859862578684,5.520408449140289,2.6687165728720756e+27
3698.5,13.373721552853704,5.519234598479207,2.657321018872533e+27
3708.5,13.373583879727752,5.518064393986567,2.646004697468748e+27
3718.5,13.373446838544965,5.51689781432192,2.6347668463316025e+27
3728.5,13.373310424696042,5.515734838327761,2.6236067124900036e+27
3738.5,13.373174633617658,5.514575445027466,2.6125235521913044e+27
3748.5,13.373039460791876,5.513419613623265,2.6015166307641724e+27
3758.5,13.372904901745576,5.512267323494227,2.590585222483856e+27
3768.5,13.372770952049898,5.511118554194291,2.579728610439804e+27
3778.5,13.372637607319678,5.509973285450311,2.5689460864055876e+27
3788.5,13.372504863212914,5.508831497160141,2.558236950711079e+27
3798.5,13.372372715430213,5.507693169390732,2.547600512116844e+27
3808.5,13.372241159714273,5.506558282376258,2.537036087690705e+27
3818.5,13.372110191849357,5.505426816516286,2.5265430026864275e+27
3828.5,13.371979807660777,5.504298752373938,2.516120590424485e+27
3838.5,13.37185000301439,5.5031740706741115,2.5057681921748794e+27
3848.5,13.3717207738161,5.502052752301701,2.495485157041952e+27
3858.5,13.371592116011364,5.500934778299852,2.485270841851161e+27
3868.5,13.371464025584707,5.499820129868246,2.4751246110377863e+27
3878.5,13.37133649855925,5.498708788361389,2.465045836537517e+27
3888.5,13.371209530996234,5.497600735286943,2.4550338976788915e+27
3898.5,13.371083118994562,5.49649595230407,2.4450881810775518e+27
3908.5,13.370957258690341,5.495394421221798,2.435208080532275e+27
3918.5,13.37083194625643,5.4942961239974135,2.4253929969227528e+27
3928.5,13.370707177902002,5.493201042734871,2.415642338109079e+27
3938.5,13.370582949872102,5.492109159683224,2.4059555188329154e+27
3948.5,13.37045925844722,5.491020457235081,2.3963319606203067e+27
3958.5,13.370336099942866,5.489934917925076,2.3867710916861045e+27
3968.5,13.370213470709158,5.4888525244283635,2.3772723468399805e+27
3978.5,13.3700913671304,5.48777325955913,2.36783516739399e+27
3988.5,13.36996978562468,5.48669710626913,2.3584590010716585e+27
3998.5,13.369848722643475,5.485624047646232,2.3491433019185678e+27
4008.5,13.369728174671252,5.484554066912999,2.3398875302144027e+27
4018.5,13.369608138225079,5.483487147425263,2.3306911523864436e+27
4028.5,13.369488609854244,5.482423272670751,2.3215536409244641e+27
4038.5,13.369369586139875,5.481362426267693,2.312474474297022e+27
4048.5,13.369251063694573,5.480304591963478,2.3034531368691015e+27
4058.5,13.369133039162037,5.479249753633309,2.2944891188210997e+27
4068.5,13.369015509216709,5.4781978952788775,2.2855819160691115e+27
4078.5,13.368898470563412,5.4771490010270725,2.276731030186509e+27
4088.5,13.368781919937003,5.476103055128673,2.267935968326778e+27
4098.5,13.368665854102023,5.475060041957093,2.2591962431475908e+27
4108.5,13.368550269852355,5.474019946007109,2.2505113727360996e+27
4118.5,13.368435164010888,5.472982751893641,2.2418808805354172e+27
4128.5,13.368320533429188,5.471948444350508,2.233304295272274e+27
4138.5,13.36820637498716,5.470917008229229,2.2247811508858173e+27
4148.5,13.368092685592734,5.469888428497828,2.2163109864575477e+27
4158.5,13.367979462181543,5.468862690239665,2.2078933461423572e+27
4168.5,13.367866701716608,5.467839778652248,2.199527779100658e+27
4178.5,13.367754401188026,5.466819679046107,2.191213839431579e+27
4188.5,13.36764255761267,5.465802376843651,2.182951086107209e+27
4198.5,13.367531168033882,5.464787857578043,2.174739082907874e+27
4208.5,13.367420229521173,5.463776106892098,2.1665773983584223e+27
4218.5,13.367309739169938,5.462767110537193,2.1584656056655043e+27
4228.5,13.36719969410116,5.461760854372177,2.1504032826558267e+27
4238.5,13.367090091461124,5.460757324362314,2.1423900117153668e+27
4248.5,13.366980928421139,5.4597565065782225,2.134425379729525e+27
4258.5,13.366872202177255,5.458758387194843,2.126508978024203e+27
4268.5,13.366763909949997,5.4577629524904046,2.11864040230779e+27
4278.5,13.366656048984082,5.456770188845411,2.110819252614039e+27
4288.5,13.366548616548164,5.455780082741635,2.1030451332458214e+27
4298.5,13.366441609934562,5.454792620761137,2.0953176527197398e+27
4308.5,13.366335026459005,5.453807789585275,2.0876364237115867e+27
4318.5,13.366228863460375,5.452825575993744,2.080001063002636e+27
4328.5,13.36612311830045,5.4518459668636226,2.0724111914267474e+27
4338.5,13.36601778836366,5.45086894916842,2.0648664338182727e+27
4348.5,13.365912871056835,5.4498945099771605,2.057366418960753e+27
4358.5,13.365808363808968,5.448922636453441,2.0499107795363877e+27
4368.5,13.365704264070967,5.447953315854539,2.0424991520762626e+27
4378.5,13.365600569315426,5.446986535530504,2.03513117691133e+27
4388.5,13.365497277036384,5.44602228292327,2.0278064981241184e+27
4398.5,13.365394384749104,5.445060545565781,2.020524763501168e+27
4408.5,13.365291889989836,5.444101311081118,2.0132856244861735e+27
4418.5,13.365189790315593,5.443144567181645,2.006088736133825e+27
4428.5,13.365088083303936,5.442190301668164,1.9989337570643357e+27
4438.5,13.36498676655275,5.441238502429068,1.9918203494186392e+27
4448.5,13.364885837680026,5.4402891574395245,1.984748178814255e+27
4458.5,13.364785294323653,5.439342254760654,1.9777169143018003e+27
4468.5,13.364685134141205,5.4383977825387175,1.9707262283221429e+27
4478.5,13.364585354809728,5.4374557290043235,1.9637757966641858e+27
4488.5,13.364485954025545,5.4365160824716305,1.956865298423266e+27
4498.5,13.364386929504045,5.435578831337578,1.9499944159601648e+27
4508.5,13.364288278979487,5.434643964081107,1.9431628348607158e+27
4518.5,13.364190000204799,5.433711469262396,1.9363702438959977e+27
4528.5,13.364092090951386,5.432781335522115,1.92961633498311e+27
4538.5,13.36399454900894,5.431853551580669,1.9229008031465121e+27
4548.5,13.363897372185239,5.430928106237477,1.9162233464799254e+27
4558.5,13.363800558305973,5.430004988370229,1.9095836661087827e+27
4568.5,13.36370410521455,5.429084186934169,1.9029814661532183e+27
4578.5,13.363608010771914,5.4281656909614,1.8964164536915916e+27
4588.5,13.363512272856369,5.42724948956015,1.8898883387245298e+27
4598.5,13.363416889363391,5.426335571914107,1.8833968341394898e+27
4608.5,13.363321858205463,5.42542392728171,1.8769416556758205e+27
4618.5,13.363227177311892,5.42451454499548,1.8705225218903272e+27
4628.5,13.363132844628641,5.423607414461343,1.8641391541233223e+27
4638.5,13.363038858118161,5.422702525157968,1.8577912764651577e+27
4648.5,13.362945215759218,5.4217998666361105,1.851478615723233e+27
4658.5,13.362851915546733,5.4208994285179575,1.8452009013894663e+27
4668.5,13.36275895549161,5.420001200496487,1.8389578656082247e+27
4678.5,13.362666333620588,5.41910517233484,1.832749243144706e+27
4688.5,13.362574047976066,5.418211333865676,1.8265747713537633e+27
4698.5,13.362482096615956,5.417319674990573,1.8204341901491661e+27
4708.5,13.362390477613525,5.41643018567939,1.814327241973291e+27
4718.5,13.362299189057238,5.415542855969677,1.8082536717672335e+27
4728.5,13.362208229050605,5.4146576759660645,1.802213226941338e+27
4738.5,13.36211759571204,5.413774635839675,1.796205657346134e+27
4748.5,13.362027287174701,5.412893725827532,1.7902307152436778e+27
4758.5,13.361937301586353,5.412014936231969,1.7842881552792868e+27
4768.5,13.361847637109216,5.411138257420079,1.7783777344536669e+27
4778.5,13.361758291919825,5.410263679823118,1.772499212095421e+27
4788.5,13.361669264208889,5.409391193935962,1.7666523498339376e+27
4798.5,13.36158055218115,5.408520790316536,1.7608369115726483e+27
4808.5,13.361492154055249,5.407652459585281,1.7550526634626522e+27
4818.5,13.361404068063582,5.406786192424592,1.7492993738767018e+27
4828.5,13.361316292452171,5.4059219795782845,1.7435768133835394e+27
4838.5,13.361228825480532,5.4050598118510695,1.7378847547225878e+27
4848.5,13.361141665421538,5.404199680108016,1.732222972778978e+27
4858.5,13.361054810561294,5.4033415752740375,1.7265912445589212e+27
4868.5,13.360968259199003,5.402485488333369,1.720989349165407e+27
4878.5,13.360882009646849,5.40163141032906,1.7154170677742368e+27
4888.5,13.360796060229857,5.4007793323624735,1.7098741836103715e+27
4898.5,13.360710409285781,5.399929245592778,1.7043604819246038e+27
4908.5,13.360625055164977,5.399081141236458,1.698875749970537e+27
4918.5,13.360539996230283,5.398235010566828,1.6934197769818771e+27
4928.5,13.360455230856898,5.3973908449135415,1.6879923541500252e+27
4938.5,13.360370757432262,5.396548635662117,1.6825932746019665e+27
4948.5,13.360286574355944,5.395708374253463,1.6772223333784572e+27
4958.5,13.360202680039523,5.3948700521834105,1.6718793274124983e+27
4968.5,13.360119072906471,5.394033661002247,1.6665640555080934e+27
4978.5,13.360035751392047,5.393199192314254,1.6612763183192907e+27
4988.5,13.35995271394318,5.3923666377772665,1.6560159183294964e+27
4998.5,13.35986995901836,5.391535989102206,1.6507826598310656e+27
5008.5,13.35978748508753,5.390707238052647,1.645576348905157e+27
