Time,Mass,Radius,Lx
23.0,32.763096042130094,6.41,0.0
33.014084507042256,32.711722544923695,6.403636732197911,0.0
43.02816901408451,32.660413853950146,6.397277828879385,0.0
53.04225352112677,32.60916990557839,6.390923288172653,0.0
63.05633802816902,32.55799063622574,6.384573108206593,0.0
73.07042253521128,32.506875982357826,6.378227287110723,0.0
83.08450704225353,32.455825880488604,6.371885823015204,0.0
93.09859154929579,32.404840267180276,6.365548714050844,0.0
103.11267605633805,32.35391907904329,6.359215958349084,0.0
113.1267605633803,32.30306225273629,6.352887554042014,0.0
123.14084507042256,32.25226972496611,6.346563499262363,0.0
133.1549295774648,32.201541432487716,6.340243792143497,0.0
143.16901408450704,32.150877312104164,6.333928430819426,0.0
153.18309859154928,32.10027730066661,6.327617413424797,0.0
163.19718309859152,32.04974133507425,6.321310738094899,0.0
173.21126760563376,31.999269352274286,6.31500840296566,0.0
183.225352112676,31.948861289261902,6.308710406173642,0.0
193.23943661971825,31.89851708308023,6.302416745856048,0.0
203.2535211267605,31.84823667082032,6.29612742015072,0.0
213.26760563380273,31.79801998962111,6.289842427196135,0.0
223.28169014084497,31.74786697666939,6.283561765131407,0.0
233.2957746478872,31.69777756919977,6.277285432096288,0.0
243.30985915492946,31.64805190792145,6.271051075163972,0.0
253.3239436619717,31.602412020852242,6.265325806859455,0.0
263.33802816901397,31.561402171512118,6.260178761378825,0.0
273.3521126760562,31.52439828175804,6.255532386626181,0.0
283.36619718309845,31.490879718731108,6.251321916760904,0.0
293.3802816901407,31.460409163634587,6.247492897891854,0.0
303.39436619718293,31.432616940653862,6.243999258757206,0.0
313.4084507042252,31.407188705355583,6.240801792708702,0.0
323.4225352112674,31.383855689564736,6.237866953249625,0.0
333.43661971830966,31.362386910261577,6.23516589085605,0.0
343.4507042253519,31.342582900786763,6.232673677097125,0.0
353.46478873239414,31.324270631806012,6.2303686753409036,0.0
363.4788732394364,31.30729936937703,6.228232027063532,0.0
373.4929577464786,31.29153727651243,6.22624722998573,0.0
383.50704225352086,31.276868608686435,6.2243997896454335,0.0
393.5211267605631,31.263191386887325,6.222676930074465,0.0
403.53521126760535,31.25041545697446,6.221067352331468,0.0
413.5492957746476,31.238460863336083,6.219561032005073,0.0
423.56338028168983,31.22725647966298,6.218149048622892,0.0
433.5774647887321,31.21673885114756,6.216823441316523,0.0
443.5915492957743,31.206851211392895,6.2155770861984845,0.0
453.60563380281656,31.19754264436746,6.214403591776633,0.0
463.6197183098588,31.18876736731437,6.213297209419588,0.0
473.63380281690104,31.180484114953348,6.212252756433986,0.0
483.6478873239433,31.17265560885332,6.211265549752115,0.0
493.6619718309855,31.16524809869657,6.210331348580365,0.0
503.67605633802776,31.158230964450233,6.209446304643116,0.0
513.69014084507,31.151576370321756,6.20860691888738,0.0
523.7042253521123,31.145258962890978,6.207810003701512,0.0
533.7183098591546,31.13925560705153,6.207052649855213,0.0
543.7323943661969,31.133545154413046,6.206332197494576,0.0
553.7464788732392,31.128108239655774,6.205646210630278,0.0
563.7605633802815,31.122927101024832,6.2049924546435635,0.0
573.7746478873238,31.117985421729088,6.204368876406463,0.0
583.7887323943661,31.11326818949161,6.203773586672712,0.0
593.8028169014084,31.1087615719017,6.203204844446022,0.0
603.8169014084507,31.104452805556903,6.202661043074468,0.0
613.830985915493,31.100330097268227,6.202140697855292,0.0
623.8450704225353,31.096382535842444,6.2016424349643975,0.0
633.8591549295776,31.09260001315912,6.201164981550242,0.0
643.8732394366199,31.088973153433063,6.200707156853399,0.0
653.8873239436622,31.085493249700363,6.20026786423149,0.0
663.9014084507045,31.082152206692072,6.199846083984896,0.0
673.9154929577468,31.078942489367293,6.199440866892105,0.0
683.9295774647891,31.07585707647006,6.19905132837513,0.0
693.9436619718314,31.07288941855387,6.198676643225353,0.0
703.9577464788737,31.0700333999864,6.198316040828761,0.0
713.971830985916,31.067283304506255,6.197968800836908,0.0
723.9859154929583,31.064633783954942,6.197634249236423,0.0
734.0000000000006,31.06207982985186,6.197311754775397,0.0
744.0140845070429,31.059616747518866,6.1970007257098905,0.0
754.0281690140852,31.05724013249477,6.196700606837997,0.0
764.0422535211275,31.054945849009673,6.196410876792596,0.0
774.0563380281698,31.052730010314782,6.196131045567201,0.0
784.0704225352121,31.050588960686053,6.1958606522520645,0.0
794.0845070422544,31.048519258939812,6.195599262960277,0.0
804.0985915492967,31.046517663316045,6.195346468925727,0.0
814.112676056339,31.044581117600345,6.195101884756734,0.0
824.1267605633813,31.0427067383692,6.194865146830884,0.0
834.1408450704236,31.040891803255228,6.194635911818087,0.0
844.1549295774659,31.039133740139604,6.194413855320195,0.0
854.1690140845081,31.03743011718843,6.19419867061675,0.0
864.1830985915504,31.035778633658015,6.193990067507419,0.0
874.1971830985927,31.034177111401657,6.193787771242652,0.0
884.211267605635,31.032623487016956,6.19359152153492,0.0
894.2253521126773,31.031115804578757,6.1934010716435965,0.0
904.2394366197196,31.02965220890801,6.193216187527286,0.0
914.2535211267619,31.02823093933154,6.193036647057897,0.0
924.2676056338042,31.02685032389201,6.192862239291376,0.0
934.2816901408465,31.025508773971097,6.192692763790425,0.0
944.2957746478888,31.024204779292297,6.192528029995012,0.0
954.3098591549311,31.022936903272853,6.192367856636809,0.0
964.3239436619734,31.021703778697024,6.192212071194083,0.0
974.3380281690157,31.02050410368539,6.192060509383849,0.0
984.352112676058,31.019336637937144,6.191913014688396,0.0
994.3661971831003,31.018200199224285,6.191769437913515,0.0
1004.3802816901426,31.017092704207762,6.191629516004631,0.0
1014.3943661971849,31.016002879637483,6.191491824805354,0.0
1024.408450704227,31.014928528789934,6.191356086857052,0.0
1034.4225352112694,31.01386928318869,6.1912222556785,0.0
1044.4366197183117,31.012824786601005,6.191090286332072,0.0
1054.450704225354,31.011794694518002,6.190960135358233,0.0
1064.4647887323963,31.010778673661616,6.190831760713413,0.0
1074.4788732394386,31.009776401516714,6.190705121711048,0.0
1084.492957746481,31.00878756588685,6.190580178965588,0.0
1094.5070422535232,31.007811864472277,6.1904568943393254,0.0
1104.5211267605655,31.00684900446891,6.190335230891849,0.0
1114.5352112676078,31.00589870218701,6.190215152831988,0.0
1124.54929577465,31.004960682688434,6.190096625472097,0.0
1134.5633802816924,31.004034679441443,6.189979615184546,0.0
1144.5774647887347,31.003120433992013,6.189864089360297,0.0
1154.591549295777,31.00221769565077,6.189750016369444,0.0
1164.6056338028193,31.001326221194645,6.189637365523608,0.0
1174.6197183098616,31.00044577458244,6.18952610704009,0.0
1184.6338028169039,30.999576126683582,6.189416212007674,0.0
1194.6478873239462,30.99871705501928,6.189307652354007,0.0
1204.6619718309885,30.997868343515496,6.189200400814456,0.0
1214.6760563380308,30.997029782267024,6.189094430902371,0.0
1224.690140845073,30.996201167312158,6.188989716880682,0.0
1234.7042253521154,30.995382300417333,6.1888862337347454,0.0
1244.7183098591577,30.994572988871255,6.188783957146397,0.0
1254.7323943662,30.99377304528803,6.188682863469133,0.0
1264.7464788732423,30.99298228741881,6.188582929704361,0.0
1274.7605633802846,30.992200537971524,6.188484133478679,0.0
1284.7746478873269,30.991427624438337,6.188386453022118,0.0
1294.7887323943692,30.990663378930353,6.188289867147308,0.0
1304.8028169014115,30.9899076380193,6.188194355229513,0.0
1314.8169014084538,30.989160242585797,6.188099897187503,0.0
1324.830985915496,30.98842103767389,6.188006473465215,0.0
1334.8450704225384,30.987689872351567,6.187914065014165,0.0
1344.8591549295807,30.986966599576945,6.187822653276578,0.0
1354.873239436623,30.986251076069873,6.187732220169196,0.0
1364.8873239436653,30.985543162188684,6.18764274806774,0.0
1374.9014084507075,30.984842721811855,6.187554219791989,0.0
1384.9154929577498,30.98414962222436,6.187466618591448,0.0
1394.9295774647921,30.98346373400847,6.1873799281315796,0.0
1404.9436619718344,30.982784930938806,6.187294132480572,0.0
1414.9577464788767,30.982113089881473,6.187209216096616,0.0
1424.971830985919,30.981448090697054,6.187125163815679,0.0
1434.9859154929613,30.980789816147322,6.187041960839733,0.0
1445.0000000000036,30.980138151805463,6.1869595927254375,0.0
1455.014084507046,30.979492985969703,6.186878045373251,0.0
1465.0281690140882,30.978854209580145,6.186797305016938,0.0
1475.0422535211305,30.97822171613871,6.186717358213474,0.0
1485.0563380281728,30.977595401632005,6.186638191833319,0.0
1495.0704225352151,30.97697516445705,6.186559793051052,0.0
1505.0845070422574,30.97636090534967,6.186482149336338,0.0
1515.0985915492997,30.975752527315503,6.186405248445226,0.0
1525.112676056342,30.975149935563483,6.186329078411764,0.0
1535.1267605633843,30.974553037441662,6.1862536275399025,0.0
1545.1408450704266,30.973961742375355,6.186178884395692,0.0
1555.154929577469,30.973375961807427,6.1861048377997525,0.0
1565.1690140845112,30.972795609140682,6.18603147682001,0.0
1575.1830985915535,30.972220599682252,6.185958790764678,0.0
1585.1971830985958,30.971650850589906,6.1858867691754895,0.0
1595.211267605638,30.971086280820206,6.185815401821154,0.0
1605.2253521126804,30.970526811078418,6.1857446786910435,0.0
1615.2394366197227,30.969972363770147,6.18567458998909,0.0
1625.253521126765,30.96942286295456,6.185605126127885,0.0
1635.2676056338073,30.96887823429922,6.185536277722983,0.0
1645.2816901408496,30.968338405036384,6.185468035587391,0.0
1655.295774647892,30.96780330392078,6.185400390726236,0.0
1665.3098591549342,30.967272861188732,6.185333334331618,0.0
1675.3239436619765,30.966747008518674,6.185266857777623,0.0
1685.3380281690188,30.966225678992885,6.185200952615496,0.0
1695.352112676061,30.965708807060505,6.185135610568978,0.0
1705.3661971831034,30.965196328501726,6.18507082352979,0.0
1715.3802816901457,30.96468818039311,6.185006583553253,0.0
1725.394366197188,30.964184301074035,6.184942882854059,0.0
1735.4084507042303,30.963684630114162,6.184879713802167,0.0
1745.4225352112726,30.96318910828197,6.18481706891883,0.0
1755.436619718315,30.96269767751422,6.184754940872749,0.0
1765.4507042253572,30.962210280886413,6.18469332247634,0.0
1775.4647887323995,30.961726862584115,6.1846322066821156,0.0
1785.4788732394418,30.9612473678752,6.184571586579193,0.0
1795.492957746484,30.960771743082912,6.184511455389883,0.0
1805.5070422535264,30.960299935559757,6.184451806466405,0.0
1815.5211267605687,30.959831893662173,6.184392633287688,0.0
1825.535211267611,30.95936756672597,6.184333929456271,0.0
1835.5492957746533,30.95890690504249,6.184275688695296,0.0
1845.5633802816956,30.958449859835483,6.184217904845593,0.0
1855.5774647887379,30.957996383238658,6.184160571862845,0.0
1865.5915492957802,30.957546428273904,6.1841036838148415,0.0
1875.6056338028225,30.957099948830127,6.184047234878802,0.0
1885.6197183098648,30.956656899642724,6.183991219338801,0.0
1895.633802816907,30.956217236273627,6.183935631583233,0.0
1905.6478873239494,30.955780915091935,6.183880466102381,0.0
1915.6619718309917,30.955347893255105,6.183825717486036,0.0
1925.676056338034,30.954918128690647,6.183771380421191,0.0
1935.6901408450763,30.954491580078372,6.1837174496898015,0.0
1945.7042253521186,30.95406820683312,6.1836639201666035,0.0
1955.7183098591609,30.953647969087978,6.183610786816997,0.0
1965.7323943662032,30.95323082767795,6.183558044694988,0.0
1975.7464788732455,30.9528167441241,6.183505688941182,0.0
1985.7605633802877,30.952405680618128,6.183453714780842,0.0
1995.77464788733,30.951997600007353,6.183402117521993,0.0
2005.7887323943723,30.95159246578012,6.183350892553582,0.0
2015.8028169014146,30.951190242051606,6.183300035343682,0.0
2025.816901408457,30.95079089354999,6.18324954143775,0.0
2035.8309859154992,30.950394385603015,6.183199406456932,0.0
2045.8450704225415,30.950000684124905,6.183149626096413,0.0
2055.859154929584,30.949609755603618,6.183100196123801,0.0
2065.873239436626,30.949221567088447,6.183051112377574,0.0
2075.8873239436684,30.948836086177952,6.183002370765547,0.0
2085.9014084507107,30.94845328100819,6.1829539672633915,0.0
2095.915492957753,30.948073120241283,6.182905897913193,0.0
2105.9295774647953,30.94769557305424,6.182858158822036,0.0
2115.9436619718376,30.947320609128113,6.1828107461606425,0.0
2125.95774647888,30.9469481986374,6.182763656162028,0.0
2135.971830985922,30.946578312239737,6.182716885120206,0.0
2145.9859154929645,30.946210921065838,6.182670429388914,0.0
2156.000000000007,30.945845996709703,6.182624285380378,0.0
2166.014084507049,30.945483511219077,6.182578449564113,0.0
2176.0281690140914,30.945123437086124,6.1825329184657445,0.0
2186.0422535211337,30.94476574723836,6.182487688665856,0.0
2196.056338028176,30.944410415029804,6.182442756798885,0.0
2206.0704225352183,30.94405741423234,6.182398119552023,0.0
2216.0845070422606,30.943706719027308,6.182353773664159,0.0
2226.098591549303,30.943358303997286,6.182309715924844,0.0
2236.112676056345,30.943012144118082,6.182265943173271,0.0
2246.1267605633875,30.942668214750917,6.1822224522973,0.0
2256.14084507043,30.9423264916348,6.182179240232489,0.0
2266.154929577472,30.94198695087909,6.182136303961156,0.0
2276.1690140845144,30.941649568956223,6.182093640511461,0.0
2286.1830985915567,30.94131432269463,6.182051246956514,0.0
2296.197183098599,30.940981189271817,6.182009120413503,0.0
2306.2112676056413,30.940650146207606,6.181967258042831,0.0
2316.2253521126836,30.94032117135754,6.181925657047297,0.0
2326.239436619726,30.939994242906433,6.181884314671275,0.0
2336.253521126768,30.93966933936209,6.181843228199918,0.0
2346.2676056338105,30.939346439549162,6.181802394958392,0.0
2356.281690140853,30.939025522603128,6.181761812311105,0.0
2366.295774647895,30.938706567964452,6.181721477660981,0.0
2376.3098591549374,30.938389555372847,6.181681388448724,0.0
2386.3239436619797,30.93807446486167,6.181641542152122,0.0
2396.338028169022,30.937761276752468,6.181601936285351,0.0
2406.3521126760643,30.937449971649613,6.1815625683982995,0.0
2416.3661971831066,30.937140530435098,6.1815234360759135,0.0
2426.380281690149,30.93683293426342,6.181484536937549,0.0
2436.394366197191,30.93652716455659,6.181445868636339,0.0
2446.4084507042335,30.93622320299925,6.181407428858586,0.0
2456.4225352112758,30.93592103153391,6.181369215323151,0.0
2466.436619718318,30.935620632356258,6.181331225780869,0.0
2476.4507042253604,30.935321987910637,6.18129345801397,0.0
2486.4647887324027,30.93502508088555,6.18125590983552,0.0
2496.478873239445,30.9347298942093,6.181218579088867,0.0
2506.4929577464873,30.93443641104574,6.181181463647102,0.0
2516.5070422535296,30.934144614790068,6.18114456141253,0.0
2526.521126760572,30.93385448906476,6.181107870316162,0.0
2536.535211267614,30.933566017715563,6.1810713883172,0.0
2546.5492957746565,30.93327918480759,6.181035113402548,0.0
2556.5633802816988,30.93299397462148,6.18099904358633,0.0
2566.577464788741,30.93271037164966,6.180963176909415,0.0
2576.5915492957834,30.932428360592674,6.180927511438954,0.0
2586.6056338028257,30.932147926355594,6.180892045267924,0.0
2596.619718309868,30.931869054044498,6.180856776514692,0.0
2606.6338028169102,30.93159172896304,6.180821703322573,0.0
2616.6478873239525,30.931315936609067,6.180786823859408,0.0
2626.661971830995,30.93104166267134,6.180752136317146,0.0
2636.676056338037,30.930768893026286,6.180717638911438,0.0
2646.6901408450794,30.930497613734836,6.180683329881237,0.0
2656.7042253521217,30.930227811039334,6.180649207488405,0.0
2666.718309859164,30.929959471360494,6.1806152700173325,0.0
2676.7323943662063,30.929692581294432,6.180581515774561,0.0
2686.7464788732486,30.929427127609753,6.180547943088416,0.0
2696.760563380291,30.92916309724469,6.180514550308647,0.0
2706.7746478873332,30.928900477304317,6.180481335806075,0.0
2716.7887323943755,30.928639255057806,6.180448297972243,0.0
2726.802816901418,30.928379417935737,6.180415435219082,0.0
2736.81690140846,30.928120953527472,6.180382745978576,0.0
2746.8309859155024,30.927863849578575,6.180350228702438,0.0
2756.8450704225447,30.927608093988287,6.180317881861788,0.0
2766.859154929587,30.927353674807037,6.180285703946842,0.0
2776.8732394366293,30.927100580234026,6.180253693466606,0.0
2786.8873239436716,30.926848798614838,6.180221848948574,0.0
2796.901408450714,30.92659831843911,6.1801901689384335,0.0
2806.915492957756,30.926349128338227,6.180158651999777,0.0
2816.9295774647985,30.926101217083108,6.180127296713819,0.0
2826.943661971841,30.925854573581976,6.180096101679115,0.0
2836.957746478883,30.925609186878205,6.18006506551129,0.0
2846.9718309859254,30.925365046148208,6.180034186842777,0.0
2856.9859154929677,30.925122140699358,6.180003464322545,0.0
2867.00000000001,30.924880459967948,6.179972896615848,0.0
2877.0140845070523,30.924639993517193,6.1799424824039715,0.0
2887.0281690140946,30.92440073103527,6.179912220383985,0.0
2897.042253521137,30.92416266233339,6.179882109268495,0.0
2907.056338028179,30.923925777343918,6.179852147785416,0.0
2917.0704225352215,30.923690066118507,6.179822334677724,0.0
2927.084507042264,30.923455518826295,6.1797926687032385,0.0
2937.098591549306,30.92322212575211,6.17976314863439,0.0
2947.1126760563484,30.92298987729472,6.179733773258,0.0
2957.1267605633907,30.922758763965128,6.179704541375069,0.0
2967.140845070433,30.92252877638486,6.1796754518005566,0.0
2977.1549295774753,30.922299905284323,6.179646503363175,0.0
2987.1690140845176,30.92207214150119,6.179617694905185,0.0
2997.18309859156,30.921845475978785,6.179589025282194,0.0
3007.197183098602,30.921619899764522,6.179560493362957,0.0
3017.2112676056445,30.92139540400837,6.179532098029182,0.0
3027.225352112687,30.921171979961333,6.179503838175341,0.0
3037.239436619729,30.92094961897398,6.1794757127084825,0.0
3047.2535211267714,30.92072831249498,6.179447720548045,0.0
3057.2676056338137,30.92050805206966,6.179419860625677,0.0
3067.281690140856,30.920288829338624,6.179392131885063,0.0
3077.2957746478983,30.92007063603635,6.179364533281746,0.0
3087.3098591549406,30.919853463989842,6.179337063782955,0.0
3097.323943661983,30.9196373051173,6.179309722367441,0.0
3107.338028169025,30.919422151426804,6.179282508025307,0.0
3117.3521126760675,30.91920799501504,6.1792554197578475,0.0
3127.3661971831098,30.918994828066023,6.179228456577393,0.0
3137.380281690152,30.918782642849866,6.179201617507143,0.0
3147.3943661971944,30.91857143172155,6.179174901581026,0.0
3157.4084507042367,30.918361187119732,6.179148307843534,0.0
3167.422535211279,30.91815190156557,6.1791218353495845,0.0
3177.4366197183213,30.917943567661553,6.179095483164367,0.0
3187.4507042253636,30.917736178090376,6.179069250363205,0.0
3197.464788732406,30.91752972561381,6.1790431360314075,0.0
3207.478873239448,30.917324203071615,6.179017139264141,0.0
3217.4929577464904,30.91711960338045,6.178991259166281,0.0
3227.5070422535327,30.916915919532805,6.178965494852287,0.0
3237.521126760575,30.916713144595974,6.178939845446064,0.0
3247.5352112676173,30.916511271711013,6.178914310080838,0.0
3257.5492957746596,30.916310294091733,6.178888887899026,0.0
3267.563380281702,30.916110205023717,6.17886357805211,0.0
3277.5774647887442,30.91591099786332,6.1788383797005135,0.0
3287.5915492957865,30.91571266603674,6.178813292013485,0.0
3297.605633802829,30.91551520303905,6.178788314168971,0.0
3307.619718309871,30.915318602433274,6.178763445353503,0.0
3317.6338028169134,30.915122857849486,6.178738684762086,0.0
3327.6478873239557,30.914927962983892,6.178714031598075,0.0
3337.661971830998,30.914733911597963,6.178689485073073,0.0
3347.6760563380403,30.91454069751756,6.178665044406816,0.0
3357.6901408450826,30.914348314632072,6.178640708827069,0.0
3367.704225352125,30.914156756893586,6.178616477569513,0.0
3377.718309859167,30.913966018316053,6.178592349877647,0.0
3387.7323943662095,30.91377609297447,6.178568325002683,0.0
3397.746478873252,30.91358697500409,6.1785444022034435,0.0
3407.760563380294,30.913398658599625,6.178520580746266,0.0
3417.7746478873364,30.913211138014475,6.178496859904898,0.0
3427.7887323943787,30.913024407559956,6.178473238960408,0.0
3437.802816901421,30.912838461604554,6.178449717201084,0.0
3447.8169014084633,30.912653294573197,6.178426293922346,0.0
3457.8309859155056,30.912468900946504,6.178402968426652,0.0
3467.845070422548,30.91228527526009,6.178379740023404,0.0
3477.85915492959,30.912102412103845,6.178356608028864,0.0
3487.8732394366325,30.911920306121253,6.178333571766064,0.0
3497.887323943675,30.9117389520087,6.178310630564721,0.0
3507.901408450717,30.911558344514813,6.178287783761149,0.0
3517.9154929577594,30.911378478439776,6.17826503069818,0.0
3527.9295774648017,30.9111993486347,6.178242370725075,0.0
3537.943661971844,30.91102095000097,6.178219803197453,0.0
3547.9577464788863,30.910843277489622,6.1781973274772,0.0
3557.9718309859286,30.91066632610071,6.178174942932399,0.0
3567.985915492971,30.9104900908827,6.178152648937249,0.0
3578.000000000013,30.910314566931863,6.178130444871986,0.0
3588.0140845070555,30.91013974939169,6.178108330122816,0.0
3598.028169014098,30.90996563345229,6.178086304081833,0.0
3608.04225352114,30.90979221434984,6.178064366146949,0.0
3618.0563380281824,30.909619487365983,6.178042515721827,0.0
3628.0704225352247,30.909447447827297,6.1780207522158,0.0
3638.084507042267,30.909276091104736,6.177999075043812,0.0
3648.0985915493093,30.909105412613084,6.177977483626344,0.0
3658.1126760563516,30.90893540781042,6.177955977389348,0.0
3668.126760563394,30.908766072197608,6.177934555764178,0.0
3678.140845070436,30.90859740131775,6.1779132181875305,0.0
3688.1549295774785,30.908429390755696,6.177891964101373,0.0
3698.1690140845208,30.908262036137543,6.177870792952883,0.0
3708.183098591563,30.908095333130124,6.177849704194391,0.0
3718.1971830986054,30.90792927744053,6.177828697283307,0.0
3728.2112676056477,30.907763864815625,6.1778077716820725,0.0
3738.22535211269,30.907599091041572,6.17778692685809,0.0
3748.2394366197323,30.90743495194337,6.177766162283672,0.0
3758.2535211267746,30.907271443384385,6.177745477435975,0.0
3768.267605633817,30.907108561265904,6.177724871796952,0.0
3778.281690140859,30.90694630152668,6.177704344853285,0.0
3788.2957746479015,30.906784660142502,6.17768389609634,0.0
3798.3098591549438,30.906623633125747,6.177663525022102,0.0
3808.323943661986,30.90646321652496,6.177643231131128,0.0
3818.3380281690283,30.906303406424428,6.177623013928493,0.0
3828.3521126760706,30.906144198943775,6.177602872923732,0.0
3838.366197183113,30.90598559023753,6.177582807630796,0.0
3848.3802816901552,30.905827576494744,6.177562817567993,0.0
3858.3943661971975,30.90567015393858,6.177542902257944,0.0
3868.40845070424,30.905513318825918,6.177523061227532,0.0
3878.422535211282,30.905357067446975,6.17750329400785,0.0
3888.4366197183244,30.90520139612492,6.177483600134153,0.0
3898.4507042253667,30.905046301215496,6.177463979145815,0.0
3908.464788732409,30.90489177910665,6.177444430586279,0.0
3918.4788732394513,30.90473782621816,6.177424954003008,0.0
3928.4929577464936,30.904584439001287,6.177405548947448,0.0
3938.507042253536,30.904431613938407,6.177386214974969,0.0
3948.521126760578,30.904279347542662,6.177366951644835,0.0
3958.5352112676205,30.90412763635762,6.177347758520151,0.0
3968.549295774663,30.90397647695693,6.177328635167826,0.0
3978.563380281705,30.903825865943976,6.177309581158523,0.0
3988.5774647887474,30.903675799951557,6.1772905960666264,0.0
3998.5915492957897,30.903526275641557,6.1772716794701905,0.0
4008.605633802832,30.903377289704615,6.1772528309509065,0.0
4018.6197183098743,30.90322883885981,6.177234050094059,0.0
4028.6338028169166,30.90308091985435,6.177215336488487,0.0
4038.647887323959,30.90293352946325,6.177196689726542,0.0
4048.661971831001,30.902786664489046,6.177178109404054,0.0
4058.6760563380435,30.90264032176147,6.177159595120291,0.0
4068.690140845086,30.90249449813717,6.17714114647792,0.0
4078.704225352128,30.9023491904994,6.177122763082971,0.0
4088.7183098591704,30.902204395757746,6.1771044445448,0.0
4098.732394366212,30.902060110847827,6.177086190476056,0.0
4108.746478873254,30.90191633273102,6.177068000492641,0.0
4118.760563380296,30.90177305839418,6.177049874213675,0.0
4128.774647887338,30.90163028484936,6.177031811261464,0.0
4138.78873239438,30.90148800913355,6.1770138112614665,0.0
4148.8028169014215,30.901346228308395,6.176995873842253,0.0
4158.816901408463,30.90120493945994,6.17697799863548,0.0
4168.830985915505,30.901064139698377,6.176960185275855,0.0
4178.845070422547,30.90092382615776,6.176942433401101,0.0
4188.859154929589,30.900783995995788,6.176924742651929,0.0
4198.873239436631,30.90064464639352,6.1769071126720005,0.0
4208.8873239436725,30.90050577455515,6.176889543107901,0.0
4218.901408450714,30.900367377707756,6.1768720336091105,0.0
4228.915492957756,30.900229453101055,6.176854583827968,0.0
4238.929577464798,30.900091998007166,6.176837193419641,0.0
4248.94366197184,30.899955009720383,6.176819862042103,0.0
4258.957746478882,30.89981848555693,6.176802589356098,0.0
4268.971830985924,30.89968242285475,6.176785375025113,0.0
4278.985915492965,30.899546818973253,6.17676821871535,0.0
4289.000000000007,30.89941167129312,6.176751120095697,0.0
4299.014084507049,30.899276977216065,6.176734078837701,0.0
4309.028169014091,30.89914273416462,6.176717094615543,0.0
4319.042253521133,30.89900893958193,6.1767001671060004,0.0
4329.056338028175,30.898875590931524,6.176683295988436,0.0
4339.0704225352165,30.89874268569713,6.17666648094476,0.0
4349.084507042258,30.898610221382437,6.176649721659405,0.0
4359.0985915493,30.898478195510915,6.176633017819308,0.0
4369.112676056342,30.898346605625605,6.176616369113873,0.0
4379.126760563384,30.89821544928892,6.176599775234956,0.0
4389.140845070426,30.898084724082448,6.176583235876836,0.0
4399.154929577468,30.89795442760676,6.17656675073619,0.0
4409.169014084509,30.897824557481215,6.17655031951207,0.0
4419.183098591551,30.897695111343772,6.176533941905879,0.0
4429.197183098593,30.8975660868508,6.176517617621345,0.0
4439.211267605635,30.897437481676903,6.1765013463645015,0.0
4449.225352112677,30.897309293514724,6.176485127843661,0.0
4459.239436619719,30.897181520074774,6.176468961769398,0.0
4469.2535211267605,30.897054159085247,6.176452847854517,0.0
4479.267605633802,30.896927208291853,6.176436785814036,0.0
4489.281690140844,30.89680066545764,6.176420775365166,0.0
4499.295774647886,30.896674528362816,6.17640481622729,0.0
4509.309859154928,30.896548794804584,6.1763889081219325,0.0
4519.32394366197,30.89642346259698,6.1763730507727495,0.0
4529.3380281690115,30.896298529570704,6.1763572439055,0.0
4539.352112676053,30.896173993572948,6.176341487248031,0.0
4549.366197183095,30.896049852467247,6.176325780530252,0.0
4559.380281690137,30.89592610413331,6.176310123484118,0.0
4569.394366197179,30.89580274646687,6.176294515843609,0.0
4579.408450704221,30.89567977737952,6.176278957344708,0.0
4589.422535211263,30.895557194798567,6.176263447725385,0.0
4599.436619718304,30.89543499666687,6.176247986725579,0.0
4609.450704225346,30.895313180942704,6.176232574087169,0.0
4619.464788732388,30.895191745599593,6.176217209553969,0.0
4629.47887323943,30.89507068862618,6.1762018928717,0.0
4639.492957746472,30.894950008026072,6.176186623787976,0.0
4649.507042253514,30.8948297018177,6.176171402052283,0.0
4659.5211267605555,30.894709768034172,6.176156227415962,0.0
4669.535211267597,30.894590204723148,6.176141099632195,0.0
4679.549295774639,30.89447100994668,6.176126018455982,0.0
4689.563380281681,30.894352181781095,6.176110983644125,0.0
4699.577464788723,30.89423371831684,6.176095994955214,0.0
4709.591549295765,30.89411561765837,6.176081052149607,0.0
4719.605633802807,30.893997877924004,6.176066154989415,0.0
4729.619718309848,30.893880497245785,6.176051303238484,0.0
4739.63380281689,30.893763473769372,6.1760364966623795,0.0
4749.647887323932,30.893646805653898,6.176021735028373,0.0
4759.661971830974,30.893530491071846,6.17600701810542,0.0
4769.676056338016,30.89341452820893,6.175992345664148,0.0
4779.690140845058,30.89329891526396,6.175977717476843,0.0
4789.7042253520995,30.893183650448734,6.17596313331743,0.0
4799.718309859141,30.893068731987906,6.1759485929614595,0.0
4809.732394366183,30.89295415811888,6.175934096186094,0.0
4819.746478873225,30.892839927091675,6.175919642770089,0.0
4829.760563380267,30.892726037168824,6.175905232493783,0.0
4839.774647887309,30.892612486625247,6.1758908651390785,0.0
4849.7887323943505,30.892499273748147,6.175876540489433,0.0
4859.802816901392,30.89238639683689,6.175862258329839,0.0
4869.816901408434,30.8922738542029,6.175848018446815,0.0
4879.830985915476,30.892161644169544,6.175833820628386,0.0
4889.845070422518,30.89204976507202,6.175819664664075,0.0
4899.85915492956,30.891938215257262,6.1758055503448865,0.0
4909.873239436602,30.89182699308382,6.175791477463297,0.0
4919.887323943643,30.89171609692177,6.175777445813234,0.0
4929.901408450685,30.89160552515258,6.17576345519007,0.0
4939.915492957727,30.891495276169053,6.175749505390606,0.0
4949.929577464769,30.89138534837518,6.175735596213062,0.0
4959.943661971811,30.89127574018607,6.175721727457057,0.0
4969.957746478853,30.891166450027832,6.175707898923605,0.0
4979.9718309858945,30.89105747633749,6.175694110415098,0.0
4989.985915492936,30.890948817562876,6.175680361735295,0.0
4999.999999999978,30.890840472162537,6.1756666526893085,1.6447904063245323e+27
