Time,Mass,Radius,Lx
23.0,32.763096042130094,6.41,0.0
33.014084507042256,32.73729847340662,6.406805097796106,0.0
43.02816901408451,32.73029955687951,6.405938156991584,0.0
53.04225352112677,32.72648119809709,6.405465156374106,0.0
63.05633802816902,32.72293923662843,6.405026376464551,0.0
73.07042253521128,32.71961375799621,6.404614398685134,0.0
83.08450704225353,32.716464194510245,6.404224200026362,0.0
93.09859154929579,32.713461507091296,6.403852184968142,0.0
103.11267605633805,32.71058402750553,6.403495670651721,0.0
113.1267605633803,32.70781505749457,6.403152589598129,0.0
123.14084507042256,32.70514139258274,6.402821306923551,0.0
133.1549295774648,32.702552368276784,6.402500502238918,0.0
143.16901408450704,32.7000392184892,6.4021890902097525,0.0
153.18309859154928,32.69759462934781,6.401886165309093,0.0
163.19718309859152,32.69521242004527,6.401590962300657,0.0
173.21126760563376,32.69288730900873,6.401302827286379,0.0
183.225352112676,32.69061473898476,6.401021196048867,0.0
193.23943661971825,32.68839074379926,6.400745577554006,0.0
203.2535211267605,32.686211845226424,6.400475541181658,0.0
213.26760563380273,32.68407497202069,6.400210706700539,0.0
223.28169014084497,32.681977395536045,6.399950736296909,0.0
233.2957746478872,32.67991667794611,6.3996953281634585,0.0
243.30985915492946,32.677890630165955,6.399444211289443,0.0
253.3239436619717,32.675897277335054,6.399197141186995,0.0
263.33802816901397,32.67393483025872,6.39895389635521,0.0
273.3521126760562,32.67200166159292,6.398714275331528,0.0
283.36619718309845,32.67009628584037,6.398478094215005,0.0
293.3802816901407,32.668217342435426,6.39824518457203,0.0
303.39436619718293,32.66636358135204,6.398015391654436,0.0
313.4084507042252,32.664533850787954,6.397788572874673,0.0
323.4225352112674,32.66272708656908,6.397564596493955,0.0
333.43661971830966,32.66094230298812,6.397343340488006,0.0
343.4507042253519,32.65917858484633,6.397124691561752,0.0
353.46478873239414,32.65743508050994,6.396908544289646,0.0
363.4788732394364,32.655710995826965,6.396694800362521,0.0
373.4929577464786,32.654005588777096,6.396483367925206,0.0
383.50704225352086,32.65231816474911,6.396274160991832,0.0
393.5211267605631,32.650648072357775,6.396067098927941,0.0
403.53521126760535,32.64899469972653,6.395862105990251,0.0
413.5492957746476,32.64735747117381,6.395659110916416,0.0
423.56338028168983,32.64573584425058,6.39545804655824,0.0
433.5774647887321,32.64412930708431,6.395258849552859,0.0
443.5915492957743,32.64253737599158,6.395061460027169,0.0
453.60563380281656,32.640959593326485,6.394865821331448,0.0
463.6197183098588,32.63939552553708,6.394671879798736,0.0
473.63380281690104,32.63784476140556,6.394479584526958,0.0
483.6478873239433,32.63630691045135,6.3942888871812364,0.0
493.6619718309855,32.63478160147902,6.394099741814103,0.0
503.67605633802776,32.63326848125511,6.393912104701699,0.0
513.69014084507,32.631767213300236,6.393725934194228,0.0
523.7042253521123,32.63027747678428,6.393541190579181,0.0
533.7183098591546,32.62879896551411,6.3933578359560155,0.0
543.7323943661969,32.62733138700448,6.393175834121138,0.0
553.7464788732392,32.62587446162394,6.392995150462153,0.0
563.7605633802815,32.6244279218083,6.392815751860507,0.0
573.7746478873238,32.6229915113354,6.392637606601692,0.0
583.7887323943661,32.62156498465529,6.392460684292331,0.0
593.8028169014084,32.62014810627074,6.392284955783478,0.0
603.8169014084507,32.6187406501635,6.392110393099602,0.0
613.830985915493,32.61734239926234,6.391936969372717,0.0
623.8450704225353,32.615953144949025,6.391764658781233,0.0
633.8591549295776,32.61457268659906,6.391593436493099,0.0
643.8732394366199,32.61320083115429,6.391423278612888,0.0
653.8873239436622,32.611837392724524,6.391254162132487,0.0
663.9014084507045,32.610482192216004,6.391086064885097,0.0
673.9154929577468,32.609135056984364,6.390918965502271,0.0
683.9295774647891,32.60779582051021,6.3907528433737575,0.0
693.9436619718314,32.60646432209553,6.390587678609911,0.0
703.9577464788737,32.605140406579295,6.3904234520064875,0.0
713.971830985916,32.60382392407078,6.390260145011634,0.0
723.9859154929583,32.60251472969932,6.390097739694905,0.0
734.0000000000006,32.60121268337921,6.389936218718161,0.0
744.0140845070429,32.59991764958865,6.389775565308205,0.0
754.0281690140852,32.598629497161774,6.389615763231031,0.0
764.0422535211275,32.59734809909278,6.389456796767585,0.0
774.0563380281698,32.596073332351246,6.389298650690898,0.0
784.0704225352121,32.59480507770804,6.389141310244533,0.0
794.0845070422544,32.593543219570876,6.388984761122233,0.0
804.0985915492967,32.59228764582902,6.388828989448692,0.0
814.112676056339,32.591038247706436,6.388673981761382,0.0
824.1267605633813,32.589794919622896,6.388519724993354,0.0
834.1408450704236,32.58855755906245,6.388366206456958,0.0
844.1549295774659,32.587326066448846,6.388213413828421,0.0
854.1690140845081,32.586100345027404,6.388061335133226,0.0
864.1830985915504,32.58488030075301,6.387909958732242,0.0
874.1971830985927,32.583665842183734,6.3877592733085615,0.0
884.211267605635,32.58245688037986,6.387609267854997,0.0
894.2253521126773,32.58125332880788,6.387459931662198,0.0
904.2394366197196,32.58005510324924,6.387311254307353,0.0
914.2535211267619,32.57886212171347,6.387163225643443,0.0
924.2676056338042,32.57767430435556,6.3870158357890014,0.0
934.2816901408465,32.57649157339718,6.386869075118372,0.0
944.2957746478888,32.57531385305166,6.386722934252424,0.0
954.3098591549311,32.57414106945245,6.386577404049685,0.0
964.3239436619734,32.57297315058485,6.386432475597899,0.0
974.3380281690157,32.57181002622087,6.386288140205965,0.0
984.352112676058,32.570651627857,6.3861443893962235,0.0
994.3661971831003,32.56949788865484,6.386001214897118,0.0
1004.3802816901426,32.56834962060095,6.385858717497412,0.0
1014.3943661971849,32.56721619149726,6.38571805976829,0.0
1024.408450704227,32.56609885495648,6.385579397355622,0.0
1034.4225352112694,32.564997227770675,6.385442682777465,0.0
1044.4366197183117,32.56391093946497,6.385307870128701,0.0
1054.450704225354,32.562839631756916,6.385174915014114,0.0
1064.4647887323963,32.561782958043786,6.385043774484937,0.0
1074.4788732394386,32.56074058291597,6.384914406978612,0.0
1084.492957746481,32.55971218169497,6.3847867722616005,0.0
1094.5070422535232,32.55869743999458,6.384660831375069,0.0
1104.5211267605655,32.5576960533038,6.384536546583248,0.0
1114.5352112676078,32.55670772659027,6.38441388132435,0.0
1124.54929577465,32.55573217392306,6.384292800163867,0.0
1134.5633802816924,32.55476911811366,6.38417326875012,0.0
1144.5774647887347,32.55381829037417,6.384055253771953,0.0
1154.591549295777,32.55287942999169,6.383938722918416,0.0
1164.6056338028193,32.55195228401809,6.383823644840357,0.0
1174.6197183098616,32.55103660697421,6.383709989113793,0.0
1184.6338028169039,32.55013216056773,6.383597726204993,0.0
1194.6478873239462,32.54923871342403,6.3834868274371415,0.0
1204.6619718309885,32.54835604082927,6.383377264958531,0.0
1214.6760563380308,32.547483924485036,6.38326901171219,0.0
1224.690140845073,32.546622152274004,6.383162041406854,0.0
1234.7042253521154,32.54577051803598,6.383056328489248,0.0
1244.7183098591577,32.54492882135381,6.382951848117562,0.0
1254.7323943662,32.54409686734861,6.382848576136109,0.0
1264.7464788732423,32.5432744664839,6.38274648905106,0.0
1274.7605633802846,32.542461434378176,6.38264556400724,0.0
1284.7746478873269,32.54165759162538,6.382545778765893,0.0
1294.7887323943692,32.54086276362307,6.3824471116834065,0.0
1304.8028169014115,32.54007678040775,6.382349541690913,0.0
1314.8169014084538,32.539299476497085,6.382253048274755,0.0
1324.830985915496,32.53853069073861,6.382157611457749,0.0
1334.8450704225384,32.537770266164664,6.382063211781213,0.0
1344.8591549295807,32.53701804985325,6.381969830287743,0.0
1354.873239436623,32.5362738927945,6.381877448504667,0.0
1364.8873239436653,32.53553764976247,6.381786048428174,0.0
1374.9014084507075,32.53480917919212,6.38169561250807,0.0
1384.9154929577498,32.53408834306111,6.3816061236331425,0.0
1394.9295774647921,32.53337500677618,6.381517565117087,0.0
1404.9436619718344,32.532669039064096,6.381429920684998,0.0
1414.9577464788767,32.53197031186669,6.381343174460373,0.0
1424.971830985919,32.531278700239994,6.381257310952611,0.0
1434.9859154929613,32.53059408225723,6.381172315045004,0.0
1445.0000000000036,32.52991633891545,6.381088171983167,0.0
1455.014084507046,32.52924535404567,6.381004867363913,0.0
1465.0281690140882,32.52858101422644,6.380922387124538,0.0
1475.0422535211305,32.527923208700535,6.380840717532509,0.0
1485.0563380281728,32.527271829294776,6.38075984517553,0.0
1495.0704225352151,32.526626770342766,6.380679756951967,0.0
1505.0845070422574,32.52598792861043,6.3806004400616265,0.0
1515.0985915492997,32.52535520322426,6.380521881996872,0.0
1525.112676056342,32.52472849560214,6.380444070534043,0.0
1535.1267605633843,32.52410770938661,6.380366993725198,0.0
1545.1408450704266,32.52349275038052,6.380290639890136,0.0
1555.154929577469,32.52288352648495,6.38021499760871,0.0
1565.1690140845112,32.52227994763928,6.380140055713402,0.0
1575.1830985915535,32.52168192576337,6.380065803282157,0.0
1585.1971830985958,32.52108937470171,6.3799922296314655,0.0
1595.211267605638,32.52050221016951,6.379919324309684,0.0
1605.2253521126804,32.51992034970062,6.379847077090583,0.0
1615.2394366197227,32.51934371259719,6.379775477967111,0.0
1625.253521126765,32.518772219881086,6.3797045171453695,0.0
1635.2676056338073,32.51820579424686,6.379634185038797,0.0
1645.2816901408496,32.51764436001634,6.3795644722625315,0.0
1655.295774647892,32.51708784309469,6.37949536962797,0.0
1665.3098591549342,32.516536170927935,6.37942686813751,0.0
1675.3239436619765,32.51598927246185,6.3793589589794495,0.0
1685.3380281690188,32.51544707810221,6.379291633523066,0.0
1695.352112676061,32.51490951967631,6.379224883313843,0.0
1705.3661971831034,32.51437653039571,6.379158700068864,0.0
1715.3802816901457,32.51384804482019,6.379093075672333,0.0
1725.394366197188,32.51332399882285,6.379028002171261,0.0
1735.4084507042303,32.51280432955625,6.378963471771264,0.0
1745.4225352112726,32.51228897541973,6.378899476832515,0.0
1755.436619718315,32.51177787602761,6.378836009865807,0.0
1765.4507042253572,32.5112709721785,6.37877306352874,0.0
1775.4647887323995,32.51076820582547,6.378710630622037,0.0
1785.4788732394418,32.510269520047174,6.37864870408596,0.0
1795.492957746484,32.509774859019835,6.378587276996833,0.0
1805.5070422535264,32.5092841679901,6.37852634256369,0.0
1815.5211267605687,32.508797393248706,6.378465894124997,0.0
1825.535211267611,32.508314482104915,6.3784059251455,0.0
1835.5492957746533,32.507835382861735,6.378346429213139,0.0
1845.5633802816956,32.50736004479188,6.378287400036079,0.0
1855.5774647887379,32.50688841811441,6.378228831439811,0.0
1865.5915492957802,32.50642045397207,6.378170717364345,0.0
1875.6056338028225,32.505956104409314,6.378113051861482,0.0
1885.6197183098648,32.505495322350924,6.3780558290921725,0.0
1895.633802816907,32.50503806158129,6.377999043323942,0.0
1905.6478873239494,32.50458427672424,6.377942688928391,0.0
1915.6619718309917,32.50413392322347,6.3778867603787734,0.0
1925.676056338034,32.503686957323566,6.377831252247644,0.0
1935.6901408450763,32.50324333605146,6.377776159204556,0.0
1945.7042253521186,32.50280301719854,6.377721476013848,0.0
1955.7183098591609,32.50236595930314,6.377667197532474,0.0
1965.7323943662032,32.5019321216336,6.377613318707895,0.0
1975.7464788732455,32.50150146417176,6.377559834576048,0.0
1985.7605633802877,32.5010739475969,6.377506740259344,0.0
1995.77464788733,32.500649533270156,6.377454030964742,0.0
2005.7887323943723,32.50022818321932,6.377401701981858,0.0
2015.8028169014146,32.49980986012408,6.377349748681147,0.0
2025.816901408457,32.49939452730166,6.377298166512112,0.0
2035.8309859154992,32.49898214869281,6.377246951001573,0.0
2045.8450704225415,32.49857268884822,6.377196097751983,0.0
2055.859154929584,32.498166112915264,6.377145602439783,0.0
2065.873239436626,32.497762386625105,6.377095460813806,0.0
2075.8873239436684,32.49736147628013,6.3770456686937145,0.0
2085.9014084507107,32.496963348741744,6.3769962219684935,0.0
2095.915492957753,32.496567971418415,6.376947116594966,0.0
2105.9295774647953,32.49617531225413,6.376898348596361,0.0
2115.9436619718376,32.49578533971706,6.37684991406091,0.0
2125.95774647888,32.495398022788564,6.376801809140481,0.0
2135.971830985922,32.49501333095246,6.3767540300492564,0.0
2145.9859154929645,32.49463123418457,6.376706573062425,0.0
2156.000000000007,32.49425170294252,6.376659434514929,0.0
2166.014084507049,32.49387470815584,6.376612610800229,0.0
2176.0281690140914,32.49350022121626,6.376566098369102,0.0
2186.0422535211337,32.49312821396825,6.376519893728475,0.0
2196.056338028176,32.49275865869986,6.376473993440283,0.0
2206.0704225352183,32.49239152813373,6.376428394120353,0.0
2216.0845070422606,32.492026795418305,6.376383092437322,0.0
2226.098591549303,32.49166443411933,6.3763380851115805,0.0
2236.112676056345,32.49130441821151,6.376293368914232,0.0
2246.1267605633875,32.49094672207038,6.376248940666092,0.0
2256.14084507043,32.49059132046437,6.376204797236704,0.0
2266.154929577472,32.49023818854707,6.376160935543377,0.0
2276.1690140845144,32.48988730184967,6.376117352550251,0.0
2286.1830985915567,32.4895386362736,6.376074045267384,0.0
2296.197183098599,32.48919216808333,6.3760310107498555,0.0
2306.2112676056413,32.488847873899324,6.375988246096903,0.0
2316.2253521126836,32.4885057306912,6.375945748451062,0.0
2326.239436619726,32.48816571577103,6.375903514997343,0.0
2336.253521126768,32.48782780678679,6.375861542962413,0.0
2346.2676056338105,32.48749198171596,6.375819829613815,0.0
2356.281690140853,32.48715821885931,6.375778372259179,0.0
2366.295774647895,32.48682649683476,6.375737168245478,0.0
2376.3098591549374,32.48649679457147,6.375696214958283,0.0
2386.3239436619797,32.48616909130399,6.375655509821044,0.0
2396.338028169022,32.485843366566584,6.375615050294385,0.0
2406.3521126760643,32.48551960018765,6.375574833875412,0.0
2416.3661971831066,32.48519777228432,6.375534858097041,0.0
2426.380281690149,32.484877863257125,6.37549512052734,0.0
2436.394366197191,32.4845598537848,6.375455618768886,0.0
2446.4084507042335,32.48424372481924,6.375416350458133,0.0
2456.4225352112758,32.48392945758049,6.375377313264799,0.0
2466.436619718318,32.483617033551944,6.375338504891264,0.0
2476.4507042253604,32.48330643447556,6.375299923071981,0.0
2486.4647887324027,32.482997642347236,6.375261565572898,0.0
2496.478873239445,32.48269063941227,6.375223430190903,0.0
2506.4929577464873,32.48238540816091,6.375185514753263,0.0
2516.5070422535296,32.482081931324025,6.375147817117094,0.0
2526.521126760572,32.48178019186885,6.37511033516883,0.0
2536.535211267614,32.481480172994814,6.375073066823707,0.0
2546.5492957746565,32.48118185812949,6.375036010025259,0.0
2556.5633802816988,32.4808852309246,6.374999162744826,0.0
2566.577464788741,32.48059027525212,6.374962522981069,0.0
2576.5915492957834,32.480296975200474,6.374926088759495,0.0
2586.6056338028257,32.4800053150708,6.374889858132001,0.0
2596.619718309868,32.47971527937327,6.374853829176412,0.0
2606.6338028169102,32.47942685282355,6.374817999996043,0.0
2616.6478873239525,32.47914002033926,6.37478236871926,0.0
2626.661971830995,32.47885476703656,6.374746933499061,0.0
2636.676056338037,32.4785710782268,6.374711692512655,0.0
2646.6901408450794,32.478288939413204,6.374676643961052,0.0
2656.7042253521217,32.47800833628767,6.374641786068666,0.0
2666.718309859164,32.47772925472761,6.3746071170829275,0.0
2676.7323943662063,32.477451680792846,6.374572635273892,0.0
2686.7464788732486,32.47717560072258,6.37453833893387,0.0
2696.760563380291,32.47690100093244,6.374504226377055,0.0
2706.7746478873332,32.47662786801157,6.374470295939167,0.0
2716.7887323943755,32.47635618871976,6.374436545977098,0.0
2726.802816901418,32.47608594998469,6.3744029748685636,0.0
2736.81690140846,32.47581713889916,6.374369581011764,0.0
2746.8309859155024,32.47554974271842,6.374336362825054,0.0
2756.8450704225447,32.47528374885754,6.374303318746614,0.0
2766.859154929587,32.47501914488884,6.3742704472341325,0.0
2776.8732394366293,32.47475591853935,6.374237746764491,0.0
2786.8873239436716,32.474494057688354,6.374205215833459,0.0
2796.901408450714,32.47423355036493,6.37417285295539,0.0
2806.915492957756,32.4739743847456,6.374140656662928,0.0
2816.9295774647985,32.47371654915198,6.374108625506718,0.0
2826.943661971841,32.47346003204849,6.374076758055124,0.0
2836.957746478883,32.47320482204012,6.374045052893943,0.0
2846.9718309859254,32.4729509078702,6.374013508626143,0.0
2856.9859154929677,32.47269827841827,6.373982123871584,0.0
2867.00000000001,32.472446922697955,6.373950897266764,0.0
2877.0140845070523,32.472196829854866,6.373919827464553,0.0
2887.0281690140946,32.47194798916458,6.37388891313395,0.0
2897.042253521137,32.47170039003064,6.373858152959825,0.0
2907.056338028179,32.47145402198257,6.37382754564268,0.0
2917.0704225352215,32.47120887467396,6.373797089898413,0.0
2927.084507042264,32.4709649378806,6.373766784458075,0.0
2937.098591549306,32.47072220149859,6.373736628067651,0.0
2947.1126760563484,32.47048065554252,6.373706619487823,0.0
2957.1267605633907,32.4702402901437,6.373676757493755,0.0
2967.140845070433,32.47000109554841,6.373647040874877,0.0
2977.1549295774753,32.46976306211616,6.373617468434664,0.0
2987.1690140845176,32.46952618031799,6.373588038990431,0.0
2997.18309859156,32.469290440734845,6.373558751373128,0.0
3007.197183098602,32.46905583405592,6.373529604427138,0.0
3017.2112676056445,32.468822351077065,6.373500597010072,0.0
3027.225352112687,32.4685899826992,6.373471727992584,0.0
3037.239436619729,32.468358719926805,6.373442996258172,0.0
3047.2535211267714,32.46812855386637,6.373414400702992,0.0
3057.2676056338137,32.46789947572494,6.373385940235676,0.0
3067.281690140856,32.46767147680861,6.373357613777147,0.0
3077.2957746478983,32.46744454852113,6.373329420260444,0.0
3087.3098591549406,32.467218682362464,6.373301358630544,0.0
3097.323943661983,32.466993869927435,6.3732734278441905,0.0
3107.338028169025,32.466770102904334,6.373245626869731,0.0
3117.3521126760675,32.466547373073595,6.37321795468694,0.0
3127.3661971831098,32.46632567230649,6.373190410286866,0.0
3137.380281690152,32.466104992563814,6.373162992671664,0.0
3147.3943661971944,32.46588532589465,6.373135700854443,0.0
3157.4084507042367,32.46566666443508,6.373108533859111,0.0
3167.422535211279,32.46544900040701,6.373081490720219,0.0
3177.4366197183213,32.46523232611692,6.373054570482817,0.0
3187.4507042253636,32.4650166339547,6.373027772202302,0.0
3197.464788732406,32.46480191639249,6.373001094944278,0.0
3207.478873239448,32.46458816598353,6.372974537784412,0.0
3217.4929577464904,32.46437537536104,6.372948099808292,0.0
3227.5070422535327,32.464163537237106,6.372921780111299,0.0
3237.521126760575,32.46395264440161,6.37289557779846,0.0
3247.5352112676173,32.463742689721144,6.372869491984325,0.0
3257.5492957746596,32.46353366613797,6.372843521792831,0.0
3267.563380281702,32.463325566668985,6.372817666357177,0.0
3277.5774647887442,32.46311838440471,6.372791924819698,0.0
3287.5915492957865,32.46291211250828,6.372766296331741,0.0
3297.605633802829,32.462706744214465,6.3727407800535385,0.0
3307.619718309871,32.46250227282872,6.372715375154097,0.0
3317.6338028169134,32.46229869172622,6.372690080811071,0.0
3327.6478873239557,32.46209599435092,6.3726648962106545,0.0
3337.661971830998,32.46189417421465,6.372639820547462,0.0
3347.6760563380403,32.4616932248962,6.372614853024416,0.0
3357.6901408450826,32.46149314004045,6.3725899928526415,0.0
3367.704225352125,32.46129391335747,6.37256523925135,0.0
3377.718309859167,32.46109553862167,6.372540591447741,0.0
3387.7323943662095,32.460898009670956,6.372516048676892,0.0
3397.746478873252,32.46070132040589,6.3724916101816556,0.0
3407.760563380294,32.46050546478888,6.372467275212557,0.0
3417.7746478873364,32.46031043684337,6.372443043027699,0.0
3427.7887323943787,32.460116230653036,6.372418912892656,0.0
3437.802816901421,32.45992284036101,6.372394884080382,0.0
3447.8169014084633,32.45973026016912,6.372370955871114,0.0
3457.8309859155056,32.45953848433712,6.372347127552279,0.0
3467.845070422548,32.45934750718197,6.372323398418399,0.0
3477.85915492959,32.459157323077044,6.372299767771003,0.0
3487.8732394366325,32.45896792645149,6.3722762349185365,0.0
3497.887323943675,32.45877931178946,6.372252799176272,0.0
3507.901408450717,32.45859147362943,6.372229459866222,0.0
3517.9154929577594,32.45840440656351,6.372206216317059,0.0
3527.9295774648017,32.45821810523676,6.3721830678640226,0.0
3537.943661971844,32.45803256434654,6.372160013848844,0.0
3547.9577464788863,32.457847778641835,6.372137053619661,0.0
3557.9718309859286,32.45766374292262,6.372114186530941,0.0
3567.985915492971,32.45748045203921,6.372091411943396,0.0
3578.000000000013,32.45729790089165,6.372068729223909,0.0
3588.0140845070555,32.457116084429074,6.372046137745459,0.0
3598.028169014098,32.45693499764912,6.3720236368870395,0.0
3608.04225352114,32.45675463559732,6.372001226033593,0.0
3618.0563380281824,32.4565749933665,6.371978904575926,0.0
3628.0704225352247,32.45639606609623,6.371956671910648,0.0
3638.084507042267,32.45621784897221,6.371934527440095,0.0
3648.0985915493093,32.45604033722573,6.37191247057226,0.0
3658.1126760563516,32.45586352613312,6.371890500720726,0.0
3668.126760563394,32.45568741101519,6.371868617304592,0.0
3678.140845070436,32.4555119872367,6.371846819748419,0.0
3688.1549295774785,32.4553372502058,6.371825107482147,0.0
3698.1690140845208,32.45516319537356,6.371803479941043,0.0
3708.183098591563,32.45498981823339,6.371781936565633,0.0
3718.1971830986054,32.45481711432061,6.371760476801639,0.0
3728.2112676056477,32.45464507921187,6.3717391000999175,0.0
3738.22535211269,32.4544737085247,6.371717805916392,0.0
3748.2394366197323,32.454302997917026,6.371696593712005,0.0
3758.2535211267746,32.45413294308667,6.371675462952649,0.0
3768.267605633817,32.45396353977089,6.37165441310911,0.0
3778.281690140859,32.45379478374592,6.371633443657012,0.0
3788.2957746479015,32.4536266708265,6.371612554076758,0.0
3798.3098591549438,32.45345919686543,6.371591743853473,0.0
3808.323943661986,32.45329235775313,6.371571012476952,0.0
3818.3380281690283,32.45312614941717,6.371550359441604,0.0
3828.3521126760706,32.452960567821904,6.3715297842463965,0.0
3838.366197183113,32.45279560896795,6.371509286394805,0.0
3848.3802816901552,32.452631268891864,6.37148886539476,0.0
3858.3943661971975,32.452467543665655,6.371468520758595,0.0
3868.40845070424,32.452304429396406,6.371448252002994,0.0
3878.422535211282,32.45214192222588,6.371428058648947,0.0
3888.4366197183244,32.45198001833009,6.371407940221698,0.0
3898.4507042253667,32.45181871391895,6.371387896250692,0.0
3908.464788732409,32.45165800523584,6.371367926269534,0.0
3918.4788732394513,32.45149788855728,6.371348029815936,0.0
3928.4929577464936,32.45133836019249,6.371328206431674,0.0
3938.507042253536,32.451179416483086,6.3713084556625414,0.0
3948.521126760578,32.45102105380267,6.371288777058303,0.0
3958.5352112676205,32.450863268556475,6.37126917017265,0.0
3968.549295774663,32.45070605718103,6.371249634563156,0.0
3978.563380281705,32.450549416143794,6.371230169791236,0.0
3988.5774647887474,32.45039334194281,6.371210775422099,0.0
3998.5915492957897,32.450237831106364,6.371191451024708,0.0
4008.605633802832,32.45008288019266,6.37117219617174,0.0
4018.6197183098743,32.44992848578948,6.371153010439543,0.0
4028.6338028169166,32.449774644513845,6.371133893408096,0.0
4038.647887323959,32.449621353011715,6.371114844660966,0.0
4048.661971831001,32.449468607957655,6.371095863785272,0.0
4058.6760563380435,32.44931640605452,6.371076950371646,0.0
4068.690140845086,32.44916474403317,6.371058104014194,0.0
4078.704225352128,32.44901361865212,6.3710393243104555,0.0
4088.7183098591704,32.448863026697275,6.37102061086137,0.0
4098.732394366212,32.448712964981624,6.371001963271238,0.0
4108.746478873254,32.44856343034493,6.370983381147682,0.0
4118.760563380296,32.44841441965347,6.3709648641016186,0.0
4128.774647887338,32.4482659297997,6.370946411747213,0.0
4138.78873239438,32.448117957702046,6.3709280237018495,0.0
4148.8028169014215,32.44797050030455,6.3709096995860985,0.0
4158.816901408463,32.447823554576644,6.370891439023677,0.0
4168.830985915505,32.44767711751285,6.37087324164142,0.0
4178.845070422547,32.44753118613255,6.370855107069245,0.0
4188.859154929589,32.44738575747967,6.370837034940117,0.0
4198.873239436631,32.44724082862247,6.3708190248900225,0.0
4208.8873239436725,32.447096396653244,6.370801076557929,0.0
4218.901408450714,32.446952458688095,6.370783189585764,0.0
4228.915492957756,32.44680901186667,6.370765363618371,0.0
4238.929577464798,32.44666605335192,6.370747598303492,0.0
4248.94366197184,32.446523580329846,6.370729893291725,0.0
4258.957746478882,32.446381590009274,6.370712248236506,0.0
4268.971830985924,32.4462400796216,6.370694662794069,0.0
4278.985915492965,32.446099046420564,6.3706771366234225,0.0
4289.000000000007,32.445958487682006,6.37065966938632,0.0
4299.014084507049,32.44581840070366,6.370642260747228,0.0
4309.028169014091,32.4456787828049,6.370624910373306,0.0
4319.042253521133,32.44553963132654,6.37060761793437,0.0
4329.056338028175,32.4454009436306,6.370590383102869,0.0
4339.0704225352165,32.44526271710011,6.37057320555386,0.0
4349.084507042258,32.44512494913884,6.370556084964977,0.0
4359.0985915493,32.444987637171145,6.370539021016405,0.0
4369.112676056342,32.444850778641744,6.3705220133908576,0.0
4379.126760563384,32.444714371015486,6.370505061773552,0.0
4389.140845070426,32.44457841177717,6.370488165852176,0.0
4399.154929577468,32.44444289843135,6.370471325316871,0.0
4409.169014084509,32.44430782850209,6.370454539860205,0.0
4419.183098591551,32.44417319953282,6.370437809177143,0.0
4429.197183098593,32.44403900908612,6.37042113296503,0.0
4439.211267605635,32.44390525474351,6.370404510923565,0.0
4449.225352112677,32.44377193410531,6.370387942754775,0.0
4459.239436619719,32.44363904479038,6.3703714281629935,0.0
4469.2535211267605,32.44350658443601,6.370354966854839,0.0
4479.267605633802,32.443374550697676,6.370338558539187,0.0
4489.281690140844,32.4432429412489,6.370322202927156,0.0
4499.295774647886,32.44311175378105,6.370305899732077,0.0
4509.309859154928,32.442980986003164,6.370289648669479,0.0
4519.32394366197,32.4428506356418,6.370273449457058,0.0
4529.3380281690115,32.44272070044082,6.370257301814666,0.0
4539.352112676053,32.44259117816127,6.370241205464283,0.0
4549.366197183095,32.44246206658118,6.370225160129999,0.0
4559.380281690137,32.44233336349539,6.370209165537991,0.0
4569.394366197179,32.442205066715424,6.370193221416509,0.0
4579.408450704221,32.44207717406928,6.370177327495843,0.0
4589.422535211263,32.44194968340132,6.370161483508317,0.0
4599.436619718304,32.44182259257206,6.370145689188265,0.0
4609.450704225346,32.44169589945807,6.370129944272006,0.0
4619.464788732388,32.44156960195176,6.37011424849783,0.0
4629.47887323943,32.44144369796128,6.37009860160598,0.0
4639.492957746472,32.44131818541033,6.370083003338629,0.0
4649.507042253514,32.441193062238035,6.370067453439865,0.0
4659.5211267605555,32.441068326398785,6.370051951655671,0.0
4669.535211267597,32.4409439758621,6.37003649773391,0.0
4679.549295774639,32.44082000861246,6.3700210914243,0.0
4689.563380281681,32.44069642264921,6.370005732478403,0.0
4699.577464788723,32.44057321598637,6.369990420649607,0.0
4709.591549295765,32.44045038665253,6.369975155693105,0.0
4719.605633802807,32.440327932690685,6.369959937365881,0.0
4729.619718309848,32.44020585215814,6.369944765426691,0.0
4739.63380281689,32.44008414312631,6.369929639636051,0.0
4749.647887323932,32.43996280368067,6.369914559756213,0.0
4759.661971830974,32.43984183192055,6.369899525551155,0.0
4769.676056338016,32.439721225959055,6.369884536786562,0.0
4779.690140845058,32.4396009839229,6.369869593229812,0.0
4789.7042253520995,32.43948110395232,6.369854694649958,0.0
4799.718309859141,32.43936158420091,6.369839840817713,0.0
4809.732394366183,32.43924242283552,6.369825031505436,0.0
4819.746478873225,32.43912361803614,6.369810266487117,0.0
4829.760563380267,32.43900516799576,6.369795545538358,0.0
4839.774647887309,32.43888707092025,6.369780868436363,0.0
4849.7887323943505,32.43876932502827,6.369766234959922,0.0
4859.802816901392,32.43865192855111,6.369751644889394,0.0
4869.816901408434,32.438534879732615,6.369737098006696,0.0
4879.830985915476,32.43841817682904,6.3697225940952835,0.0
4889.845070422518,32.43830181810896,6.369708132940147,0.0
4899.85915492956,32.438185801853145,6.369693714327786,0.0
4909.873239436602,32.43807012635445,6.369679338046201,0.0
4919.887323943643,32.4379547899177,6.369665003884882,0.0
4929.901408450685,32.4378397908596,6.369650711634789,0.0
4939.915492957727,32.437725127508614,6.369636461088347,0.0
4949.929577464769,32.437610798204865,6.369622252039424,0.0
4959.943661971811,32.43749680130002,6.369608084283321,0.0
4969.957746478853,32.4373831351572,6.369593957616766,0.0
4979.9718309858945,32.43726979815086,6.36957987183789,0.0
4989.985915492936,32.43715678866672,6.369565826746224,0.0
4999.999999999978,32.43704410510163,6.369551822142679,1.6447904063245323e+27
