Time,Mass,Radius,Lx
23.0,14.63349375081365,8.74,1.44e+30
24.0,14.628745611083051,8.705092305627293,1.1925043846610094e+30
25.0,14.624796193121933,8.672074701566796,9.95179416442181e+29
26.0,14.621486220765672,8.640740671880964,8.364198297861539e+29
27.0,14.618692790814931,8.610917506648791,7.076135437324933e+29
28.0,14.616320086144237,8.582459167834433,6.022954342949238e+29
29.0,14.6142926938343,8.555240938566659,5.155599672829701e+29
30.0,14.612550736172748,8.52915535271281,4.4364788521921565e+29
40.0,14.603616753130385,8.314588387344283,1.2399886942961013e+29
50.0,14.600201172367488,8.154503367457082,8.3935934359684e+28
60.0,14.597402146446573,8.026614105413381,7.714831860382894e+28
70.0,14.594922057447418,7.920436338462718,7.1839526097698165e+28
80.0,14.592685454098403,7.829880430809608,6.753704932126376e+28
90.0,14.590641724868211,7.7510814897896925,6.395639144257111e+28
100.0,14.588755113625208,7.681437328199012,6.091454898448389e+28
110.0,14.586999333963021,7.619114739531623,5.828769000563589e+28
120.0,14.585354442115628,7.562775070776892,5.5988594974415925e+28
130.0,14.583804913753662,7.51141188779472,5.395379959937288e+28
140.0,14.582338405147455,7.464250018638609,5.213586248707149e+28
150.0,14.580944924175999,7.420680128728689,5.049850482685656e+28
160.0,14.579616257589423,7.380214833991094,4.901344019735667e+28
170.0,14.578345564412823,7.3424583848191585,4.765824069211736e+28
180.0,14.577127080458297,7.307085188256343,4.641486115713732e+28
190.0,14.575955899159517,7.2738242530622745,4.526859421821067e+28
200.0,14.574827806075492,7.2424477042624655,4.4207314856142835e+28
210.0,14.573739151920691,7.212762155919034,4.322092418555591e+28
220.0,14.57268675376272,7.184602130977517,4.230093314772373e+28
230.0,14.571667817154275,7.157824973071877,4.144014630952611e+28
240.0,14.570679874054663,7.132306862924411,4.063241848868516e+28
250.0,14.569720732820514,7.107939664256644,3.98724651630461e+28
260.0,14.568788437534383,7.084628400734077,3.9155713147974785e+28
270.0,14.567881234638612,7.062289218654165,3.8478181801503737e+28
280.0,14.566997545342485,7.040847727605133,3.7836387639504784e+28
290.0,14.566135942634872,7.020237638176532,3.7227267092869343e+28
300.0,14.565295132002593,7.000399635281372,3.6648113461595733e+28
310.0,14.564473935154409,6.9812804399547925,3.60965250791165e+28
320.0,14.563671276201003,6.9628320231203045,3.5570362402899628e+28
330.0,14.562886169855723,6.945010942792049,3.5067712268295345e+28
340.0,14.562117711308753,6.927777782229663,3.4586857932789157e+28
350.0,14.561365067495476,6.911096671190469,3.412625383290002e+28
360.0,14.560627469532978,6.894934875995405,3.368450420112896e+28
370.0,14.559904206140518,6.879262446904374,3.326034486363514e+28
380.0,14.559194617892983,6.864051913475185,3.2852627673713064e+28
390.0,14.558498092182868,6.849278020300723,3.2460307141167095e+28
400.0,14.557814058787592,6.834917496886211,3.2082428900326276e+28
410.0,14.5571419859562,6.82094885652241,3.1718119724913e+28
420.0,14.556481376943472,6.807352219890966,3.136657885016986e+28
430.0,14.555831766930922,6.7941091598505015,3.102707040450093e+28
440.0,14.555192720283545,6.781202564432066,3.0698916786634987e+28
450.0,14.554563828098944,6.768616515546604,3.0381492851682796e+28
460.0,14.553944706011913,6.756336181297069,3.0074220791759957e+28
470.0,14.553334992222887,6.744347720109605,2.9776565615107573e+28
480.0,14.552734345723186,6.732638195165238,2.948803114266517e+28
490.0,14.552142444693747,6.721195497835909,2.92081564534635e+28
500.0,14.55155898505719,6.7100082790146445,2.893651272050536e+28
510.0,14.550983679165784,6.699065887385821,2.867270038738437e+28
520.0,14.550416254610163,6.688358313813049,2.841634664306952e+28
530.0,14.549856453135567,6.677876141133492,2.816710315830897e+28
540.0,14.549304029654072,6.667610498741817,2.7924644052183044e+28
550.0,14.548758751342701,6.657553021427438,2.7688664061627976e+28
560.0,14.548220396818515,6.6476958119972505,2.7458876890391385e+28
570.0,14.547688755382874,6.638031407274955,2.723501371697757e+28
580.0,14.547163626327965,6.62855274711853,2.7016821843783096e+28
590.0,14.546644818299464,6.6192531461409665,2.6804063471885295e+28
600.0,14.546132148709942,6.610126267856943,2.6596514587887424e+28
610.0,14.545625443198182,6.6011661010106835,2.6393963950895397e+28
620.0,14.545124535130133,6.5923669378685545,2.619621216914242e+28
630.0,14.54462926513768,6.583723354284471,2.6003070857025407e+28
640.0,14.544139480691788,6.575230191367744,2.5814361864398397e+28
650.0,14.543655035707,6.566882538601698,2.562991657090865e+28
660.0,14.543175790174507,6.558675718277872,2.544957523897999e+28
670.0,14.542701609821348,6.55060527112504,2.5273186419763407e+28
680.0,14.542232365793508,6.542666943025003,2.5100606407000654e+28
690.0,14.541767934360907,6.534856672718314,2.4931698734295533e+28
700.0,14.541308196642495,6.527170580413001,2.476633371176957e+28
710.0,14.54085303834979,6.519604957218059,2.460438799850351e+28
720.0,14.540402349547396,6.5121562553313534,2.4445744207540246e+28
730.0,14.539956024429154,6.504821078918386,2.429029054055583e+28
740.0,14.539513961108707,6.497596175624537,2.413792044959798e+28
750.0,14.539076061423359,6.4904784286689114,2.398853232355122e+28
760.0,14.538642230750236,6.483464849472725,2.3842029197218554e+28
770.0,14.538212377833815,6.476552570779612,2.3698318481114586e+28
780.0,14.537786414623978,6.469738840229075,2.355731171024829e+28
790.0,14.537364256123828,6.463021014347881,2.341892431033636e+28
800.0,14.536945820246565,6.456396552927245,2.328307538003446e+28
810.0,14.53653102768077,6.449863013756628,2.3149687487903916e+28
820.0,14.536119801763503,6.443418047687375,2.301868648294882e+28
830.0,14.535712068360686,6.4370593940018,2.289000131766329e+28
840.0,14.535307755754259,6.430784876065417,2.2763563882623367e+28
850.0,14.534906794535642,6.4245923972418115,2.2639308851743024e+28
860.0,14.534509117505111,6.418479937051458,2.2517173537390258e+28
870.0,14.534114659576659,6.41244554755721,2.2397097754628706e+28
880.0,14.533723357687999,6.40648734996069,2.2279023693912356e+28
890.0,14.533335150715386,6.400603531395008,2.216289580161784e+28
900.0,14.532949979392939,6.394792341900429,2.2048660667849705e+28
910.0,14.532567786236163,6.389052091570642,2.1936266921000658e+28
920.0,14.532188515469443,6.383381147858261,2.1825665128590856e+28
930.0,14.531812112957233,6.3777779330290105,2.171680770394865e+28
940.0,14.531438526138725,6.372240921754955,2.1609648818329993e+28
950.0,14.53106770396579,6.366768638837716,2.1504144318105492e+28
960.0,14.530699596843993,6.361359657053416,2.1400251646673e+28
970.0,14.53033415657649,6.356012595111643,2.129792977077997e+28
980.0,14.529971336310652,6.350726115721262,2.1197139110964083e+28
990.0,14.529611090487247,6.345498923756498,2.1097841475842444e+28
1000.0,14.529253374792045,6.340329764517115,2.100000000000001e+28
1010.0,14.528899948264728,6.33521803973966,2.0672322970756745e+28
1020.0,14.528552490322477,6.330163158254431,2.0352912247776216e+28
1030.0,14.528210842558968,6.325163933303164,2.0041481288639778e+28
1040.0,14.52787485226663,6.320219214237788,1.9737756135801896e+28
1050.0,14.527544372178973,6.315327885083848,1.9441474749595293e+28
1060.0,14.52721926022689,6.310488863174269,1.9152386382528993e+28
1070.0,14.52689937930807,6.305701097849347,1.8870250991961817e+28
1080.0,14.526584597068688,6.300963569219212,1.859483868846502e+28
1090.0,14.526274785696618,6.296275286985162,1.8325929217398739e+28
1100.0,14.525969821725456,6.29163528931659,1.8063311471419465e+28
1110.0,14.525669585848703,6.287042641780374,1.780678303181173e+28
1120.0,14.525373962743492,6.282496436319846,1.7556149736698215e+28
1130.0,14.52508284090327,6.277995790280606,1.7311225274329873e+28
1140.0,14.524796112478947,6.2735398454806415,1.7071830799792567e+28
1150.0,14.524513673127966,6.26912776732237,1.6837794573590683e+28
1160.0,14.52423542187087,6.264758743944366,1.6608951620681619e+28
1170.0,14.523961260954904,6.26043198541065,1.6385143408639486e+28
1180.0,14.523691095724281,6.256146722935613,1.616621754372217e+28
1190.0,14.523424834496701,6.251902208142658,1.595202748370407e+28
1200.0,14.523162388445797,6.247697712354894,1.574243226641801e+28
1210.0,14.522903671489159,6.243532525916169,1.5537296253024558e+28
1220.0,14.52264860018164,6.2394059575409635,1.533648888509583e+28
1230.0,14.522397093613648,6.235317333691649,1.5139884454664428e+28
1240.0,14.52214907331415,6.23126599798176,1.49473618864468e+28
1250.0,14.521904463158137,6.227251310604004,1.4758804531504415e+28
1260.0,14.52166318927832,6.223272647781773,1.4574099971656262e+28
1270.0,14.521425179980804,6.2193294012430265,1.439313983400236e+28
1280.0,14.521190365664573,6.2154209777154605,1.4215819614960912e+28
1290.0,14.520958678744536,6.21154679844193,1.404203851326125e+28
1300.0,14.520730053578,6.2077062987151805,1.3871699271371596e+28
1310.0,14.520504426394343,6.203898927430965,1.3704708024874549e+28
1320.0,14.52028173522778,6.200124146658689,1.3540974159334943e+28
1330.0,14.520061919853003,6.196381431228749,1.3380410174234e+28
1340.0,14.519844921723603,6.192670268335849,1.3222931553570825e+28
1350.0,14.519630683913103,6.188990157157477,1.3068456642757738e+28
1360.0,14.519419151058484,6.185340608486936,1.2916906531459367e+28
1370.0,14.519210269306082,6.181721144380221,1.2768204942047305e+28
1380.0,14.519003986259738,6.178131297816142,1.2622278123362543e+28
1390.0,14.518800250931085,6.17457061236909,1.2479054749496796e+28
1400.0,14.51859901369188,6.171038641893912,1.233846582332157e+28
1410.0,14.518400226228282,6.167534950222331,1.2200444584510194e+28
1420.0,14.518203841496975,6.164059110870438,1.2064926421813523e+28
1430.0,14.51800981368305,6.1606107067567635,1.1931848789364233e+28
1440.0,14.517818098159578,6.157189329930459,1.1801151126798102e+28
1450.0,14.517628651448772,6.15379458130921,1.1672774782993082e+28
1460.0,14.51744143118469,6.150426070426386,1.154666294323876e+28
1470.0,14.517256396077384,6.147083415187138,1.1422760559659621e+28
1480.0,14.517073505878448,6.1437662416329655,1.1301014284725754e+28
1490.0,14.516892721347892,6.140474183714495,1.1181372407694333e+28
1500.0,14.516714004222282,6.137206883072071,1.1063784793833934e+28
1510.0,14.516537317184092,6.133963988823863,1.0948202826292334e+28
1520.0,14.516362623832224,6.130745157361176,1.0834579350476176e+28
1530.0,14.516189888653617,6.127550052150692,1.0722868620818287e+28
1540.0,14.516019076995931,6.124378343543331,1.0613026249815365e+28
1550.0,14.515850155041232,6.1212297085894924,1.0505009159225166e+28
1560.0,14.515683089780653,6.118103830860429,1.03987755333185e+28
1570.0,14.515517848989978,6.115000400275479,1.0294284774086978e+28
1580.0,14.515354401206114,6.111919112934977,1.0191497458312828e+28
1590.0,14.515192715704412,6.108859670958568,1.009037529641226e+28
1600.0,14.515032762476807,6.105821782328766,9.990881092968358e+27
1610.0,14.514874512210728,6.1028051607395195,9.892978708874242e+27
1620.0,14.514717936268767,6.099809525449611,9.796633025011201e+27
1630.0,14.514563006669052,6.0968346011407135,9.701809907390544e+27
1640.0,14.514409696066318,6.093880117779889,9.608476173691668e+27
1650.0,14.514257977733632,6.09094581048644,9.516599561132273e+27
1660.0,14.514107825544746,6.088031419402855,9.426148695610042e+27
1670.0,14.513959213957067,6.085136689569776,9.337093062058115e+27
1680.0,14.513812117995196,6.082261370804806,9.249402975959729e+27
1690.0,14.513666513235036,6.07940521758502,9.16304955597011e+27
1700.0,14.513522375788437,6.076567988933023,9.078004697596307e+27
1710.0,14.513379682288347,6.073749448306497,8.994241047888179e+27
1720.0,14.513238409874468,6.070949363491017,8.911731981096021e+27
1730.0,14.513098536179385,6.068167506496096,8.830451575252566e+27
1740.0,14.512960039315148,6.0654036534542985,8.750374589639128e+27
1750.0,14.512822897860305,6.062657584523347,8.671476443097698e+27
1760.0,14.512687090847347,6.059929083791079,8.593733193152574e+27
1770.0,14.512552597750561,6.0572179391832055,8.517121515906934e+27
1780.0,14.512419398474286,6.054523942373709,8.44161868668139e+27
1790.0,14.512287473341528,6.051846888697863,8.367202561363174e+27
1800.0,14.51215680308296,6.049186577067719,8.293851558436053e+27
1810.0,14.512027368826242,6.046542809890013,8.221544641662521e+27
1820.0,14.511899152085713,6.043915392986413,8.150261303391145e+27
1830.0,14.51177213475237,6.041304135515983,8.079981548463201e+27
1840.0,14.511646299084186,6.038708849899864,8.010685878693961e+27
1850.0,14.51152162769672,6.0361293517480235,7.942355277905115e+27
1860.0,14.51139810355401,6.033565459788054,7.874971197485895e+27
1870.0,14.511275709959758,6.031016995795932,7.808515542461523e+27
1880.0,14.511154430548773,6.028483784528678,7.742970658048529e+27
1890.0,14.51103424927868,6.025965653658858,7.678319316677471e+27
1900.0,14.510915150421875,6.023462433710856,7.614544705464416e+27
1910.0,14.510797118557731,6.020973957998878,7.551630414113405e+27
1920.0,14.510680138565021,6.0185000625666145,7.489560423232927e+27
1930.0,14.510564195614586,6.0160405861285255,7.428319093050128e+27
1940.0,14.510449275162198,6.013595370012675,7.367891152507286e+27
1950.0,14.510335362941655,6.011164258105087,7.308261688725672e+27
1960.0,14.510222444958059,6.008747096795563,7.249416136822628e+27
1970.0,14.510110507481302,6.00634373492492,7.191340270068296e+27
1980.0,14.50999953703974,6.003954023733597,7.134020190368996e+27
1990.0,14.50988952041404,6.001577816811604,7.077442319064844e+27
2000.0,14.509780444631215,5.999214970049756,7.021593388029709e+27
2010.0,14.50967229695882,5.996865341592162,6.96646043106212e+27
2020.0,14.509565064899322,5.994528791789914,6.912030775556237e+27
2030.0,14.509458736184618,5.992205183155978,6.858292034442414e+27
2040.0,14.509353298770717,5.989894380321195,6.805232098387385e+27
2050.0,14.50924874083257,5.987596249991418,6.752839128244452e+27
2060.0,14.509145050759031,5.985310660905705,6.701101547744518e+27
2070.0,14.509042217147979,5.983037483795554,6.650008036419139e+27
2080.0,14.508940228801555,5.980776591345151,6.599547522747148e+27
2090.0,14.508839074721541,5.978527858152612,6.549709177516783e+27
2100.0,14.508738744104864,5.976291160692147,6.500482407395502e+27
2110.0,14.508639226339216,5.974066377277179,6.451856848700087e+27
2120.0,14.508540510998799,5.9718533880243445,6.403822361359834e+27
2130.0,14.508442587840182,5.969652074818368,6.356369023066017e+27
2140.0,14.50834544679827,5.967462321277782,6.309487123600992e+27
2150.0,14.508249077982379,5.965284012721474,6.263167159340641e+27
2160.0,14.508153471672419,5.963117036136024,6.21739982792408e+27
2170.0,14.508058618315166,5.960961280143824,6.172176023084782e+27
2180.0,14.507964508520656,5.958816634971951,6.127486829637529e+27
2190.0,14.507871133058645,5.956682992421769,6.083323518615782e+27
2200.0,14.50777848285518,5.954560245839247,6.039677542554322e+27
2210.0,14.507686548989254,5.952448290085973,5.996540530912156e+27
2220.0,14.507595322689548,5.950347021510826,5.953904285630928e+27
2230.0,14.507504795331254,5.948256337922324,5.911760776824224e+27
2240.0,14.50741495843298,5.9461761385615866,5.87010213859335e+27
2250.0,14.50732580365374,5.9441063240759355,5.828920664965313e+27
2260.0,14.507237322790013,5.94204679649309,5.788208805948954e+27
2270.0,14.507149507772874,5.93999745919594,5.747959163705229e+27
2280.0,14.507062350665212,5.937958216897904,5.708164488827907e+27
2290.0,14.506975843658998,5.935928975618834,5.668817676730996e+27
2300.0,14.506889979072636,5.933909642661455,5.629911764139403e+27
2310.0,14.506804749348372,5.93190012658834,5.591439925679439e+27
2320.0,14.506720147049775,5.929900337199401,5.553395470565903e+27
2330.0,14.506636164859263,5.927910185509848,5.515771839382628e+27
2340.0,14.506552795575715,5.925929583728676,5.478562600953437e+27
2350.0,14.506470032112118,5.923958445237595,5.441761449300615e+27
2360.0,14.506387867493281,5.92199668457042,5.405362200688098e+27
2370.0,14.50630629485361,5.920044217392929,5.36935879074663e+27
2380.0,14.506225307434926,5.918100960483137,5.333745271678346e+27
2390.0,14.506144898584338,5.916166831712003,5.298515809538197e+27
2400.0,14.506065061752171,5.91424175002455,5.263664681589847e+27
2410.0,14.505985790489943,5.9123256354214,5.22918627373367e+27
2420.0,14.505907078448383,5.910418408940675,5.195075078004597e+27
2430.0,14.505828919375505,5.908519992640315,5.161325690137657e+27
2440.0,14.50575130711472,5.906630309580738,5.127932807199073e+27
2450.0,14.505674235602994,5.904749283807892,5.094891225280932e+27
2460.0,14.505597698869055,5.902876840336637,5.062195837257431e+27
2470.0,14.505521691031632,5.901012905134502,5.029841630600844e+27
2480.0,14.505446206297739,5.899157405105745,4.997823685255364e+27
2490.0,14.505371238961,5.897310268075774,4.96613717156707e+27
2500.0,14.505296783400015,5.89547142277587,4.9347773482683246e+27
2510.0,14.50522283407675,5.8936407988282316,4.9037395605149455e+27
2520.0,14.505149385534986,5.891818326731327,4.8730192379745754e+27
2530.0,14.505076432398775,5.890003937845528,4.8426118929647233e+27
2540.0,14.505003969370959,5.888197564379061,4.812513118638976e+27
2550.0,14.504931991231704,5.886399139374223,4.782718587219978e+27
2560.0,14.50486049283707,5.88460859669388,4.7532240482777655e+27
2570.0,14.504789469117618,5.882825871008235,4.7240253270521473e+27
2580.0,14.504718915077046,5.881050897781863,4.6951183228178203e+27
2590.0,14.50464882579085,5.879283613261009,4.6664990072909734e+27
2600.0,14.504579196405025,5.877523954461113,4.6381634230761824e+27
2610.0,14.504510022134781,5.87577185915462,4.6101076821524143e+27
2620.0,14.504441298263298,5.874027265858992,4.5823279643970145e+27
2630.0,14.504373020140507,5.872290113824979,4.554820516146587e+27
2640.0,14.50430518318189,5.870560343025115,4.527581648793707e+27
2650.0,14.50423778286731,5.86883789414242,4.500607737418442e+27
2660.0,14.504170814739876,5.867122708559348,4.473895219453685e+27
2670.0,14.504104274404812,5.865414728346929,4.4474405933833523e+27
2680.0,14.504038157528369,5.86371389625412,4.421240417472513e+27
2690.0,14.503972459836751,5.862020155697373,4.395291308528541e+27
2700.0,14.503907177115064,5.860333450750392,4.3695899406924346e+27
2710.0,14.50384230520629,5.858653726134078,4.344133044259453e+27
2720.0,14.503777840010281,5.856980927206687,4.3189174045282533e+27
2730.0,14.503713777482776,5.855314999954144,4.29393986067774e+27
2740.0,14.503650113634436,5.853655890980569,4.26919730467086e+27
2750.0,14.503586844529897,5.852003547498951,4.244686680184601e+27
2760.0,14.503523966286853,5.850357917322022,4.220404981565472e+27
2770.0,14.503461475075143,5.848718948853282,4.1963492528097766e+27
2780.0,14.503399367115872,5.847086591078201,4.1725165865679943e+27
2790.0,14.503337638680534,5.845460793555581,4.148904123172623e+27
2800.0,14.50327628609017,5.8438415064090705,4.125509049688843e+27
2810.0,14.50321530571453,5.84222868031884,4.1023285989873924e+27
2820.0,14.50315469397126,5.8406222665134155,4.079360048839051e+27
2830.0,14.503094447325097,5.839022216761645,4.056600721030163e+27
2840.0,14.503034562287093,5.8374284833648264,4.034047980498628e+27
2850.0,14.50297503541384,5.835841019148964,4.0116992344898246e+27
2860.0,14.50291586330672,5.834259777457179,3.989551931731934e+27
2870.0,14.50285704261117,5.832684712142241,3.9676035616301526e+27
2880.0,14.502798570015958,5.831115777559242,3.945851653479301e+27
2890.0,14.502740442252472,5.829552928558403,3.924293775694334e+27
2900.0,14.502682656094027,5.827996120477994,3.902927535058312e+27
2910.0,14.502625208355187,5.826445309137409,3.881750575987338e+27
2920.0,14.502568095891096,5.824900450830313,3.860760579812065e+27
2930.0,14.50251131559682,5.823361502317974,3.839955264075309e+27
2940.0,14.502454864406712,5.82182842082265,3.819332381845378e+27
2950.0,14.502398739293776,5.820301164021133,3.7988897210446934e+27
2960.0,14.502342937269056,5.81877969003839,3.7786251037933353e+27
2970.0,14.502287455381026,5.817263957441309,3.7585363857671026e+27
2980.0,14.502232290715002,5.815753925232567,3.73862145556975e+27
2990.0,14.502177440392554,5.81424955284459,3.7188782341190155e+27
3000.0,14.502122901570939,5.812750800133623,3.6993046740461135e+27
3010.0,14.50206867144254,5.811257627373909,3.6798987591083297e+27
3020.0,14.502014747234316,5.809769995251941,3.66065850361442e+27
3030.0,14.501961126207265,5.80828786486085,3.6415819518624595e+27
3040.0,14.50190780565589,5.806811197694856,3.6226671775898623e+27
3050.0,14.501854782907685,5.805339955643827,3.603912283435249e+27
3060.0,14.501802055322624,5.803874100987919,3.5853154004118717e+27
3070.0,14.501749620292664,5.802413596392334,3.566874687392331e+27
3080.0,14.501697475241247,5.800958404902119,3.54858833060427e+27
3090.0,14.501645617622827,5.799508489937093,3.530454543136819e+27
3100.0,14.501594044922394,5.798063815286849,3.512471564457492e+27
3110.0,14.501542754655008,5.796624345105808,3.4946376599393017e+27
3120.0,14.501491744365348,5.795190043908409,3.4769511203978414e+27
3130.0,14.501441011627263,5.793760876564322,3.4594102616380864e+27
3140.0,14.501390554043331,5.792336808293786,3.442013424010685e+27
3150.0,14.501340369244433,5.790917804662989,3.42475897197751e+27
3160.0,14.501290454889325,5.789503831579541,3.407645293686253e+27
3170.0,14.501240808664228,5.788094855288017,3.3906708005538333e+27
3180.0,14.501191428282416,5.786690842365575,3.373833926858428e+27
3190.0,14.501142311483816,5.785291759717635,3.3571331293399075e+27
3200.0,14.501093456034615,5.7838975745736345,3.340566886808476e+27
3210.0,14.501044859726875,5.7825082544828525,3.3241336997613334e+27
3220.0,14.500996520378152,5.781123767310303,3.307832090007163e+27
3230.0,14.500948435831122,5.77974408123268,3.291660600298257e+27
3240.0,14.50090060395322,5.778369164734386,3.2756177939701185e+27
3250.0,14.500853022636273,5.776998986603605,3.25970225458834e+27
3260.0,14.500805689796152,5.77563351592846,3.243912585602615e+27
3270.0,14.500758603372425,5.7742727220931975,3.228247410007701e+27
3280.0,14.50071176132801,5.7729165747744675,3.2127053700111787e+27
3290.0,14.500665161648845,5.771565043937644,3.19728512670785e+27
3300.0,14.50061880234356,5.770218099833197,3.1819853597606257e+27
3310.0,14.500572681443147,5.768875712993134,3.1668047670877515e+27
3320.0,14.500526797000648,5.767537854227494,3.151742064556223e+27
3330.0,14.500481147090838,5.7662044946208795,3.1367959856812605e+27
3340.0,14.50043572980992,5.764875605529074,3.1219652813316984e+27
3350.0,14.500390543275225,5.763551158575677,3.107248719441149e+27
3360.0,14.500345585624908,5.7622311256488175,3.092645084724832e+27
3370.0,14.500300855017665,5.760915478897894,3.0781531784019157e+27
3380.0,14.500256349632439,5.759604190730389,3.063771817923267e+27
3390.0,14.50021206766814,5.758297233808708,3.0494998367044774e+27
3400.0,14.500168007343374,5.75699458104709,3.0353360838640565e+27
3410.0,14.500124166896159,5.755696205608539,3.0212794239666673e+27
3420.0,14.500080544583664,5.754402080901818,3.007328736771303e+27
3430.0,14.500037138681947,5.753112180578498,2.993482916984288e+27
3440.0,14.49999394748569,5.751826478530015,2.979740874017002e+27
3450.0,14.499950969307948,5.750544948884816,2.9661015317482195e+27
3460.0,14.499908202479897,5.749267566005508,2.9525638282909644e+27
3470.0,14.499865645350589,5.747994304486076,2.939126715763788e+27
3480.0,14.499823296286705,5.746725139149127,2.9257891600663613e+27
3490.0,14.499781153672323,5.745460045043191,2.912550140659298e+27
3500.0,14.49973921590868,5.744198997440034,2.899408650348118e+27
3510.0,14.499697481413937,5.742941971832039,2.8863636950712487e+27
3520.0,14.499655948622964,5.741688943929612,2.873414293691993e+27
3530.0,14.4996146159871,5.740439889658623,2.860559477794374e+27
3540.0,14.499573481973949,5.739194785157888,2.847798291482762e+27
3550.0,14.499532545067153,5.737953606776701,2.835129791185223e+27
3560.0,14.499491803766183,5.736716331072366,2.822553045460494e+27
3570.0,14.499451256586132,5.735482934807804,2.8100671348085147e+27
3580.0,14.499410902057507,5.734253394949171,2.7976711514844384e+27
3590.0,14.499370738726023,5.733027688663519,2.785364199316048e+27
3600.0,14.499330765152411,5.731805793316486,2.7731453935245134e+27
3610.0,14.499290979912214,5.7305876864700185,2.761013860548403e+27
3620.0,14.499251381595599,5.729373345880138,2.7489687378709015e+27
3630.0,14.499211968807163,5.7281627494947145,2.7370091738501523e+27
3640.0,14.49917274016575,5.726955875451299,2.725134327552664e+27
3650.0,14.499133694304264,5.725752702074971,2.7133433685897234e+27
3660.0,14.499094829869488,5.72455320787622,2.7016354769567406e+27
3670.0,14.499056145521905,5.723357371548847,2.690009842875475e+27
3680.0,14.499017639935524,5.722165171967921,2.678465666639084e+27
3690.0,14.498979311797706,5.720976588187737,2.667002158459928e+27
3700.0,14.498941159808995,5.71979159943981,2.655618538320081e+27
3710.0,14.498903182682946,5.718610185130906,2.644314035824493e+27
3720.0,14.498865379145965,5.717432324841091,2.633087890056745e+27
3730.0,14.498827747937142,5.716257998321814,2.6219393494373493e+27
3740.0,14.498790287808097,5.715087185494004,2.610867671584539e+27
3750.0,14.498752997522816,5.713919866446204,2.5998721231775004e+27
3760.0,14.498715875857497,5.712756021432732,2.588951979821994e+27
3770.0,14.498678921600401,5.711595630871858,2.578106525918324e+27
3780.0,14.498642133551696,5.710438675344013,2.5673350545316e+27
3790.0,14.498605510523314,5.709285135590013,2.556636867264253e+27
3800.0,14.498569051338801,5.708134992509329,2.5460112741307544e+27
3810.0,14.498532754833175,5.706988227158348,2.5354575934344995e+27
3820.0,14.498496619852782,5.705844820748682,2.5249751516468103e+27
3830.0,14.498460645255161,5.704704754645496,2.514563283288012e+27
3840.0,14.4984248299089,5.703568010365846,2.5042213308105515e+27
3850.0,14.498389172693509,5.702434569577054,2.4939486444841075e+27
3860.0,14.498353672499276,5.701304414095096,2.483744582282661e+27
3870.0,14.498318328227144,5.700177525883017,2.473608509773483e+27
3880.0,14.49828313878858,5.699053887049359,2.4635398000080006e+27
3890.0,14.49824810310544,5.697933479846611,2.4535378334145166e+27
3900.0,14.498213220109857,5.6968162866697,2.4436019976927274e+27
3910.0,14.498178488744104,5.695702290054463,2.433731687710022e+27
3920.0,14.498143907960477,5.694591472676178,2.4239263053995187e+27
3930.0,14.498109476721178,5.693483817348087,2.4141852596598067e+27
3940.0,14.498075193998188,5.692379307019948,2.4045079662563613e+27
3950.0,14.49804105877316,5.691277924776618,2.3948938477246006e+27
3960.0,14.498007070037296,5.690179653836627,2.3853423332745542e+27
3970.0,14.497973226791238,5.6890844775507965,2.3758528586971063e+27
3980.0,14.497939528044954,5.687992379400859,2.3664248662717914e+27
3990.0,14.497905972817627,5.686903342998108,2.3570578046761071e+27
4000.0,14.497872560137548,5.685817352082054,2.3477511288963226e+27
4010.0,14.49783928904201,5.6847343905191,2.3385043001397426e+27
4020.0,14.4978061585772,5.683654442301248,2.329316785748411e+27
4030.0,14.497773167798092,5.682577491544798,2.3201880591142233e+27
4040.0,14.497740315768354,5.681503522489082,2.311117599595418e+27
4050.0,14.497707601560235,5.680432519495209,2.3021048924344246e+27
4060.0,14.497675024254473,5.679364467044824,2.2931494286770438e+27
4070.0,14.497642582940196,5.678299349738879,2.2842507050929312e+27
4080.0,14.497610276714822,5.677237152296433,2.275408224097364e+27
4090.0,14.497578104683962,5.676177859553453,2.2666214936742663e+27
4100.0,14.497546065961332,5.675121456461634,2.2578900273004661e+27
4110.0,14.497514159668658,5.674067928087242,2.249213343871167e+27
4120.0,14.497482384935577,5.673017259609951,2.2405909676266096e+27
4130.0,14.497450740899557,5.671969436321728,2.232022428079895e+27
4140.0,14.497419226705802,5.670924443625692,2.223507259945966e+27
4150.0,14.497387841507162,5.669882267035016,2.2150450030716995e+27
4160.0,14.497356584464056,5.668842892171837,2.206635202367117e+27
4170.0,14.497325454744372,5.667806304766169,2.1982774077376703e+27
4180.0,14.497294451523397,5.66677249065484,2.189971174017599e+27
4190.0,14.497263573983721,5.665741435780435,2.1817160609043288e+27
4200.0,14.497232821315167,5.6647131261902635,2.1735116328939018e+27
4210.0,14.4972021927147,5.663687548035318,2.1653574592174104e+27
4220.0,14.497171687386354,5.66266468756927,2.157253113778426e+27
4230.0,14.497141304541147,5.661644531147465,2.1491981750913987e+27
4240.0,14.49711104339701,5.660627065225922,2.141192226221011e+27
4250.0,14.497080903178706,5.659612276360369,2.1332348547224725e+27
4260.0,14.497050883117753,5.658600151205264,2.1253256525827348e+27
4270.0,14.497020982452355,5.6575906765128465,2.117464216162611e+27
4280.0,14.496991200427322,5.656583839132185,2.1096501461397875e+27
4290.0,14.496961536294002,5.655579626008255,2.1018830474527042e+27
4300.0,14.496931989310205,5.654578024181011,2.094162529245299e+27
4310.0,14.496902558740139,5.653579020784473,2.0864882048125911e+27
4320.0,14.496873243854333,5.652582603045833,2.0788596915470944e+27
4330.0,14.496844043929572,5.6515887582845625,2.0712766108860433e+27
4340.0,14.496814958248828,5.650597473911533,2.0637385882594204e+27
4350.0,14.496785986101193,5.649608737428151,2.0562452530387675e+27
4360.0,14.49675712678181,5.648622536425497,2.048796238486772e+27
4370.0,14.496728379591817,5.647638858583475,2.0413911817076064e+27
4380.0,14.496699743838269,5.646657691669979,2.0340297235980196e+27
4390.0,14.496671218834084,5.645679023540069,2.0267115087991576e+27
4400.0,14.496642803897979,5.644702842135137,2.0194361856491028e+27
4410.0,14.496614498354404,5.643729135482117,2.0122034061361257e+27
4420.0,14.496586301533485,5.6427578916926695,2.005012825852627e+27
4430.0,14.496558212770962,5.641789098962398,1.997864103949767e+27
4440.0,14.496530231408126,5.6408227455700715,1.9907569030927658e+27
4450.0,14.496502356791767,5.639858819876844,1.9836908894168635e+27
4460.0,14.49647458827411,5.638897310325497,1.9766657324839315e+27
4470.0,14.49644692521276,5.637938205439683,1.9696811052397185e+27
4480.0,14.496419366970647,5.636981493823182,1.9627366839717295e+27
4490.0,14.496391912915964,5.636027164159153,1.955832148267717e+27
4500.0,14.496364562422121,5.635075205209429,1.94896718097478e+27
4510.0,14.496337314867683,5.6341256058137645,1.942141468159063e+27
4520.0,14.496310169636319,5.6331783548891545,1.9353546990660341e+27
4530.0,14.496283126116747,5.632233441429104,1.9286065660813477e+27
4540.0,14.496256183702688,5.631290854502951,1.9218967646922675e+27
4550.0,14.496229341792803,5.630350583255163,1.9152249934496523e+27
4560.0,14.496202599790653,5.629412616904671,1.9085909539304866e+27
4570.0,14.49617595710464,5.628476944744178,1.9019943507009508e+27
4580.0,14.496149413147963,5.627543556139515,1.8954348912800234e+27
4590.0,14.496122967338565,5.626612440528962,1.888912286103604e+27
4600.0,14.496096619099086,5.625683587422614,1.8824262484891477e+27
4610.0,14.496070367856818,5.624756986401724,1.8759764946008053e+27
4620.0,14.49604421304365,5.62383262711808,1.8695627434150605e+27
4630.0,14.496018154096024,5.62291049929336,1.8631847166868528e+27
4640.0,14.495992190454897,5.621990592718523,1.8568421389161846e+27
4650.0,14.495966321565684,5.621072897253191,1.8505347373151943e+27
4660.0,14.495940546878215,5.620157402825029,1.844262241775701e+27
4670.0,14.495914865846697,5.619244099429163,1.8380243848372015e+27
4680.0,14.495889277929663,5.618332977127564,1.8318209016553186e+27
4690.0,14.495863782589932,5.617424026048472,1.8256515299706915e+27
4700.0,14.495838379294566,5.616517236385809,1.819516010078303e+27
4710.0,14.495813067514824,5.615612598398608,1.8134140847972321e+27
4720.0,14.495787846726124,5.614710102410431,1.807345499440831e+27
4730.0,14.495762716408,5.61380973880882,1.8013100017873143e+27
4740.0,14.495737676044063,5.612911498044731,1.7953073420507581e+27
4750.0,14.495712725121956,5.6120153706319815,1.7893372728524998e+27
4760.0,14.495687863133318,5.611121347146712,1.7833995491929324e+27
4770.0,14.49566308957374,5.610229418226835,1.7774939284236902e+27
4780.0,14.495638403942738,5.609339574571516,1.7716201702202127e+27
4790.0,14.495613805743696,5.6084518069406295,1.765778036554691e+27
4800.0,14.495589294483842,5.607566106154252,1.7599672916693792e+27
4810.0,14.495564869674206,5.606682463092129,1.7541877020502743e+27
4820.0,14.495540530829583,5.60580086869318,1.7484390364011542e+27
4830.0,14.495516277468495,5.604921313954977,1.7427210656179688e+27
4840.0,14.495492109113155,5.604043789933254,1.7370335627635806e+27
4850.0,14.495468025289433,5.6031682877414095,1.731376303042845e+27
4860.0,14.49544402552682,5.602294798550016,1.7257490637780303e+27
4870.0,14.495420109358392,5.6014233135863325,1.7201516243845686e+27
4880.0,14.495396276320774,5.600553824133826,1.7145837663471343e+27
4890.0,14.495372525954108,5.599686321531701,1.7090452731960432e+27
4900.0,14.49534885780202,5.598820797174425,1.7035359304839693e+27
4910.0,14.495325271411582,5.597957242511261,1.6980555257629716e+27
4920.0,14.495301766333286,5.597095649045816,1.692603848561832e+27
4930.0,14.495278342121006,5.596236008335579,1.6871806903636906e+27
4940.0,14.495254998331966,5.595378311991471,1.6817858445839826e+27
4950.0,14.495231734526708,5.594522551677404,1.676419106548666e+27
4960.0,14.495208550269066,5.59366871910983,1.671080273472739e+27
4970.0,14.495185445126124,5.592816806057318,1.6657691444390414e+27
4980.0,14.495162418668198,5.591966804340107,1.660485520377337e+27
4990.0,14.495139470468796,5.591118705829692,1.6552292040436694e+27
5000.0,14.495116600104591,5.590272502448389,1.6499999999999917e+27
5010.0,14.495093807155392,5.589428186168924,1.6447977145940613e+27
