Time,Mass,Radius,Lx
23.0,68.9970542082866,10.27,1.16e+30
33.0,68.98124169985002,10.268510289607763,2.3427030532489045e+29
43.0,68.97694323062761,10.26810530535484,7.2499999999999656e+28
53.0,68.97459292104749,10.267883864846565,6.67697068786055e+28
63.0,68.97239862348259,10.267677120914414,6.237638112995353e+28
73.0,68.97032725562286,10.267481957047712,5.886063504090086e+28
83.0,68.96835628891648,10.267296250959937,5.595893061253432e+28
93.0,68.96646951838974,10.267118476079638,5.350748619773613e+28
103.0,68.96465480104851,10.266947488494454,5.139827327431443e+28
113.0,68.96290274400613,10.26678240336532,4.955667590194822e+28
123.0,68.96120589466676,10.266622518637325,4.7929224574142715e+28
133.0,68.95955821563754,10.266467265573691,4.647643322956788e+28
143.0,68.95795473040273,10.266316175376506,4.516840233460196e+28
153.0,68.9563912761907,10.26616885590559,4.398200618641769e+28
163.0,68.95486432673486,10.266024974981784,4.289903005718226e+28
173.0,68.95337086209749,10.265884248123752,4.190489929305206e+28
183.0,68.95190827106975,10.265746429353667,4.098778976291621e+28
193.0,68.95047427666687,10.265611304178547,4.013799114370977e+28
203.0,68.94906687834383,10.265478684146755,3.9347442109454176e+28
213.0,68.94768430654332,10.26534840256625,3.860938502447825e+28
223.0,68.94632498649044,10.265220311093909,3.7918105373096156e+28
233.0,68.94498750902429,10.265094276987782,3.726873234709668e+28
243.0,68.94367060685641,10.264970180870543,3.665708428371716e+28
253.0,68.94237313506562,10.264847914892062,3.607954747417378e+28
263.0,68.94109405493603,10.264727381206892,3.5532980130242813e+28
273.0,68.93983242046062,10.264608490702868,3.50146355471207e+28
283.0,68.93858736698948,10.26449116193174,3.452210007624337e+28
293.0,68.93735810161832,10.264375320203763,3.405324264084414e+28
303.0,68.93614389500053,10.264260896816355,3.360617333278653e+28
313.0,68.93494407433207,10.264147828393266,3.3179209216645105e+28
323.0,68.93375801730906,10.264036056315383,3.2770845900258236e+28
333.0,68.9325851468976,10.263925526228018,3.237973375396131e+28
343.0,68.93142492678537,10.26381618761246,3.2004657903911368e+28
353.0,68.93027685740917,10.263707993411742,3.1644521309760387e+28
363.0,68.92914047247098,10.263600899702473,3.129833037865973e+28
373.0,68.92801533587094,10.263494865405905,3.096518267713702e+28
383.0,68.9269010389975,10.263389852032663,3.0644256387733673e+28
393.0,68.92579719832483,10.26328582345643,3.0334801224262046e+28
403.0,68.92470345327585,10.263182745712628,3.003613057245211e+28
413.0,68.92361946431566,10.263080586818829,2.9747614664832494e+28
423.0,68.92254491124552,10.262979316614038,2.9468674632353572e+28
433.0,68.92147949167212,10.262878906614509,2.919877730234935e+28
443.0,68.92042291963037,10.262779329884,2.8937430634355156e+28
453.0,68.91937492434148,10.26268056091679,2.868417970312747e+28
463.0,68.91833524909002,10.262582575531896,2.8438603152787913e+28
473.0,68.9173036502065,10.262485350777236,2.820031005798464e+28
483.0,68.91627989614342,10.262388864842587,2.7968937137841904e+28
493.0,68.91526376663445,10.262293096980383,2.774414627665359e+28
503.0,68.91425505192782,10.2621980274335,2.752562231208676e+28
513.0,68.9132535520859,10.262103637369284,2.7313071057350897e+28
523.0,68.91225907634423,10.262009908819158,2.7106217528558943e+28
533.0,68.9112714425237,10.26191682462326,2.6904804352521417e+28
543.0,68.91029047649086,10.261824368379605,2.67085903336056e+28
553.0,68.90931601166129,10.261732524397297,2.651734916116484e+28
563.0,68.90834788854215,10.261641277653444,2.633086824148555e+28
573.0,68.90738595430996,10.261550613753379,2.6148947640282056e+28
583.0,68.90643006242051,10.261460518893921,2.5971399123550667e+28
593.0,68.90548007224784,10.261370979829362,2.579804528612211e+28
603.0,68.90453584874969,10.261281983839956,2.562871875856538e+28
613.0,68.90359726215709,10.261193518702676,2.546326148422924e+28
623.0,68.902664187686,10.261105572664057,2.5301524059187298e+28
633.0,68.90173650526901,10.261018134414917,2.514336512870162e+28
643.0,68.90081409930562,10.260931193066831,2.4988650834557914e+28
653.0,68.89989685842923,10.260844738130194,2.483725430826725e+28
663.0,68.89898467528984,10.26075875949374,2.468905520569065e+28
673.0,68.89807744635084,10.260673247405405,2.4543939279132843e+28
683.0,68.8971750716991,10.260588192454437,2.4401797983381747e+28
693.0,68.89627745486698,10.260503585554634,2.426252811254773e+28
703.0,68.8953845026657,10.260419417928643,2.4126031464889013e+28
713.0,68.89449612502892,10.26033568109322,2.3992214533102723e+28
723.0,68.89361223486581,10.260252366845407,2.3860988217819878e+28
733.0,68.8927327479231,10.26016946724952,2.373226756227171e+28
743.0,68.89185758265526,10.260086974624931,2.3605971506297924e+28
753.0,68.89098666010223,10.260004881534545,2.3482022658047735e+28
763.0,68.8901199037743,10.25992318077396,2.3360347081885083e+28
773.0,68.88925723954351,10.259841865361233,2.3240874101152354e+28
783.0,68.88839859554116,10.259760928527234,2.3123536114574493e+28
793.0,68.88754390206107,10.259680363706519,2.3008268425199442e+28
803.0,68.88669309146805,10.259600164528722,2.2895009080872805e+28
813.0,68.88584609811144,10.25952032481041,2.278369872533633e+28
823.0,68.88500285824324,10.259440838547356,2.2674280459121607e+28
833.0,68.88416330994049,10.259361699907247,2.2566699709484417e+28
843.0,68.88332739303185,10.25928290322276,2.2460904108691563e+28
853.0,68.88249504902787,10.259204442984988,2.235684338003178e+28
863.0,68.88166622105483,10.259126313837214,2.2254469230976435e+28
873.0,68.88084085379195,10.259048510569004,2.215373525296453e+28
883.0,68.88001889341172,10.258971028110565,2.2054596827330717e+28
893.0,68.87920028752313,10.258893861527424,2.1957011036934802e+28
903.0,68.87838498511775,10.258817006015324,2.186093658308793e+28
913.0,68.87757293651832,10.258740456895403,2.176633370740296e+28
923.0,68.87676409332987,10.258664209609574,2.1673164118227085e+28
933.0,68.87595840839307,10.25858825971614,2.1581390921341367e+28
943.0,68.87515583573985,10.258512602885604,2.1490978554637155e+28
953.0,68.87435633055092,10.258437234896686,2.1401892726501584e+28
963.0,68.87355984911544,10.2583621516325,2.1314100357665105e+28
973.0,68.8727663487923,10.258287349076925,2.1227569526282925e+28
983.0,68.87197578797331,10.25821282331113,2.1142269416039238e+28
993.0,68.87118812604788,10.258138570510251,2.1058170267079075e+28
1003.0,68.87040374724248,10.258064626898936,2.090081135351165e+28
1013.0,68.86962849006855,10.25799154288262,2.057564507998924e+28
1023.0,68.86886422533753,10.257919494835694,2.0258657787155107e+28
1033.0,68.86811069155974,10.25784845811976,1.9949566780668547e+28
1043.0,68.86736763592658,10.25777840891423,1.9648101746444167e+28
1053.0,68.86663481394238,10.257709324181652,1.9354004096365916e+28
1063.0,68.86591198907492,10.257641181634785,1.90670263543932e+28
1073.0,68.86519893242398,10.25757395970539,1.8786931580213176e+28
1083.0,68.86449542240659,10.257507637514571,1.851349282781836e+28
1093.0,68.86380124445797,10.257442194844614,1.824649263659377e+28
1103.0,68.86311619074739,10.257377612112219,1.7985722552685233e+28
1113.0,68.86244005990788,10.257313870343038,1.7730982678592005e+28
1123.0,68.86177265677928,10.257250951147478,1.748208124908331e+28
1133.0,68.86111379216348,10.257188836697637,1.723883423168225e+28
1143.0,68.86046328259158,10.257127509705377,1.700106495009184e+28
1153.0,68.85982095010193,10.257066953401413,1.6768603729058693e+28
1163.0,68.85918662202874,10.257007151515399,1.6541287559280541e+28
1173.0,68.85856013080043,10.25694808825694,1.6318959781065499e+28
1183.0,68.85794131374738,10.256889748297477,1.6101469785544454e+28
1193.0,68.85733001291848,10.256832116753,1.588867273232399e+28
1203.0,68.85672607490602,10.256775179167558,1.5680429282546348e+28
1213.0,68.85612935067842,10.256718921497514,1.5476605346395964e+28
1223.0,68.8555396954205,10.256663330096476,1.5277071844159233e+28
1233.0,68.85495696838089,10.256608391700931,1.5081704480006252e+28
1243.0,68.85438103272594,10.256554093416494,1.4890383527720523e+28
1253.0,68.85381175540029,10.256500422704757,1.4702993627655415e+28
1263.0,68.85324900699321,10.256447367370708,1.4519423594245204e+28
1273.0,68.8526926616109,10.256394915550693,1.433956623344352e+28
1283.0,68.85214259675408,10.256343055700897,1.41633181695041e+28
1293.0,68.8515986932008,10.256291776586286,1.3990579680557288e+28
1303.0,68.85106083489423,10.256241067270052,1.3821254542471741e+28
1313.0,68.85052890883502,10.256190917103467,1.3655249880524102e+28
1323.0,68.85000280497817,10.256141315716164,1.3492476028430196e+28
1333.0,68.84948241613415,10.256092253006823,1.333284639432007e+28
1343.0,68.84896763787394,10.256043719134231,1.3176277333265775e+28
1353.0,68.84845836843806,10.255995704508706,1.3022688025995552e+28
1363.0,68.84795450864911,10.255948199783855,1.2872000363451093e+28
1373.0,68.84745596182788,10.255901195848676,1.272413883686598e+28
1383.0,68.84696263371269,10.255854683819964,1.257903043306326e+28
1393.0,68.84647443238204,10.255808655035004,1.2436604534688825e+28
1403.0,68.84599126818009,10.255763101044574,1.2296792825114366e+28
1413.0,68.84551305364518,10.255718013606197,1.2159529197759997e+28
1423.0,68.84503970344099,10.255673384677657,1.2024749669601522e+28
1433.0,68.84457113429038,10.255629206410768,1.1892392298641452e+28
1443.0,68.84410726491173,10.255585471145379,1.1762397105136008e+28
1453.0,68.84364801595765,10.25554217140359,1.1634705996382474e+28
1463.0,68.84319330995602,10.255499299884207,1.1509262694882854e+28
1473.0,68.84274307125314,10.255456849457385,1.1386012669710393e+28
1483.0,68.84229722595909,10.255414813159472,1.1264903070915544e+28
1493.0,68.841855701895,10.255373184188052,1.114588266681745e+28
1503.0,68.84141842854224,10.255331955897148,1.102890178403556e+28
1513.0,68.84098533699353,10.25529112179262,1.0913912250124469e+28
1523.0,68.84055635990566,10.255250675527716,1.0800867338682597e+28
1533.0,68.84013143145408,10.255210610898779,1.0689721716812628e+28
1543.0,68.83971048728891,10.255170921841119,1.058043139481841e+28
1553.0,68.83929346449261,10.255131602425013,1.0472953678029298e+28
1563.0,68.83888030153913,10.255092646851864,1.036724712064904e+28
1573.0,68.83847093825445,10.255054049450473,1.0263271481531739e+28
1583.0,68.83806531577842,10.255015804673462,1.0160987681792809e+28
1593.0,68.83766337652807,10.25497790709379,1.0060357764167797e+28
1603.0,68.83726506416201,10.254940351401423,9.961344854036515e+27
1613.0,68.83687032354614,10.254903132400095,9.863913122034388e+27
1623.0,68.83647910072041,10.254866245004168,9.768027748177005e+27
1633.0,68.83609134286684,10.254829684235633,9.67365488742779e+27
1643.0,68.83570699827847,10.254793445221173,9.580761636642259e+27
1653.0,68.83532601632939,10.254757523189348,9.489316002825918e+27
1663.0,68.83494834744575,10.25472191346785,9.399286872645987e+27
1673.0,68.83457394307773,10.254686611480883,9.310643983140233e+27
1683.0,68.83420275567242,10.254651612746587,9.223357893569133e+27
1693.0,68.83383473864751,10.254616912874566,9.137399958360179e+27
1703.0,68.83346984636592,10.254582507563507,9.05274230109589e+27
1713.0,68.83310803411118,10.25454839259885,8.96935778949935e+27
1723.0,68.83274925806361,10.25451456385054,8.887220011373481e+27
1733.0,68.83239347527726,10.254481017270864,8.806303251452434e+27
1743.0,68.8320406436575,10.254447748892337,8.726582469125438e+27
1753.0,68.83169072193945,10.254414754825667,8.648033276995488e+27
1763.0,68.83134366966694,10.254382031257773,8.570631920237025e+27
1773.0,68.83099944717218,10.254349574449865,8.49435525671848e+27
1783.0,68.83065801555605,10.254317380735605,8.419180737857249e+27
1793.0,68.830319336669,10.254285446519276,8.345086390176169e+27
1803.0,68.82998337309253,10.254253768274069,8.272050797532034e+27
1813.0,68.82965008812113,10.254222342540361,8.200053083988135e+27
1823.0,68.82931944574493,10.254191165924086,8.129072897304038e+27
1833.0,68.82899141063277,10.25416023509514,8.059090393017164e+27
1843.0,68.82866594811573,10.254129546785833,7.990086219091827e+27
1853.0,68.82834302417126,10.254099097789386,7.922041501112572e+27
1863.0,68.82802260540767,10.254068884958471,7.854937827999701e+27
1873.0,68.82770465904913,10.254038905203805,7.788757238225886e+27
1883.0,68.8273891529211,10.254009155492765,7.723482206513706e+27
1893.0,68.82707605543615,10.253979632848065,7.659095630994922e+27
1903.0,68.82676533558022,10.25395033434645,7.595580820813075e+27
1913.0,68.82645696289927,10.253921257117447,7.532921484151906e+27
1923.0,68.82615090748628,10.253892398342131,7.471101716672822e+27
1933.0,68.82584713996863,10.253863755251944,7.410105990345382e+27
1943.0,68.82554563149587,10.253835325127538,7.349919142655515e+27
1953.0,68.82524635372778,10.253807105297648,7.290526366176811e+27
1963.0,68.82494927882279,10.253779093138013,7.231913198490886e+27
1973.0,68.8246543794267,10.253751286070292,7.174065512443448e+27
1983.0,68.82436162866179,10.253723681561056,7.116969506723222e+27
1993.0,68.82407100011605,10.253696277120767,7.060611696751503e+27
2003.0,68.82378246783293,10.25366907030281,7.004978905870561e+27
2013.0,68.8234960063012,10.25364205870254,6.9500582568197e+27
2023.0,68.82321159044513,10.253615239956355,6.895837163488174e+27
2033.0,68.82292919561498,10.253588611740804,6.842303322934677e+27
2043.0,68.82264879757767,10.253562171771701,6.78944470766351e+27
2053.0,68.82237037250776,10.253535917803278,6.737249558147974e+27
2063.0,68.82209389697866,10.25350984762736,6.685706375591914e+27
2073.0,68.82181934795399,10.253483959072547,6.634803914920715e+27
2083.0,68.82154670277932,10.253458250003435,6.584531177993409e+27
2093.0,68.82127593917394,10.253432718319848,6.534877407027916e+27
2103.0,68.82100703522305,10.253407361956084,6.485832078231711e+27
2113.0,68.82073996936992,10.253382178880203,6.437384895630586e+27
2123.0,68.82047472040851,10.253357167093307,6.389525785088442e+27
2133.0,68.82021126747603,10.253332324628849,6.342244888511314e+27
2143.0,68.81994959004584,10.25330764955197,6.295532558229129e+27
2153.0,68.81968966792053,10.253283139958835,6.24937935154897e+27
2163.0,68.81943148122508,10.253258793975997,6.203776025473794e+27
2173.0,68.81917501040029,10.253234609759765,6.158713531580889e+27
2183.0,68.8189202361963,10.253210585495623,6.114183011054509e+27
2193.0,68.81866713966635,10.253186719397602,6.070175789867359e+27
2203.0,68.81841570216059,10.253163009707727,6.026683374105825e+27
2213.0,68.81816590532019,10.25313945469545,5.983697445434027e+27
2223.0,68.81791773107138,10.253116052657088,5.941209856691981e+27
2233.0,68.81767116161987,10.253092801915303,5.899212627623287e+27
2243.0,68.81742617944528,10.253069700818568,5.857697940728021e+27
2253.0,68.81718276729568,10.253046747740662,5.816658137236578e+27
2263.0,68.81694090818233,10.25302394108017,5.776085713200457e+27
2273.0,68.81670058537455,10.25300127925999,5.735973315696062e+27
2283.0,68.81646178239461,10.25297876072688,5.696313739137784e+27
2293.0,68.81622448301289,10.252956383950963,5.65709992169678e+27
2303.0,68.81598867124305,10.252934147425302,5.618324941821917e+27
2313.0,68.81575433133733,10.252912049665447,5.579982014859597e+27
2323.0,68.815521447782,10.252890089209002,5.5420644897692e+27
2333.0,68.8152900052929,10.252868264615207,5.504565845931068e+27
2343.0,68.815059988811,10.252846574464531,5.467479690044014e+27
2353.0,68.81483138349824,10.252825017358257,5.430799753109507e+27
2363.0,68.81460417473332,10.252803591918108,5.394519887499714e+27
2373.0,68.81437834810758,10.252782296785846,5.358634064106775e+27
2383.0,68.81415388942114,10.252761130622906,5.323136369570685e+27
2393.0,68.81393078467887,10.252740092110033,5.288021003583316e+27
2403.0,68.81370902008673,10.252719179946913,5.253282276266181e+27
2413.0,68.81348858204798,10.252698392851839,5.218914605619628e+27
2423.0,68.81326945715956,10.25267772956135,5.184912515041214e+27
2433.0,68.81305163220857,10.252657188829916,5.151270630911126e+27
2443.0,68.81283509416876,10.252636769429595,5.117983680242569e+27
2453.0,68.8126198301972,10.252616470149727,5.085046488395105e+27
2463.0,68.81240582763093,10.252596289796609,5.052453976849009e+27
2473.0,68.81219307398368,10.252576227193199,5.020201161038791e+27
2483.0,68.8119815569428,10.252556281178817,4.98828314824405e+27
2493.0,68.81177126436604,10.252536450608845,4.956695135535962e+27
2503.0,68.81156218427863,10.252516734354446,4.925432407777659e+27
2513.0,68.81135430487022,10.252497131302288,4.8944903356769395e+27
2523.0,68.81114761449203,10.252477640354265,4.863864373889693e+27
2533.0,68.81094210165399,10.252458260427227,4.833550059172542e+27
2543.0,68.81073775502198,10.252438990452728,4.803543008583241e+27
2553.0,68.81053456341506,10.252419829376757,4.773838917727393e+27
2563.0,68.81033251580288,10.252400776159503,4.7444335590501514e+27
2573.0,68.81013160130301,10.252381829775087,4.7153227801715404e+27
2583.0,68.80993180917842,10.252362989211344,4.686502502264155e+27
2593.0,68.80973312883499,10.252344253469577,4.657968718471975e+27
2603.0,68.80953554981903,10.252325621564324,4.629717492369114e+27
2613.0,68.80933906181491,10.252307092523138,4.601744956457332e+27
2623.0,68.80914365464272,10.252288665386363,4.574047310701211e+27
2633.0,68.808949318256,10.252270339206921,4.546620821099889e+27
2643.0,68.80875604273939,10.2522521130501,4.51946181829432e+27
2653.0,68.80856381830657,10.252233985993335,4.4925666962090457e+27
2663.0,68.80837263529797,10.252215957126023,4.4659319107274855e+27
2673.0,68.80818248417877,10.252198025549314,4.439553978399809e+27
2683.0,68.80799335553675,10.25218019037591,4.4134294751824675e+27
2693.0,68.8078052400803,10.25216245072989,4.3875550352084826e+27
2703.0,68.8076181286364,10.252144805746505,4.361927349587651e+27
2713.0,68.80743201214875,10.252127254572011,4.3365431652358174e+27
2723.0,68.80724688167575,10.252109796363474,4.3113992837324027e+27
2733.0,68.80706272838871,10.252092430288604,4.28649256020542e+27
2743.0,68.80687954357003,10.252075155525581,4.2618199022432046e+27
2753.0,68.80669731861131,10.25205797126288,4.2373782688321333e+27
2763.0,68.8065160450117,10.25204087669911,4.213164669319616e+27
2773.0,68.80633571437609,10.252023871042855,4.1891761624016685e+27
2783.0,68.80615631841346,10.2520069535125,4.165409855134403e+27
2793.0,68.80597784893521,10.251990123336093,4.1418629019687787e+27
2803.0,68.80580029785355,10.251973379751178,4.118532503807997e+27
2813.0,68.80562365717985,10.251956722004651,4.095415907086919e+27
2823.0,68.80544791902315,10.251940149352611,4.072510402872924e+27
2833.0,68.80527307558857,10.25192366106022,4.0498133259876243e+27
2843.0,68.80509911917584,10.251907256401545,4.0273220541488994e+27
2853.0,68.80492604217778,10.251890934659441,4.0050340071326904e+27
2863.0,68.8047538370789,10.2518746951254,3.982946645954044e+27
2873.0,68.80458249645396,10.25185853709942,3.961057472066896e+27
2883.0,68.80441201296655,10.251842459889877,3.939364026582101e+27
2893.0,68.80424237936778,10.251826462813394,3.917863889503228e+27
2903.0,68.80407358849487,10.251810545194708,3.896554678979668e+27
2913.0,68.8039056332699,10.25179470636656,3.8754340505765916e+27
2923.0,68.80373850669848,10.251778945669564,3.8544996965613276e+27
2933.0,68.80357220186846,10.251763262452082,3.8337493452057357e+27
2943.0,68.80340671194874,10.251747656070123,3.8131807601041674e+27
2953.0,68.80324203018802,10.251732125887209,3.792791739506602e+27
2963.0,68.80307814991359,10.25171667127428,3.7725801156665846e+27
2973.0,68.80291506453017,10.251701291609569,3.7525437542035844e+27
2983.0,68.80275276751875,10.251685986278499,3.732680553479397e+27
2993.0,68.80259125243548,10.25167075467358,3.7129884439882546e+27
3003.0,68.80243051291049,10.251655596194292,3.6934653877602815e+27
3013.0,68.80227054264687,10.251640510246995,3.674109377777966e+27
3023.0,68.80211133541953,10.251625496244818,3.654918437405324e+27
3033.0,68.80195288507421,10.251610553607573,3.635890619829437e+27
3043.0,68.8017951855264,10.251595681761634,3.617024007514053e+27
3053.0,68.80163823076033,10.251580880139867,3.5983167116649533e+27
3063.0,68.801482014828,10.251566148181519,3.5797668717067947e+27
3073.0,68.80132653184813,10.251551485332133,3.5613726547711475e+27
3083.0,68.80117177600529,10.251536891043449,3.5431322551954445e+27
3093.0,68.80101774154888,10.251522364773326,3.5250438940325866e+27
3103.0,68.80086442279222,10.251507905985651,3.507105818570932e+27
3113.0,68.80071181411164,10.251493514150242,3.489316301864428e+27
3123.0,68.80055990994558,10.25147918874278,3.471673642272632e+27
3133.0,68.80040870479372,10.251464929244712,3.454176163010385e+27
3143.0,68.8002581932161,10.251450735143177,3.4368222117069026e+27
3153.0,68.80010836983224,10.251436605930927,3.4196101599740676e+27
3163.0,68.79995922932038,10.251422541106239,3.402538402983684e+27
3173.0,68.79981076641657,10.251408540172848,3.3856053590535004e+27
3183.0,68.7996629759139,10.251394602639863,3.368809469241778e+27
3193.0,68.79951585266173,10.251380728021692,3.352149196950212e+27
3203.0,68.79936939156485,10.25136691583798,3.335623027534996e+27
3213.0,68.79922358758277,10.251353165613521,3.3192294679258525e+27
3223.0,68.79907843572893,10.251339476878194,3.302967046252831e+27
3233.0,68.79893393106997,10.251325849166896,3.2868343114806943e+27
3243.0,68.79879006872497,10.251312282019464,3.2708298330507214e+27
3253.0,68.79864684386479,10.251298774980619,3.2549522005297456e+27
3263.0,68.79850425171131,10.251285327599891,3.239200023266266e+27
3273.0,68.79836228753678,10.251271939431556,3.223571930053467e+27
3283.0,68.79822094666308,10.251258610034572,3.208066568798985e+27
3293.0,68.79808022446112,10.251245338972517,3.192682606201272e+27
3303.0,68.79794011635012,10.251232125813521,3.177418727432395e+27
3313.0,68.79780061779698,10.251218970130212,3.1622736358271376e+27
3323.0,68.79766172431567,10.251205871499657,3.147246052578246e+27
3333.0,68.79752343146656,10.251192829503287,3.1323347164376943e+27
3343.0,68.79738573485581,10.251179843726865,3.117538383423817e+27
3353.0,68.79724863013479,10.2511669137604,3.102855826534189e+27
3363.0,68.79711211299946,10.251154039198116,3.0882858354641207e+27
3373.0,68.79697617918977,10.25114121963838,3.073827216330632e+27
3383.0,68.7968408244891,10.251128454683654,3.059478791401804e+27
3393.0,68.79670604472369,10.251115743940437,3.0452393988313605e+27
3403.0,68.79657183576208,10.251103087019217,3.031107892398391e+27
3413.0,68.79643819351455,10.25109048353442,3.017083141252077e+27
3423.0,68.79630511393256,10.25107793310435,3.003164029661331e+27
3433.0,68.79617259300827,10.25106543535115,2.989349456769218e+27
3443.0,68.79604062677396,10.251052989900744,2.9756383363520846e+27
3453.0,68.79590921130153,10.251040596382794,2.962029596583257e+27
3463.0,68.79577834270202,10.251028254430643,2.9485221798012355e+27
3473.0,68.79564801712506,10.251015963681287,2.9351150422822746e+27
3483.0,68.79551823075839,10.251003723775298,2.921807154017258e+27
3493.0,68.79538897982741,10.25099153435681,2.9085974984927695e+27
3503.0,68.79526026059466,10.250979395073454,2.8954850724762775e+27
3513.0,68.79513206935937,10.250967305576317,2.882468885805339e+27
3523.0,68.795004402457,10.250955265519908,2.8695479611807346e+27
3533.0,68.79487725625874,10.250943274562097,2.856721333963461e+27
3543.0,68.79475062717115,10.250931332364095,2.8439880519754775e+27
3553.0,68.79462451163562,10.250919438590389,2.831347175304157e+27
3563.0,68.79449890612798,10.250907592908723,2.818797776110331e+27
3573.0,68.79437380715811,10.25089579499004,2.806338938439876e+27
3583.0,68.79424921126943,10.250884044508453,2.793969758038752e+27
3593.0,68.79412511503854,10.250872341141198,2.78168934217143e+27
3603.0,68.79400151507483,10.250860684568604,2.7694968094426294e+27
3613.0,68.79387840802,10.250849074474047,2.7573912896223036e+27
3623.0,68.79375579054776,10.250837510543919,2.7453719234737977e+27
3633.0,68.79363365936335,10.250825992467584,2.733437862585118e+27
3643.0,68.79351201120322,10.250814519937348,2.7215882692032513e+27
3653.0,68.7933908428346,10.250803092648423,2.7098223160714554e+27
3663.0,68.79327015105514,10.250791710298884,2.698139186269483e+27
3673.0,68.7931499326926,10.250780372589645,2.6865380730566553e+27
3683.0,68.79303018460438,10.250769079224415,2.675018179717748e+27
3693.0,68.79291090367725,10.250757829909675,2.6635787194116096e+27
3703.0,68.79279208682696,10.250746624354631,2.6522189150224764e+27
3713.0,68.7926737309979,10.250735462271196,2.6409379990139167e+27
3723.0,68.79255583316277,10.250724343373948,2.6297352132853547e+27
3733.0,68.79243839032218,10.250713267380096,2.618609809031123e+27
3743.0,68.79232139950442,10.250702234009461,2.607561046601993e+27
3753.0,68.79220485776504,10.25069124298443,2.596588195369125e+27
3763.0,68.79208876218661,10.250680294029943,2.5856905335904005e+27
3773.0,68.79197310987833,10.250669386873444,2.574867348279084e+27
3783.0,68.79185789797573,10.250658521244864,2.564117935074767e+27
3793.0,68.79174312364042,10.25064769687659,2.5534415981165473e+27
3803.0,68.79162878405968,10.25063691350343,2.5428376499184034e+27
3813.0,68.79151487644629,10.250626170862596,2.5323054112467183e+27
3823.0,68.7914013980381,10.250615468693665,2.521844210999908e+27
3833.0,68.79128834609786,10.250604806738556,2.511453386090116e+27
3843.0,68.79117571791282,10.250594184741505,2.501132281326932e+27
3853.0,68.79106351079456,10.250583602449037,2.490880249303095e+27
3863.0,68.79095172207859,10.250573059609932,2.480696650282143e+27
3873.0,68.79084034912418,10.250562555975216,2.4705808520879673e+27
3883.0,68.79072938931404,10.25055209129812,2.4605322299962407e+27
3893.0,68.79061884005404,10.250541665334056,2.450550166627677e+27
3903.0,68.79050869877297,10.250531277840604,2.44063405184309e+27
3913.0,68.79039896292227,10.250520928577473,2.4307832826402154e+27
3923.0,68.79028962997577,10.250510617306483,2.4209972630522625e+27
3933.0,68.79018069742946,10.250500343791552,2.411275404048163e+27
3943.0,68.79007216280121,10.250490107798647,2.4016171234344798e+27
3953.0,68.78996402363053,10.250479909095786,2.3920218457589527e+27
3963.0,68.78985627747835,10.250469747453002,2.38248900221564e+27
3973.0,68.78974892192673,10.250459622642317,2.373018030551633e+27
3983.0,68.78964195457868,10.250449534437738,2.363608374975309e+27
3993.0,68.78953537305792,10.250439482615212,2.3542594860660962e+27
4003.0,68.78942917500859,10.250429466952621,2.344970820685719e+27
4013.0,68.7893233580951,10.250419487229752,2.3357418418909012e+27
4023.0,68.78921792000186,10.25040954322828,2.3265720188474928e+27
4033.0,68.78911285843306,10.250399634731744,2.3174608267459975e+27
4043.0,68.78900817111249,10.250389761525533,2.308407746718476e+27
4053.0,68.78890385578326,10.250379923396853,2.2994122657567958e+27
4063.0,68.78879991020767,10.250370120134724,2.2904738766322043e+27
4073.0,68.78869633216694,10.250360351529945,2.2815920778162e+27
4083.0,68.78859311946101,10.250350617375084,2.272766373402681e+27
4093.0,68.78849026990837,10.250340917464454,2.2639962730313385e+27
4103.0,68.7883877813458,10.2503312515941,2.2552812918122858e+27
4113.0,68.78828565162826,10.250321619561767,2.2466209502518836e+27
4123.0,68.78818387862859,10.2503120211669,2.2380147741797563e+27
4133.0,68.7880824602374,10.250302456210612,2.2294622946769636e+27
4143.0,68.78798139436286,10.250292924495673,2.2209630480053176e+27
4153.0,68.78788067893048,10.250283425826483,2.2125165755378122e+27
4163.0,68.78778031188294,10.250273960009073,2.2041224236901585e+27
4173.0,68.78768029117992,10.250264526851064,2.195780143853395e+27
4183.0,68.78758061479795,10.25025512616167,2.1874892923275578e+27
4193.0,68.78748128073012,10.25024575775167,2.179249430256391e+27
4203.0,68.78738228698603,10.250236421433394,2.1710601235630806e+27
4213.0,68.78728363159155,10.25022711702071,2.162920942886989e+27
4223.0,68.78718531258866,10.250217844329,2.1548314635213748e+27
4233.0,68.7870873280353,10.250208603175157,2.1467912653520822e+27
4243.0,68.78698967600515,10.250199393377551,2.1387999327971793e+27
4253.0,68.78689235458754,10.250190214756035,2.1308570547475294e+27
4263.0,68.7867953618872,10.250181067131905,2.1229622245082784e+27
4273.0,68.7866986960242,10.250171950327914,2.115115039741246e+27
4283.0,68.78660235513371,10.250162864168228,2.107315102408197e+27
4293.0,68.78650633736586,10.25015380847843,2.0995620187149845e+27
4303.0,68.78641064088563,10.2501447830855,2.0918553990565467e+27
4313.0,68.78631526387265,10.250135787817802,2.0841948579627403e+27
4323.0,68.78622020452104,10.250126822505061,2.0765800140449996e+27
4333.0,68.7861254610393,10.250117886978366,2.0690104899438047e+27
4343.0,68.78603103165017,10.250108981070142,2.0614859122769458e+27
4353.0,68.78593691459041,10.250100104614132,2.054005911588567e+27
4363.0,68.78584310811075,10.250091257445412,2.0465701222989805e+27
4373.0,68.7857496104757,10.250082439400337,2.0391781826552347e+27
4383.0,68.7856564199634,10.25007365031656,2.031829734682423e+27
4393.0,68.78556353486552,10.250064890033007,2.024524424135723e+27
4403.0,68.78547095348706,10.25005615838986,2.017261900453151e+27
4413.0,68.78537867414632,10.250047455228554,2.0100418167090202e+27
4423.0,68.78528669517465,10.250038780391755,2.002863829568093e+27
4433.0,68.7851950149164,10.250030133723357,1.9957275992404108e+27
4443.0,68.78510363172875,10.250021515068457,1.9886327894367942e+27
4453.0,68.7850125439816,10.250012924273362,1.9815790673249993e+27
4463.0,68.78492175005742,10.250004361185553,1.97456610348652e+27
4473.0,68.78483124835118,10.249995825653695,1.967593571874028e+27
4483.0,68.78474103727015,10.249987317527614,1.9606611497694318e+27
4493.0,68.78465111523384,10.249978836658284,1.953768517742556e+27
4503.0,68.78456148067384,10.249970382897825,1.946915359610418e+27
4513.0,68.78447213203374,10.249961956099485,1.9401013623971028e+27
4523.0,68.78438306776896,10.249953556117624,1.9333262162942188e+27
4533.0,68.78429428634666,10.249945182807718,1.9265896146219276e+27
4543.0,68.78420578624566,10.249936836026333,1.9198912537905384e+27
4553.0,68.78411756595628,10.24992851563112,1.9132308332626568e+27
4563.0,68.78402962398022,10.249920221480812,1.9066080555158793e+27
4573.0,68.7839419588305,10.2499119534352,1.9000226260060245e+27
4583.0,68.78385456903129,10.249903711355131,1.8934742531308902e+27
4593.0,68.78376745311787,10.249895495102493,1.8869626481945325e+27
4603.0,68.78368060963646,10.249887304540213,1.880487525372053e+27
4613.0,68.78359403714414,10.24987913953224,1.874048601674889e+27
4623.0,68.78350773420875,10.249870999943536,1.8676455969165943e+27
4633.0,68.78342169940879,10.249862885640066,1.8612782336791138e+27
4643.0,68.78333593133331,10.249854796488796,1.854946237279525e+27
4653.0,68.7832504285818,10.249846732357668,1.848649335737259e+27
4663.0,68.78316518976408,10.249838693115608,1.8423872597417768e+27
4673.0,68.78308021350026,10.2498306786325,1.8361597426207058e+27
4683.0,68.78299549842059,10.249822688779195,1.8299665203084206e+27
4693.0,68.78291104316537,10.249814723427486,1.8238073313150648e+27
4703.0,68.78282684638486,10.249806782450106,1.8176819166960057e+27
4713.0,68.7827429067392,10.249798865720718,1.8115900200217174e+27
4723.0,68.7826592228983,10.249790973113909,1.80553138734808e+27
4733.0,68.78257579354175,10.249783104505179,1.7995057671870937e+27
4743.0,68.78249261735874,10.249775259770926,1.7935129104779976e+27
4753.0,68.78240969304797,10.249767438788457,1.7875525705587892e+27
4763.0,68.78232701931752,10.24975964143595,1.7816245031381374e+27
4773.0,68.78224459488483,10.249751867592478,1.7757284662676815e+27
4783.0,68.78216241847657,10.249744117137976,1.7698642203147102e+27
4793.0,68.78208048882857,10.249736389953238,1.7640315279352188e+27
4803.0,68.78199880468571,10.249728685919928,1.7582301540473313e+27
4813.0,68.78191736480187,10.249721004920543,1.752459865805089e+27
4823.0,68.78183616793983,10.249713346838426,1.7467204325725947e+27
4833.0,68.78175521287119,10.249705711557752,1.7410116258985086e+27
4843.0,68.78167449837629,10.249698098963513,1.7353332194908917e+27
4853.0,68.78159402324414,10.249690508941528,1.729684989192389e+27
4863.0,68.78151378627231,10.249682941378419,1.7240667129557497e+27
4873.0,68.78143378626689,10.249675396161606,1.718478170819675e+27
4883.0,68.78135402204236,10.24966787317931,1.7129191448849958e+27
4893.0,68.7812744924216,10.249660372320538,1.7073894192911658e+27
4903.0,68.78119519623573,10.249652893475073,1.701888780193072e+27
4913.0,68.78111613232407,10.249645436533475,1.6964170157381567e+27
4923.0,68.78103729953408,10.24963800138707,1.6909739160438435e+27
4933.0,68.78095869672124,10.249630587927935,1.6855592731752644e+27
4943.0,68.78088032274904,10.249623196048912,1.680172881123284e+27
4953.0,68.78080217648885,10.249615825643579,1.674814535782815e+27
4963.0,68.78072425681988,10.249608476606253,1.6694840349314214e+27
4973.0,68.78064656262912,10.249601148831989,1.6641811782082042e+27
4983.0,68.78056909281123,10.249593842216562,1.658905767092966e+27
4993.0,68.78049184626855,10.249586556656471,1.6536576048856497e+27
5003.0,68.78041482191091,10.24957929204892,1.6484364966860487e+27
