Time,Mass,Radius,Lx
23.0,68.9970542082866,10.27,1.1600000000000076e+30
33.0,68.9708501206313,10.267531221487555,7.901727872899563e+29
43.0,68.9515447126714,10.265712171373186,5.963104427115676e+29
53.0,68.93623445910112,10.26426943134583,4.774218196754073e+29
63.0,68.92353628143474,10.26307274735014,3.9725913973121104e+29
73.0,68.91268151379835,10.262049723274915,3.396496725387096e+29
83.0,68.90319825139427,10.261155910379738,2.9630411328050337e+29
93.0,68.8947757504315,10.260362038110012,2.6254124378750456e+29
103.0,68.88719842780026,10.2596477986273,2.355203790943222e+29
113.0,68.8803105454832,10.258998520860803,2.1341921663777002e+29
123.0,68.87399590328957,10.2584032579292,1.9501579742261693e+29
133.0,68.86816547994174,10.257853623109161,1.7946054405596703e+29
143.0,68.86274955767935,10.257343048060775,1.661447220587675e+29
153.0,68.85769250928193,10.256866291807507,1.546209121825506e+29
163.0,68.85294923511529,10.256419105125111,1.4455300370915251e+29
173.0,68.84848266039242,10.255997994790663,1.3568367979151092e+29
183.0,68.84426193509753,10.255600054016142,1.2781265599605893e+29
193.0,68.84026111228064,10.255222837941394,1.2078174358032994e+29
203.0,68.83645815977668,10.254864270534172,1.1446436681963821e+29
213.0,68.83283420920161,10.254522573841127,1.0875805970517537e+29
223.0,68.82937297695504,10.254196213441736,1.0357899974380166e+29
233.0,68.82606031199747,10.253883855844562,9.88579622037107e+28
243.0,68.82288383846992,10.253584334817992,9.453728248793149e+28
253.0,68.81983267023398,10.253296624496208,9.056854555271984e+28
263.0,68.81689718062546,10.253019817686639,8.691080735570872e+28
273.0,68.81406881507628,10.25275310821593,8.352921084806645e+28
283.0,68.81133993736492,10.25249577644408,8.039389815182565e+28
293.0,68.80870370249967,10.252247177287623,7.747914760119458e+28
303.0,68.80615395088078,10.25200673024758,7.476268328571407e+28
313.0,68.80368511960297,10.251773911052245,7.222511820816022e+28
323.0,68.80129216766966,10.251548244610678,6.984950186793741e+28
333.0,68.79897051257866,10.251329299037554,6.762095014169019e+28
343.0,68.79671597626452,10.251116680559573,6.552634052986759e+28
353.0,68.79452473878706,10.250910029151713,6.355405970188511e+28
363.0,68.79239329847071,10.250709014781268,6.16937931725772e+28
373.0,68.79031843744474,10.250513334160756,5.993634913863496e+28
383.0,68.78829719172892,10.250322707929111,5.827351018050491e+28
393.0,68.78632682516323,10.25013687819507,5.669790782563098e+28
403.0,68.78440480660332,10.249955606388262,5.520291596935447e+28
413.0,68.78252878990239,10.249778671372871,5.378255993084629e+28
423.0,68.78069659628058,10.249605867786224,5.243143853528243e+28
433.0,68.77890619874783,10.249437004570913,5.114465709892045e+28
443.0,68.7771557082996,10.249271903673929,4.991776957993767e+28
453.0,68.77544336164843,10.24911039889055,4.87467284668804e+28
463.0,68.7737675102908,10.248952334834026,4.76278412251193e+28
473.0,68.77212661073843,10.248797566015012,4.655773232265931e+28
483.0,68.77051921576809,10.248645956016945,4.553331001992328e+28
493.0,68.76894396656519,10.248497376755685,4.455173724140257e+28
503.0,68.76739958565359,10.248351707813201,4.361040595634312e+28
513.0,68.76588487051907,10.248208835836655,4.270691458561779e+28
523.0,68.76439868784628,10.248068653995281,4.183904802633298e+28
533.0,68.76293996829962,10.247931061488513,4.100475994747211e+28
543.0,68.76150770178761,10.247795963099703,4.020215706133185e+28
553.0,68.76010093315787,10.24766326879039,3.942948511853191e+28
563.0,68.75871875827663,10.247532893330813,3.868511641048153e+28
573.0,68.75736032045205,10.247404755962837,3.79675385935819e+28
583.0,68.75602480716606,10.247278780091932,3.7275344675115724e+28
593.0,68.75471144708303,10.24715489300526,3.660722402252669e+28
603.0,68.75341950730777,10.247033025613247,3.596195427627472e+28
613.0,68.75214829086822,10.246913112212328,3.5338394062205213e+28
623.0,68.7508971344011,10.246795090266835,3.473547641283201e+28
633.0,68.74966540602117,10.246678900208162,3.415220281846899e+28
643.0,68.74845250335689,10.246564485249642,3.3587637839055256e+28
653.0,68.74725785173716,10.246451791215636,3.304090421605416e+28
663.0,68.74608090251533,10.246340766383579,3.2511178431175388e+28
673.0,68.74492113151818,10.246231361337783,3.19976866650464e+28
683.0,68.74377803760895,10.246123528834012,3.149970111449082e+28
693.0,68.74265114135432,10.246017223673837,3.101653663187952e+28
703.0,68.74153998378667,10.245912402587972,3.054754765420875e+28
713.0,68.74044412525333,10.245809024127825,3.009212539321597e+28
723.0,68.73936314434572,10.245707048564539,2.9649695261042306e+28
733.0,68.73829663690172,10.245606437794992,2.921971450875357e+28
743.0,68.7372442150755,10.245507155254105,2.880167005749274e+28
753.0,68.73620550646916,10.245409165832994,2.8395076504202106e+28
763.0,68.73518015332154,10.245312435802523,2.799947428576113e+28
773.0,68.73416781174956,10.245216932741783,2.7614427987070465e+28
783.0,68.73316815103826,10.245122625471181,2.7239524780102065e+28
793.0,68.7321808529756,10.245029483989732,2.6874372982254675e+28
803.0,68.73120561122884,10.244937479416288,2.651860072352439e+28
813.0,68.73024213075935,10.24484658393437,2.617185471304001e+28
823.0,68.72929012727309,10.244756770740379,2.5833799096438486e+28
833.0,68.72834932670408,10.2446680139949,2.5504114396380636e+28
843.0,68.72741946472864,10.24458028877692,2.5182496529243468e+28
853.0,68.72650028630818,10.244493571040728,2.486865589168355e+28
863.0,68.7255915452584,10.244407837575311,2.4562316511354746e+28
873.0,68.72469300384336,10.244323065966089,2.4263215256591512e+28
883.0,68.72380443239253,10.244239234558815,2.3971101100342586e+28
893.0,68.72292560893926,10.244156322425502,2.3685734434065497e+28
903.0,68.72205631887944,10.24407430933224,2.3406886427675286e+28
913.0,68.7211963546487,10.243993175708773,2.313433843198565e+28
923.0,68.72034551541728,10.24391290261974,2.2867881420391815e+28
933.0,68.7195036068012,10.24383347173744,2.260731546682534e+28
943.0,68.7186704405888,10.24375486531606,2.235244925726483e+28
953.0,68.71784583448161,10.24367706616725,2.2103099632316272e+28
963.0,68.71702961184874,10.24360005763696,2.1859091158584867e+28
973.0,68.71622160149386,10.243523823583491,2.162025572674899e+28
983.0,68.71542163743405,10.243448348356635,2.1386432174418066e+28
993.0,68.71462955868988,10.243373616777893,2.115746593201217e+28
1003.0,68.71384539326297,10.243299631498633,2.090081135351165e+28
1013.0,68.71307153792577,10.243226618662902,2.057564507998924e+28
1023.0,68.71230865515766,10.243154640787713,2.0258657787155107e+28
1033.0,68.71155648394165,10.24308367325866,1.9949566780668547e+28
1043.0,68.71081477192621,10.243013692278351,1.9648101746444167e+28
1053.0,68.71008327505761,10.242944674831763,1.9354004096365916e+28
1063.0,68.70936175723124,10.242876598653359,1.90670263543932e+28
1073.0,68.70864998996068,10.2428094421959,1.8786931580213176e+28
1083.0,68.70794775206353,10.242743184600823,1.851349282781836e+28
1093.0,68.70725482936291,10.242677805670098,1.824649263659377e+28
1103.0,68.70657101440378,10.242613285839493,1.7985722552685233e+28
1113.0,68.70589610618323,10.24254960615314,1.7730982678592005e+28
1123.0,68.70522990989387,10.24248674823935,1.748208124908331e+28
1133.0,68.70457223667967,10.24242469428758,1.723883423168225e+28
1143.0,68.70392290340337,10.242363427026527,1.700106495009184e+28
1153.0,68.70328173242505,10.242302929703238,1.6768603729058693e+28
1163.0,68.70264855139106,10.242243186063206,1.6541287559280541e+28
1173.0,68.70202319303277,10.242184180331416,1.6318959781065499e+28
1183.0,68.70140549497465,10.242125897194228,1.6101469785544454e+28
1193.0,68.70079529955113,10.242068321782135,1.588867273232399e+28
1203.0,68.70019245363183,10.24201143965326,1.5680429282546348e+28
1213.0,68.69959680845459,10.241955236777633,1.5476605346395964e+28
1223.0,68.69900821946605,10.24189969952216,1.5277071844159233e+28
1233.0,68.69842654616927,10.241844814636236,1.5081704480006252e+28
1243.0,68.69785165197801,10.24179056923804,1.4890383527720523e+28
1253.0,68.69728340407744,10.24173695080137,1.4702993627655415e+28
1263.0,68.6967216732908,10.241683947143088,1.4519423594245204e+28
1273.0,68.69616633395187,10.241631546411098,1.433956623344352e+28
1283.0,68.69561726378282,10.241579737072813,1.41633181695041e+28
1293.0,68.69507434377728,10.241528507904155,1.3990579680557288e+28
1303.0,68.6945374580882,10.241477847978956,1.3821254542471741e+28
1313.0,68.69400649392054,10.24142774665886,1.3655249880524102e+28
1323.0,68.69348134142825,10.241378193583602,1.3492476028430196e+28
1333.0,68.69296189361557,10.241329178661696,1.333284639432007e+28
1343.0,68.6924480462423,10.24128069206151,1.3176277333265775e+28
1353.0,68.69193969773293,10.241232724202705,1.3022688025995552e+28
1363.0,68.69143674908935,10.241185265747985,1.2872000363451093e+28
1373.0,68.69093910380712,10.241138307595223,1.272413883686598e+28
1383.0,68.69044666779503,10.241091840869863,1.257903043306326e+28
1393.0,68.68995934929771,10.241045856917628,1.2436604534688825e+28
1403.0,68.68947705882144,10.241000347297522,1.2296792825114366e+28
1413.0,68.68899970906268,10.240955303775095,1.2159529197759997e+28
1423.0,68.6885272148394,10.240910718315963,1.2024749669601522e+28
1433.0,68.68805949302501,10.240866583079583,1.1892392298641452e+28
1443.0,68.68759646248483,10.24082289041326,1.1762397105136008e+28
1453.0,68.68713804401496,10.24077963284638,1.1634705996382474e+28
1463.0,68.6866841602833,10.24073680308486,1.1509262694882854e+28
1473.0,68.68623473577297,10.240694394005793,1.1386012669710393e+28
1483.0,68.68578969672761,10.240652398652314,1.1264903070915544e+28
1493.0,68.68534897109885,10.240610810228626,1.114588266681745e+28
1503.0,68.68491248849557,10.240569622095228,1.102890178403556e+28
1513.0,68.68448018013505,10.240528827764301,1.0913912250124469e+28
1523.0,68.68405197879586,10.240488420895275,1.0800867338682597e+28
1533.0,68.68362781877245,10.240448395290537,1.0689721716812628e+28
1543.0,68.68320763583127,10.2404087448913,1.058043139481841e+28
1553.0,68.68279136716853,10.240369463773616,1.0472953678029298e+28
1563.0,68.68237895136944,10.240330546144534,1.036724712064904e+28
1573.0,68.68197032836875,10.24029198633838,1.0263271481531739e+28
1583.0,68.68156543941275,10.240253778813175,1.0160987681792809e+28
1593.0,68.68116422702258,10.240215918147168,1.0060357764167797e+28
1603.0,68.6807666349587,10.240178399035495,9.961344854036515e+27
1613.0,68.68037260818669,10.240141216286943,9.863913122034388e+27
1623.0,68.67998209284407,10.240104364820835,9.768027748177005e+27
1633.0,68.67959503620835,10.24006783966401,9.67365488742779e+27
1643.0,68.67921138666607,10.24003163594789,9.580761636642259e+27
1653.0,68.67883109368283,10.239995748905685,9.489316002825918e+27
1663.0,68.67845410777443,10.239960173869642,9.399286872645987e+27
1673.0,68.67808038047882,10.239924906268413,9.310643983140233e+27
1683.0,68.67770986432905,10.239889941624504,9.223357893569133e+27
1693.0,68.67734251282704,10.239855275551802,9.137399958360179e+27
1703.0,68.67697828041824,10.239820903753177,9.05274230109589e+27
1713.0,68.67661712246702,10.239786822018173,8.96935778949935e+27
1723.0,68.67625899523293,10.239753026220757,8.887220011373481e+27
1733.0,68.67590385584764,10.239719512317162,8.806303251452434e+27
1743.0,68.67555166229266,10.239686276343763,8.726582469125438e+27
1753.0,68.67520237337772,10.239653314415056,8.648033276995488e+27
1763.0,68.67485594871977,10.239620622721672,8.570631920237025e+27
1773.0,68.67451234872274,10.239588197528468,8.49435525671848e+27
1783.0,68.67417153455789,10.239556035172669,8.419180737857249e+27
1793.0,68.67383346814461,10.239524132062067,8.345086390176169e+27
1803.0,68.67349811213202,10.23949248467328,8.272050797532034e+27
1813.0,68.67316542988104,10.239461089550058,8.200053083988135e+27
1823.0,68.67283538544687,10.239429943301642,8.129072897304038e+27
1833.0,68.67250794356225,10.239399042601173,8.059090393017164e+27
1843.0,68.67218306962094,10.239368384184138,7.990086219091827e+27
1853.0,68.67186072966189,10.23933796484688,7.922041501112572e+27
1863.0,68.67154089035378,10.239307781445142,7.854937827999701e+27
1873.0,68.67122351898007,10.239277830892643,7.788757238225886e+27
1883.0,68.67090858342438,10.239248110159721,7.723482206513706e+27
1893.0,68.67059605215638,10.239218616271982,7.659095630994922e+27
1903.0,68.67028589421811,10.239189346309026,7.595580820813075e+27
1913.0,68.66997807921057,10.239160297403167,7.532921484151906e+27
1923.0,68.6696725772808,10.239131466738229,7.471101716672822e+27
1933.0,68.66936935910934,10.239102851548353,7.410105990345382e+27
1943.0,68.66906839589787,10.239074449116835,7.349919142655515e+27
1953.0,68.66876965935741,10.239046256775016,7.290526366176811e+27
1963.0,68.66847312169674,10.239018271901184,7.231913198490886e+27
1973.0,68.66817875561112,10.238990491919514,7.174065512443448e+27
1983.0,68.66788653427142,10.238962914299046,7.116969506723222e+27
1993.0,68.6675964313134,10.238935536552663,7.060611696751503e+27
2003.0,68.66730842082742,10.238908356236134,7.004978905870561e+27
2013.0,68.6670224773484,10.238881370947157,6.9500582568197e+27
2023.0,68.66673857584593,10.238854578324428,6.895837163488174e+27
2033.0,68.66645669171483,10.238827976046762,6.842303322934677e+27
2043.0,68.66617680076587,10.238801561832195,6.78944470766351e+27
2053.0,68.66589887921667,10.23877533343715,6.737249558147974e+27
2063.0,68.66562290368299,10.2387492886556,6.685706375591914e+27
2073.0,68.66534885117011,10.238723425318259,6.634803914920715e+27
2083.0,68.66507669906456,10.238697741291805,6.584531177993409e+27
2093.0,68.66480642512593,10.238672234478106,6.534877407027916e+27
2103.0,68.66453800747902,10.238646902813473,6.485832078231711e+27
2113.0,68.66427142460611,10.238621744267943,6.437384895630586e+27
2123.0,68.66400665533948,10.238596756844565,6.389525785088442e+27
2133.0,68.66374367885405,10.23857193857871,6.342244888511314e+27
2143.0,68.66348247466031,10.238547287537399,6.295532558229129e+27
2153.0,68.66322302259738,10.238522801818654,6.24937935154897e+27
2163.0,68.66296530282617,10.23849847955085,6.203776025473794e+27
2173.0,68.66270929582282,10.238474318892099,6.158713531580889e+27
2183.0,68.66245498237232,10.23845031802964,6.114183011054509e+27
2193.0,68.66220234356214,10.238426475179255,6.070175789867359e+27
2203.0,68.66195136077617,10.238402788584674,6.026683374105825e+27
2213.0,68.66170201568875,10.238379256517037,5.983697445434027e+27
2223.0,68.6614542902588,10.238355877274321,5.941209856691981e+27
2233.0,68.66120816672422,10.238332649180819,5.899212627623287e+27
2243.0,68.6609636275963,10.238309570586615,5.857697940728021e+27
2253.0,68.6607206556543,10.238286639867072,5.816658137236578e+27
2263.0,68.66047923394021,10.23826385542233,5.776085713200457e+27
2273.0,68.66023934575357,10.238241215676831,5.735973315696062e+27
2283.0,68.66000097464647,10.238218719078835,5.696313739137784e+27
2293.0,68.65976410441863,10.238196364099966,5.65709992169678e+27
2303.0,68.65952871911261,10.238174149234748,5.618324941821917e+27
2313.0,68.65929480300915,10.238152073000178,5.579982014859597e+27
2323.0,68.65906234062255,10.238130133935284,5.5420644897692e+27
2333.0,68.65883131669628,10.238108330600713,5.504565845931068e+27
2343.0,68.65860171619856,10.238086661578311,5.467479690044014e+27
2353.0,68.65837352431815,10.238065125470726,5.430799753109507e+27
2363.0,68.65814672646017,10.238043720901024,5.394519887499714e+27
2373.0,68.65792130824205,10.238022446512288,5.358634064106775e+27
2383.0,68.65769725548954,10.238001300967255,5.323136369570685e+27
2393.0,68.65747455423286,10.237980282947962,5.288021003583316e+27
2403.0,68.65725319070289,10.237959391155355,5.253282276266181e+27
2413.0,68.65703315132747,10.237938624308976,5.218914605619628e+27
2423.0,68.65681442272779,10.237917981146598,5.184912515041214e+27
2433.0,68.65659699171482,10.237897460423898,5.151270630911126e+27
2443.0,68.6563808452859,10.237877060914137,5.117983680242569e+27
2453.0,68.65616597062129,10.237856781407828,5.085046488395105e+27
2463.0,68.65595235508093,10.237836620712434,5.052453976849009e+27
2473.0,68.65573998620114,10.23781657765206,5.020201161038791e+27
2483.0,68.65552885169153,10.237796651067155,4.98828314824405e+27
2493.0,68.65531893943181,10.237776839814213,4.956695135535962e+27
2503.0,68.65511023746885,10.237757142765505,4.925432407777659e+27
2513.0,68.65490273401366,10.237737558808773,4.8944903356769395e+27
2523.0,68.65469641743853,10.237718086846986,4.863864373889693e+27
2533.0,68.65449127627417,10.23769872579805,4.833550059172542e+27
2543.0,68.65428729920694,10.237679474594556,4.803543008583241e+27
2553.0,68.65408447507613,10.237660332183523,4.773838917727393e+27
2563.0,68.65388279287133,10.237641297526148,4.7444335590501514e+27
2573.0,68.65368224172978,10.237622369597556,4.7153227801715404e+27
2583.0,68.65348281093387,10.237603547386566,4.686502502264155e+27
2593.0,68.65328448990863,10.237584829895452,4.657968718471975e+27
2603.0,68.65308726821928,10.237566216139715,4.629717492369114e+27
2613.0,68.65289113556885,10.237547705147854,4.601744956457332e+27
2623.0,68.65269608179584,10.237529295961146,4.574047310701211e+27
2633.0,68.65250209687191,10.237510987633437,4.546620821099889e+27
2643.0,68.6523091708997,10.237492779230923,4.51946181829432e+27
2653.0,68.65211729411052,10.23747466983194,4.4925666962090457e+27
2663.0,68.65192645686233,10.237456658526773,4.4659319107274855e+27
2673.0,68.6517366496375,10.237438744417442,4.439553978399809e+27
2683.0,68.65154786304085,10.23742092661752,4.4134294751824675e+27
2693.0,68.65136008779756,10.237403204251935,4.3875550352084826e+27
2703.0,68.65117331475122,10.237385576456782,4.361927349587651e+27
2713.0,68.65098753486187,10.237368042379146,4.3365431652358174e+27
2723.0,68.65080273920411,10.237350601176917,4.3113992837324027e+27
2733.0,68.65061891896522,10.237333252018614,4.28649256020542e+27
2743.0,68.65043606544333,10.237315994083218,4.2618199022432046e+27
2753.0,68.65025417004563,10.237298826559993,4.2373782688321333e+27
2763.0,68.65007322428663,10.237281748648334,4.213164669319616e+27
2773.0,68.6498932197864,10.237264759557585,4.1891761624016685e+27
2783.0,68.64971414826894,10.237247858506903,4.165409855134403e+27
2793.0,68.64953600156043,10.237231044725084,4.1418629019687787e+27
2803.0,68.6493587715877,10.237214317450412,4.118532503807997e+27
2813.0,68.64918245037659,10.237197675930522,4.095415907086919e+27
2823.0,68.64900703005038,10.237181119422234,4.072510402872924e+27
2833.0,68.64883250282831,10.237164647191422,4.0498133259876243e+27
2843.0,68.648658861024,10.237148258512866,4.0273220541488994e+27
2853.0,68.64848609704407,10.237131952670119,4.0050340071326904e+27
2863.0,68.64831420338659,10.23711572895536,3.982946645954044e+27
2873.0,68.64814317263975,10.23709958666927,3.961057472066896e+27
2883.0,68.64797299748041,10.2370835251209,3.939364026582101e+27
2893.0,68.64780367067279,10.237067543627534,3.917863889503228e+27
2903.0,68.64763518506706,10.237051641514574,3.896554678979668e+27
2913.0,68.6474675335981,10.237035818115407,3.8754340505765916e+27
2923.0,68.64730070928415,10.237020072771285,3.8544996965613276e+27
2933.0,68.64713470522558,10.237004404831213,3.8337493452057357e+27
2943.0,68.64696951460365,10.236988813651822,3.8131807601041674e+27
2953.0,68.64680513067925,10.236973298597256,3.792791739506602e+27
2963.0,68.64664154679174,10.236957859039066,3.7725801156665846e+27
2973.0,68.64647875635778,10.236942494356091,3.7525437542035844e+27
2983.0,68.64631675287015,10.236927203934355,3.732680553479397e+27
2993.0,68.64615552989662,10.236911987166957,3.7129884439882546e+27
3003.0,68.64599508107885,10.23689684345396,3.6934653877602815e+27
3013.0,68.64583540013132,10.236881772202308,3.674109377777966e+27
3023.0,68.64567648084021,10.2368667728257,3.654918437405324e+27
3033.0,68.64551831706238,10.236851844744507,3.635890619829437e+27
3043.0,68.64536090272432,10.236836987385669,3.617024007514053e+27
3053.0,68.64520423182114,10.2368222001826,3.5983167116649533e+27
3063.0,68.64504829841559,10.236807482575095,3.5797668717067947e+27
3073.0,68.64489309663703,10.236792834009236,3.5613726547711475e+27
3083.0,68.64473862068056,10.236778253937299,3.5431322551954445e+27
3093.0,68.64458486480594,10.23676374181767,3.5250438940325866e+27
3103.0,68.64443182333679,10.236749297114756,3.507105818570932e+27
3113.0,68.64427949065963,10.236734919298895,3.489316301864428e+27
3123.0,68.64412786122294,10.236720607846275,3.471673642272632e+27
3133.0,68.64397692953635,10.23670636223885,3.454176163010385e+27
3143.0,68.64382669016973,10.236692181964262,3.4368222117069026e+27
3153.0,68.64367713775235,10.23667806651575,3.4196101599740676e+27
3163.0,68.64352826697204,10.236664015392085,3.402538402983684e+27
3173.0,68.64338007257439,10.236650028097483,3.3856053590535004e+27
3183.0,68.64323254936191,10.23663610414153,3.368809469241778e+27
3193.0,68.64308569219327,10.236622243039113,3.352149196950212e+27
3203.0,68.64293949598247,10.23660844431034,3.335623027534996e+27
3213.0,68.64279395569814,10.236594707480466,3.3192294679258525e+27
3223.0,68.64264906636272,10.23658103207983,3.302967046252831e+27
3233.0,68.64250482305178,10.236567417643782,3.2868343114806943e+27
3243.0,68.64236122089324,10.23655386371261,3.2708298330507214e+27
3253.0,68.64221825506667,10.236540369831474,3.2549522005297456e+27
3263.0,68.64207592080261,10.236526935550346,3.239200023266266e+27
3273.0,68.64193421338184,10.236513560423933,3.223571930053467e+27
3283.0,68.64179312813472,10.236500244011626,3.208066568798985e+27
3293.0,68.64165266044051,10.236486985877425,3.192682606201272e+27
3303.0,68.64151280572673,10.236473785589883,3.177418727432395e+27
3313.0,68.64137355946849,10.236460642722045,3.1622736358271376e+27
3323.0,68.64123491718784,10.236447556851385,3.147246052578246e+27
3333.0,68.6410968744532,10.23643452755975,3.1323347164376943e+27
3343.0,68.64095942687867,10.236421554433296,3.117538383423817e+27
3353.0,68.64082257012348,10.236408637062443,3.102855826534189e+27
3363.0,68.64068629989136,10.236395775041801,3.0882858354641207e+27
3373.0,68.64055061192998,10.236382967970131,3.073827216330632e+27
3383.0,68.64041550203035,10.23637021545028,3.059478791401804e+27
3393.0,68.64028096602625,10.236357517089134,3.0452393988313605e+27
3403.0,68.64014699979369,10.23634487249756,3.031107892398391e+27
3413.0,68.64001359925034,10.236332281290357,3.017083141252077e+27
3423.0,68.639880760355,10.236319743086204,3.003164029661331e+27
3433.0,68.63974847910706,10.23630725750761,2.989349456769218e+27
3443.0,68.63961675154597,10.236294824180865,2.9756383363520846e+27
3453.0,68.63948557375076,10.23628244273599,2.962029596583257e+27
3463.0,68.63935494183947,10.236270112806688,2.9485221798012355e+27
3473.0,68.6392248519687,10.2362578340303,2.9351150422822746e+27
3483.0,68.63909530033311,10.236245606047758,2.921807154017258e+27
3493.0,68.6389662831649,10.236233428503539,2.9085974984927695e+27
3503.0,68.63883779673338,10.236221301045614,2.8954850724762775e+27
3513.0,68.63870983734448,10.236209223325417,2.882468885805339e+27
3523.0,68.63858240134026,10.236197194997787,2.8695479611807346e+27
3533.0,68.63845548509849,10.236185215720932,2.856721333963461e+27
3543.0,68.63832908503221,10.236173285156386,2.8439880519754775e+27
3553.0,68.63820319758928,10.236161402968973,2.831347175304157e+27
3563.0,68.63807781925188,10.23614956882675,2.818797776110331e+27
3573.0,68.63795294653619,10.23613778240099,2.806338938439876e+27
3583.0,68.6378285759919,10.236126043366117,2.793969758038752e+27
3593.0,68.63770470420181,10.236114351399683,2.78168934217143e+27
3603.0,68.6375813277814,10.23610270618233,2.7694968094426294e+27
3613.0,68.63745844337849,10.236091107397739,2.7573912896223036e+27
3623.0,68.63733604767278,10.236079554732608,2.7453719234737977e+27
3633.0,68.63721413737547,10.236068047876609,2.733437862585118e+27
3643.0,68.63709270922891,10.236056586522343,2.7215882692032513e+27
3653.0,68.63697176000618,10.236045170365319,2.7098223160714554e+27
3663.0,68.63685128651073,10.236033799103907,2.698139186269483e+27
3673.0,68.63673128557605,10.236022472439311,2.6865380730566553e+27
3683.0,68.63661175406521,10.236011190075532,2.675018179717748e+27
3693.0,68.63649268887063,10.235999951719332,2.6635787194116096e+27
3703.0,68.63637408691363,10.235988757080206,2.6522189150224764e+27
3713.0,68.63625594514413,10.235977605870344,2.6409379990139167e+27
3723.0,68.63613826054026,10.235966497804597,2.6297352132853547e+27
3733.0,68.63602103010813,10.235955432600461,2.618609809031123e+27
3743.0,68.63590425088134,10.23594440997802,2.607561046601993e+27
3753.0,68.63578791992082,10.235933429659939,2.596588195369125e+27
3763.0,68.63567203431437,10.235922491371419,2.5856905335904005e+27
3773.0,68.63555659117642,10.235911594840173,2.574867348279084e+27
3783.0,68.63544158764772,10.235900739796396,2.564117935074767e+27
3793.0,68.63532702089496,10.235889925972732,2.5534415981165473e+27
3803.0,68.63521288811056,10.235879153104252,2.5428376499184034e+27
3813.0,68.63509918651229,10.235868420928421,2.5323054112467183e+27
3823.0,68.63498591334303,10.235857729185069,2.521844210999908e+27
3833.0,68.63487306587045,10.235847077616368,2.511453386090116e+27
3843.0,68.63476064138675,10.235836465966804,2.501132281326932e+27
3853.0,68.63464863720831,10.235825893983145,2.490880249303095e+27
3863.0,68.63453705067552,10.235815361414422,2.480696650282143e+27
3873.0,68.63442587915239,10.235804868011897,2.4705808520879673e+27
3883.0,68.63431512002636,10.235794413529042,2.4605322299962407e+27
3893.0,68.63420477070801,10.235783997721512,2.450550166627677e+27
3903.0,68.63409482863077,10.23577362034712,2.44063405184309e+27
3913.0,68.63398529125068,10.23576328116581,2.4307832826402154e+27
3923.0,68.63387615604617,10.235752979939633,2.4209972630522625e+27
3933.0,68.63376742051773,10.235742716432735,2.411275404048163e+27
3943.0,68.63365908218772,10.235732490411317,2.4016171234344798e+27
3953.0,68.63355113860011,10.23572230164362,2.3920218457589527e+27
3963.0,68.63344358732023,10.235712149899896,2.38248900221564e+27
3973.0,68.63333642593453,10.235702034952398,2.373018030551633e+27
3983.0,68.63322965205035,10.235691956575346,2.363608374975309e+27
3993.0,68.63312326329569,10.23568191454491,2.3542594860660962e+27
4003.0,68.63301725731895,10.235671908639183,2.344970820685719e+27
4013.0,68.63291163178879,10.235661938638172,2.3357418418909012e+27
4023.0,68.63280638439377,10.23565200432376,2.3265720188474928e+27
4033.0,68.63270151284227,10.235642105479702,2.3174608267459975e+27
4043.0,68.63259701486217,10.23563224189159,2.308407746718476e+27
4053.0,68.63249288820069,10.235622413346844,2.2994122657567958e+27
4063.0,68.63238913062415,10.235612619634683,2.2904738766322043e+27
4073.0,68.63228573991778,10.235602860546114,2.2815920778162e+27
4083.0,68.63218271388551,10.235593135873907,2.272766373402681e+27
4093.0,68.63208005034977,10.235583445412573,2.2639962730313385e+27
4103.0,68.63197774715127,10.235573788958355,2.2552812918122858e+27
4113.0,68.63187580214881,10.235564166309198,2.2466209502518836e+27
4123.0,68.63177421321912,10.235554577264743,2.2380147741797563e+27
4133.0,68.6316729782566,10.235545021626292,2.2294622946769636e+27
4143.0,68.63157209517321,10.23553549919681,2.2209630480053176e+27
4153.0,68.63147156189821,10.23552600978089,2.2125165755378122e+27
4163.0,68.631371376378,10.235516553184748,2.2041224236901585e+27
4173.0,68.63127153657597,10.235507129216195,2.195780143853395e+27
4183.0,68.63117204047225,10.235497737684629,2.1874892923275578e+27
4193.0,68.63107288606362,10.235488378401012,2.179249430256391e+27
4203.0,68.63097407136326,10.235479051177862,2.1710601235630806e+27
4213.0,68.6308755944006,10.235469755829222,2.162920942886989e+27
4223.0,68.63077745322119,10.23546049217066,2.1548314635213748e+27
4233.0,68.63067964588643,10.23545126001924,2.1467912653520822e+27
4243.0,68.63058217047353,10.235442059193515,2.1387999327971793e+27
4253.0,68.63048502507525,10.235432889513511,2.1308570547475294e+27
4263.0,68.63038820779977,10.235423750800702,2.1229622245082784e+27
4273.0,68.63029171677054,10.235414642878007,2.115115039741246e+27
4283.0,68.6301955501261,10.235405565569765,2.107315102408197e+27
4293.0,68.63009970601995,10.235396518701734,2.0995620187149845e+27
4303.0,68.63000418262037,10.235387502101059,2.0918553990565467e+27
4313.0,68.62990897811027,10.235378515596269,2.0841948579627403e+27
4323.0,68.62981409068705,10.235369559017258,2.0765800140449996e+27
4333.0,68.62971951856245,10.23536063219528,2.0690104899438047e+27
4343.0,68.62962525996242,10.235351734962915,2.0614859122769458e+27
4353.0,68.62953131312692,10.235342867154083,2.054005911588567e+27
4363.0,68.62943767630983,10.235334028604006,2.0465701222989805e+27
4373.0,68.62934434777881,10.235325219149207,2.0391781826552347e+27
4383.0,68.6292513258151,10.235316438627498,2.031829734682423e+27
4393.0,68.62915860871347,10.235307686877954,2.024524424135723e+27
4403.0,68.629066194782,10.235298963740922,2.017261900453151e+27
4413.0,68.628974082342,10.235290269057984,2.0100418167090202e+27
4423.0,68.62888226972785,10.235281602671964,2.002863829568093e+27
4433.0,68.6287907552869,10.235272964426905,1.9957275992404108e+27
4443.0,68.62869953737929,10.235264354168056,1.9886327894367942e+27
4453.0,68.62860861437787,10.235255771741873,1.9815790673249993e+27
4463.0,68.62851798466805,10.235247216995987,1.97456610348652e+27
4473.0,68.62842764664768,10.235238689779209,1.967593571874028e+27
4483.0,68.62833759872693,10.235230189941511,1.9606611497694318e+27
4493.0,68.62824783932815,10.235221717334015,1.953768517742556e+27
4503.0,68.6281583668858,10.235213271808984,1.946915359610418e+27
4513.0,68.62806917984624,10.235204853219805,1.9401013623971028e+27
4523.0,68.6279802766677,10.235196461420987,1.9333262162942188e+27
4533.0,68.62789165582014,10.235188096268141,1.9265896146219276e+27
4543.0,68.62780331578509,10.235179757617974,1.9198912537905384e+27
4553.0,68.6277152550556,10.235171445328278,1.9132308332626568e+27
4563.0,68.62762747213613,10.23516315925792,1.9066080555158793e+27
4573.0,68.62753996554233,10.23515489926683,1.9000226260060245e+27
4583.0,68.62745273380108,10.235146665215987,1.8934742531308902e+27
4593.0,68.62736577545029,10.23513845696742,1.8869626481945325e+27
4603.0,68.62727908903881,10.235130274384185,1.880487525372053e+27
4613.0,68.62719267312633,10.235122117330365,1.874048601674889e+27
4623.0,68.62710652628328,10.23511398567105,1.8676455969165943e+27
4633.0,68.62702064709075,10.235105879272343,1.8612782336791138e+27
4643.0,68.6269350341403,10.235097798001332,1.854946237279525e+27
4653.0,68.62684968603398,10.23508974172609,1.848649335737259e+27
4663.0,68.62676460138414,10.235081710315674,1.8423872597417768e+27
4673.0,68.62667977881335,10.235073703640092,1.8361597426207058e+27
4683.0,68.62659521695436,10.235065721570319,1.8299665203084206e+27
4693.0,68.62651091444991,10.235057763978274,1.8238073313150648e+27
4703.0,68.62642686995272,10.235049830736815,1.8176819166960057e+27
4713.0,68.62634308212536,10.23504192171973,1.8115900200217174e+27
4723.0,68.62625954964012,10.235034036801727,1.80553138734808e+27
4733.0,68.626176271179,10.235026175858424,1.7995057671870937e+27
4743.0,68.62609324543355,10.235018338766347,1.7935129104779976e+27
4753.0,68.6260104711048,10.23501052540291,1.7875525705587892e+27
4763.0,68.62592794690322,10.235002735646422,1.7816245031381374e+27
4773.0,68.62584567154852,10.234994969376064,1.7757284662676815e+27
4783.0,68.62576364376969,10.234987226471892,1.7698642203147102e+27
4793.0,68.62568186230484,10.234979506814822,1.7640315279352188e+27
4803.0,68.62560032590115,10.234971810286625,1.7582301540473313e+27
4813.0,68.62551903331472,10.234964136769916,1.752459865805089e+27
4823.0,68.62543798331058,10.234956486148151,1.7467204325725947e+27
4833.0,68.62535717466255,10.234948858305618,1.7410116258985086e+27
4843.0,68.62527660615318,10.23494125312742,1.7353332194908917e+27
4853.0,68.62519627657366,10.23493367049949,1.729684989192389e+27
4863.0,68.62511618472374,10.234926110308555,1.7240667129557497e+27
4873.0,68.62503632941166,10.234918572442151,1.718478170819675e+27
4883.0,68.62495670945407,10.234911056788606,1.7129191448849958e+27
4893.0,68.62487732367596,10.234903563237033,1.7073894192911658e+27
4903.0,68.62479817091057,10.234896091677324,1.701888780193072e+27
4913.0,68.6247192499993,10.234888642000145,1.6964170157381567e+27
4923.0,68.62464055979171,10.234881214096927,1.6909739160438435e+27
4933.0,68.62456209914535,10.234873807859854,1.6855592731752644e+27
4943.0,68.62448386692576,10.23486642318187,1.680172881123284e+27
4953.0,68.62440586200636,10.234859059956658,1.674814535782815e+27
4963.0,68.62432808326838,10.234851718078641,1.6694840349314214e+27
4973.0,68.62425052960083,10.234844397442972,1.6641811782082042e+27
4983.0,68.62417319990037,10.234837097945528,1.658905767092966e+27
4993.0,68.6240960930713,10.234829819482911,1.6536576048856497e+27
5003.0,68.62401920802544,10.234822561952424,1.6484364966860487e+27
