Time,Mass,Radius,Lx
23.0,10.922479985220718,5.59,
23.100002009282885,10.919664541619447,5.582100971806438,
23.20000401856577,10.916862396159729,5.57423413456176,
23.300006027848656,10.9140734512871,5.566399244106927,
23.400008037131542,10.91129761046647,5.558596059136047,
23.500010046414427,10.908534778167827,5.550824341150312,
23.600012055697313,10.905784859852215,5.543083854412938,
23.7000140649802,10.90304776195795,5.535374365904991,
23.800016074263084,10.90032339188708,5.527695645282133,
23.90001808354597,10.897611657992089,5.520047464832235,
24.000020092828855,10.894912469562843,5.512429599433872,
24.10002210211174,10.892225736813751,5.504841826515614,
24.200024111394626,10.88955137087116,5.497283926016182,
24.30002612067751,10.886889283760967,5.489755680345354,
24.400028129960397,10.884239388396445,5.482256874345683,
24.500030139243282,10.881601598566284,5.474787295254953,
24.600032148526168,10.878975828922837,5.467346732669386,
24.700034157809053,10.876361994970559,5.459934978507569,
24.80003616709194,10.873760013054651,5.452551826975074,
24.900038176374824,10.871169800349906,5.4451970745297915,
25.00004018565771,10.868591274849718,5.43787051984791,
25.100042194940595,10.86602435535531,5.430571963790576,
25.20004420422348,10.863468961465115,5.423301209371168,
25.300046213506366,10.860925013564344,5.416058061723223,
25.400048222789252,10.85839243281474,5.408842328068959,
25.500050232072137,10.855871141144487,5.4016538176884,
25.600052241355023,10.853361061238285,5.394492341889085,
25.70005425063791,10.850862116527606,5.387357713976342,
25.800056259920794,10.848374231181094,5.380249749224127,
25.90005826920368,10.84589733009512,5.3731682648464005,
26.000060278486565,10.84343133888451,5.36611307996904,
26.10006228776945,10.840976183873407,5.35908401560228,
26.200064297052336,10.838531792086279,5.352080894613637,
26.30006630633522,10.836098091239089,5.345103541701366,
26.400068315618107,10.833675009730591,5.338151783368371,
26.500070324900992,10.831262476633768,5.331225447896607,
26.600072334183878,10.828860421687413,5.324324365321942,
26.700074343466763,10.826468775287838,5.317448367409484,
26.80007635274965,10.824087468480718,5.310597287629332,
26.900078362032534,10.821716432953059,5.303770961132784,
27.00008037131542,10.819355601025293,5.296969224728947,
27.100082380598305,10.817004905643508,5.290191916861793,
27.20008438988119,10.814664280371773,5.283438877587582,
27.300086399164076,10.812333659384617,5.276709948552732,
27.400088408446962,10.810012977459593,5.270004972972027,
27.500090417729847,10.807702169969977,5.263323795607251,
27.600092427012733,10.80540117287757,5.256666262746169,
27.70009443629562,10.803109922725614,5.250032222181879,
27.800096445578504,10.800828356631813,5.243421523192525,
27.90009845486139,10.798556412281464,5.236834016521364,
28.000100464144275,10.796294027920688,5.230269554357154,
28.10010247342716,10.794041142349768,5.223727990314913,
28.200104482710046,10.791797694916582,5.217209179416974,
28.30010649199293,10.78956362551014,5.210712978074378,
28.400108501275817,10.787338874554216,5.204239244068583,
28.500110510558702,10.785123383001066,5.1977878365334735,
28.600112519841588,10.782917092325258,5.191358615937677,
28.700114529124473,10.780719944517575,5.184951444067171,
28.80011653840736,10.778531882079019,5.178566184008201,
28.900118547690244,10.776352848014898,5.1722027001304465,
29.00012055697313,10.774182785829005,5.165860858070506,
29.100122566256015,10.77202163951787,5.159540524715611,
29.2001245755389,10.769869353565113,5.1532415681876484,
29.300126584821786,10.767725872935864,5.146963857827425,
29.40012859410467,10.765591143071276,5.140707264179186,
29.500130603387557,10.763465109883102,5.13447165897539,
29.600132612670443,10.761347719748366,5.1282569151217405,
29.700134621953328,10.759238919504101,5.122062906682434,
29.800136631236214,10.75713865644216,5.11588950886567,
29.9001386405191,10.755046878304114,5.109736598009391,
30.000140649801985,10.752963533276203,5.103604051567226,
30.10014265908487,10.750888569984376,5.09749174809469,
30.200144668367756,10.74882193748939,5.091399567235583,
30.30014667765064,10.746763585281986,5.085327389708604,
30.400148686933527,10.74471346327812,5.079275097294191,
30.500150696216412,10.742671521814277,5.073242572821535,
30.600152705499298,10.740637711642835,5.067229700155849,
30.700154714782183,10.738611983927505,5.061236364185778,
30.80015672406507,10.736594290238829,5.05526245081105,
30.900158733347954,10.734584582549736,5.049307846930294,
31.00016074263084,10.73258281323117,5.043372440429049,
31.100162751913725,10.730588935047765,5.037456120167962,
31.20016476119661,10.728602901153586,5.031558775971166,
31.300166770479496,10.726624665087934,5.025680298614832,
31.40016877976238,10.724654180771195,5.019820579815901,
31.500170789045267,10.72269140250075,5.013979512220981,
31.600172798328153,10.72073628494695,5.008156989395415,
31.700174807611038,10.71878878314913,5.002352905812512,
31.800176816893924,10.716848852511685,4.996567156842945,
31.90017882617681,10.714916448800196,4.990799638744289,
32.000180835459695,10.712991528137612,4.985050248650748,
32.100182844742584,10.711074047000478,4.979318884563009,
32.20018485402547,10.709163962215209,4.973605445338238,
32.30018686330836,10.707261230954428,4.96790983068027,
32.40018887259125,10.705365810733333,4.962231941129875,
32.50019088187414,10.703477659406131,4.9565716780552345,
32.60019289115703,10.701596735162502,4.950928943642514,
32.70019490043992,10.69972299652412,4.945303640886582,
32.80019690972281,10.697856402341214,4.939695673581873,
32.900198919005696,10.69599691178918,4.934104946313376,
33.000200928288585,10.694144484365227,4.928531364447757,
33.100202937571474,10.692299079885071,4.922974834124593,
33.20020494685436,10.69046065847968,4.917435262247762,
33.30020695613725,10.688629180592045,4.911912556476931,
33.40020896542014,10.686804606974004,4.906406625219168,
33.50021097470303,10.684986898683105,4.900917377620694,
33.60021298398592,10.683176017079504,4.895444723558716,
33.70021499326881,10.681371923822903,4.889988573633413,
33.8002170025517,10.679574580869536,4.884548839160001,
33.90021901183459,10.677783950469182,4.879125432160943,
34.000221021117476,10.67599999516222,4.873718265358238,
34.100223030400365,10.67422267777672,4.868327252165823,
34.200225039683254,10.672451961425574,4.862952306682111,
34.30022704896614,10.67068780950366,4.857593343682584,
34.40022905824903,10.668930185685037,4.852250278612528,
34.50023106753192,10.667179053920187,4.846923027579852,
34.60023307681481,10.665434378433273,4.841611507347985,
34.7002350860977,10.663696123719454,4.836315635328928,
34.80023709538059,10.661964254542209,4.831035329576329,
34.90023910466348,10.660238735930712,4.825770508778712,
35.000241113946366,10.65851953317723,4.8205210922527595,
35.100243123229255,10.656806611834558,4.815286999936703,
35.200245132512144,10.65509993771348,4.810068152383806,
35.30024714179503,10.653399476880264,4.804864470755913,
35.40024915107792,10.651705195654186,4.799675876817108,
35.50025116036081,10.650017060605087,4.794502292927449,
35.6002531696437,10.648335038550957,4.789343642036785,
35.70025517892659,10.646659096555549,4.784199847678661,
35.80025718820948,10.644989201926016,4.779070833964282,
35.90025919749237,10.643325322210588,4.773956525576589,
36.00026120677526,10.641667425196268,4.768856847764398,
36.100263216058146,10.640015478906552,4.7637717263365955,
36.200265225341035,10.638369451599193,4.758701087656457,
36.300267234623924,10.636729311763968,4.75364485863599,
36.40026924390681,10.635095028120492,4.748602966730379,
36.5002712531897,10.633466569616045,4.743575339932498,
36.60027326247259,10.631843905423432,4.738561906767496,
36.70027527175548,10.63022700493886,4.733562596287431,
36.80027728103837,10.628615837779849,4.728577338066012,
36.90027929032126,10.627010373783163,4.7236060621933715,
37.00028129960415,10.625410583002763,4.718648699270922,
37.100283308887036,10.62381643570779,4.713705180406286,
37.200285318169925,10.62222790238056,4.708775437208263,
37.300287327452814,10.6206449537146,4.703859401781889,
37.4002893367357,10.619067560612683,4.698957006723541,
37.50029134601859,10.617495694184914,4.694068185116117,
37.60029335530148,10.61592932574681,4.689192870524258,
37.70029536458437,10.614368426817423,4.6843309969896465,
37.80029737386726,10.612812969117469,4.679482499026355,
37.90029938315015,10.611262924567495,4.674647311616259,
38.00030139243304,10.609718265286046,4.669825370204498,
38.10030340171593,10.608178963587875,4.6650166106949955,
38.200305410998816,10.606644991982153,4.660220969446042,
38.300307420281705,10.605116323170716,4.655438383265931,
38.400309429564594,10.603592930046318,4.650668789408623,
38.50031143884748,10.602074785690917,4.6459121255695175,
38.60031344813037,10.600561863373963,4.641168329881204,
38.70031545741326,10.599054136550727,4.636437340909339,
38.80031746669615,10.597551578860628,4.631719097648521,
38.90031947597904,10.59605416412559,4.627013539518229,
39.00032148526193,10.594561866348416,4.622320606358818,
39.10032349454482,10.593074659711176,4.617640238427561,
39.200325503827706,10.59159251857362,4.612972376394739,
39.300327513110595,10.590115417471598,4.6083169613397565,
39.400329522393484,10.588643331115508,4.603673934747345,
39.50033153167637,10.587176234388753,4.59904323850377,
39.60033354095926,10.585714102346223,4.594424814893115,
39.70033555024215,10.584256910212783,4.589818606593581,
39.80033755952504,10.582804633381786,4.5852245566738565,
39.90033956880793,10.5813572474136,4.580642608589519,
40.00034157809082,10.579914728034147,4.5760727061794615,
40.10034358737371,10.57847705113347,4.5715147936624065,
40.2003455966566,10.577044192764294,4.566968815633398,
40.300347605939486,10.575616129140625,4.562434717060399,
40.400349615222375,10.574192836636351,4.557912443280882,
40.500351624505264,10.57277429178386,4.553401939998469,
40.60035363378815,10.571360471272675,4.548903153279637,
40.70035564307104,10.569951351948102,4.544416029550421,
40.80035765235393,10.568546910809896,4.539940515593183,
40.90035966163682,10.567147125010933,4.5354765585434125,
41.00036167091971,10.565751971855905,4.531024105886553,
41.1003636802026,10.564361428800023,4.526583105454886,
41.20036568948549,10.562975473447738,4.522153505424424,
41.300367698768376,10.56159408355147,4.517735254311859,
41.400369708051265,10.560217237010358,4.513328300971542,
41.500371717334154,10.558844911869013,4.5089325945924825,
41.60037372661704,10.557477086316295,4.504548084695404,
41.70037573589993,10.556113738684095,4.500174721129822,
41.80037774518282,10.554754847446132,4.495812454071141,
41.90037975446571,10.55340039121676,4.491461234017808,
42.0003817637486,10.552050348749798,4.4871210117884885,
42.10038377303149,10.550704698937357,4.48279173851927,
42.20038578231438,10.549363420808689,4.478473365660896,
42.30038779159727,10.548026493529042,4.474165844976032,
42.400389800880156,10.546693896398535,4.469869128536576,
42.500391810163045,10.54536560885104,4.4655831687209755,
42.600393819445934,10.544041610453064,4.461307918211583,
42.70039582872882,10.542721880902668,4.4570433299920476,
42.80039783801171,10.541406400028375,4.452789357344736,
42.9003998472946,10.540095147788096,4.4485459538481615,
43.00040185657749,10.538788104268068,4.4443130733744685,
43.10040386586038,10.537485249681804,4.440090670086915,
43.20040587514327,10.53618656436905,4.435878698437412,
43.30040788442616,10.534892028794756,4.431677113164074,
43.400409893709046,10.533601623548053,4.427485869288793,
43.500411902991935,10.532315329341248,4.4233049221148475,
43.600413912274824,10.531033127008817,4.419134227224527,
43.70041592155771,10.52975499750642,4.414973740476791,
43.8004179308406,10.528480921909921,4.410823418004961,
43.90041994012349,10.527210881414417,4.406683216214406,
44.00042194940638,10.525944857333275,4.40255309178028,
44.10042395868927,10.524682831097186,4.398433001645291,
44.20042596797216,10.52342478425322,4.394322903017461,
44.30042797725505,10.522170698463889,4.390222753367925,
44.40042998653794,10.520920555506237,4.386132510428777,
44.500431995820826,10.519674337270914,4.3820521321908945,
44.600434005103715,10.518432025761276,4.377981576901828,
44.700436014386604,10.517193603092489,4.37392080306367,
44.80043802366949,10.515959051490638,4.369869769430991,
44.90044003295238,10.514728353291854,4.365828435008768,
45.00044204223527,10.513501490941442,4.361796759050341,
45.10044405151816,10.512278446993015,4.357774701055389,
45.20044606080105,10.511059204107648,4.353762220767935,
45.30044807008394,10.509843745053024,4.349759278174359,
45.40045007936683,10.508632052702607,4.345765833501446,
45.500452088649716,10.50742411003481,4.341781847214448,
45.600454097932605,10.506219900132168,4.337807280015153,
45.700456107215494,10.505019406180534,4.333842092839996,
45.80045811649838,10.503822611468268,4.329886246858173,
45.90046012578127,10.502629499385444,4.325939703469784,
46.00046213506416,10.501440053423059,4.322002424303988,
46.10046414434705,10.500254257172246,4.318074371217175,
46.20046615362994,10.499072094323509,4.314155506291172,
46.30046816291283,10.497893548665946,4.310245791831441,
46.40047017219572,10.496718604086494,4.3063451903653185,
46.50047218147861,10.49554724456918,4.302453664640275,
46.600474190761496,10.494379454194362,4.2985711776221525,
46.700476200044385,10.493215217138008,4.294697692493475,
46.800478209327274,10.49205451767095,4.290833172651731,
46.90048021861016,10.490897340158165,4.28697758170771,
47.00048222789305,10.489743669058061,4.2831308834838175,
47.10048423717594,10.488593488921756,4.279293042012432,
47.20048624645883,10.487446784392382,4.275464021534281,
47.30048825574172,10.486303540204384,4.271643786496811,
47.40049026502461,10.485163741182825,4.267832301552595,
47.5004922743075,10.484027372242709,4.264029531557743,
47.600494283590386,10.482894418388291,4.2602354415703285,
47.700496292873275,10.481764864712417,4.2564499968488505,
47.800498302156164,10.480638696395848,4.252673162850672,
47.90050031143905,10.479515898706605,4.248904905230512,
48.00050232072194,10.478396456999315,4.245145189838932,
48.10050433000483,10.477280356714557,4.241393982720833,
48.20050633928772,10.47616758337823,4.23765125011399,
48.30050834857061,10.475058122600908,4.233916958447573,
48.4005103578535,10.473951960077216,4.230191074340702,
48.50051236713639,10.472849081585201,4.226473564601009,
48.60051437641928,10.471749472985714,4.222764396223203,
48.700516385702166,10.4706531202218,4.219063536387679,
48.800518394985055,10.469560009318082,4.215370952459097,
48.900520404267944,10.468470126380172,4.211686611985021,
49.00052241355083,10.467383457594064,4.208010482694537,
49.10052442283372,10.466299989225545,4.204342532496895,
49.20052643211661,10.46521970761961,4.200682729480162,
49.3005284413995,10.464142599199882,4.197031041909899,
49.40053045068239,10.463068650468033,4.193387438227833,
49.50053245996528,10.46199784800322,4.189751887050555,
49.60053446924817,10.460930178461512,4.18612435716822,
49.700536478531056,10.459865628575336,4.182504817543268,
49.800538487813945,10.45880418515292,4.178893237309151,
49.900540497096834,10.45774583507774,4.175289585769079,
50.00054250637972,10.45669056530798,4.171693832394769,
50.10054451566261,10.455638362875987,4.168105946825206,
50.2005465249455,10.454589214887738,4.164525898865424,
50.30054853422839,10.453543108522306,4.16095365848529,
50.40055054351128,10.452500031031336,4.157389195818308,
50.50055255279417,10.451459969738526,4.153832481160418,
50.60055456207706,10.450422912039103,4.15028348496883,
50.70055657135995,10.44938884539932,4.1467421778608475,
50.800558580642836,10.448357757355936,4.143208530612706,
50.900560589925725,10.447329635515723,4.139682514158428,
51.000562599208614,10.446304467554963,4.136164099588693,
51.1005646084915,10.445282241218951,4.132653258149698,
51.20056661777439,10.444262944321508,4.129149961242055,
51.30056862705728,10.443246564744493,4.125654180419673,
51.40057063634017,10.442233090437322,4.122165887388669,
51.50057264562306,10.441222509416487,4.11868505400628,
51.60057465490595,10.440214809765088,4.115211652279777,
51.70057666418884,10.43920997963236,4.11174565436542,
51.800578673471726,10.438208007233206,4.108287032567379,
51.900580682754615,10.43720888084774,4.1048357593367,
52.000582692037504,10.436212588820823,4.101391807270251,
52.10058470132039,10.435219119561616,4.097955149109711,
52.20058671060328,10.434228461543126,4.094525757740538,
52.30058871988617,10.433240603301762,4.091103606190957,
52.40059072916906,10.432255533436892,4.0876886676309745,
52.50059273845195,10.431273240610405,4.084280915371361,
52.60059474773484,10.430293713546277,4.080880322862685,
52.70059675701773,10.429316941030137,4.077486863694325,
52.80059876630062,10.428342911908848,4.074100511593521,
52.900600775583506,10.42737161509007,4.070721240424389,
53.000602784866395,10.426403039541853,4.067349024186989,
53.100604794149284,10.425437174292213,4.063983837016384,
53.20060680343217,10.42447400842872,4.060625653181692,
53.30060881271506,10.423513531098095,4.057274447085181,
53.40061082199795,10.42255573150579,4.053930193261329,
53.50061283128084,10.421600598915601,4.050592866375936,
53.60061484056373,10.420648122649258,4.047262441225204,
53.70061684984662,10.419698292086032,4.043938892734852,
53.80061885912951,10.418751096662346,4.040622195959234,
53.900620868412396,10.41780652587138,4.037312326080453,
54.000622877695285,10.41686456926269,4.034009258407492,
54.100624886978174,10.415925216441819,4.030712968375349,
54.20062689626106,10.41498845706992,4.027423431544183,
54.30062890554395,10.414054280863386,4.02414062359847,
54.40063091482684,10.413122677593464,4.02086452034615,
54.50063292410973,10.412193637085895,4.017595097717807,
54.60063493339262,10.411267149220542,4.014332331765829,
54.70063694267551,10.410343203931026,4.011076198663591,
54.8006389519584,10.409421791204364,4.007826674704648,
54.90064096124129,10.408502901080613,4.004583736301921,
55.000642970524176,10.407586523652514,4.001347359986902,
55.100644979807065,10.406672649065136,3.9981175224088625,
55.200646989089954,10.405761267515532,3.994894200334056,
55.30064899837284,10.404852369252387,3.9916773706449584,
55.40065100765573,10.403945944575678,3.988467010339479,
55.50065301693862,10.40304198383633,3.985263096530192,
55.60065502622151,10.402140477435877,3.9820656064435895,
55.7006570355044,10.40124141582613,3.978874517419319,
55.80065904478729,10.400344789508843,3.9756898069094437,
55.90066105407018,10.399450589035379,3.972511452477686,
56.000663063353066,10.398558805006385,3.9693394317987036,
56.100665072635955,10.397669428071469,3.966173722657362,
56.200667081918844,10.396782448928873,3.9630143029480016,
56.30066909120173,10.39589785832516,3.959861150673738,
56.40067110048462,10.395015647054889,3.956714243945727,
56.50067310976751,10.394135805960303,3.953573560982474,
56.6006751190504,10.393258325931022,3.9504390801091347,
56.70067712833329,10.392383197903726,3.9473107797568185,
56.80067913761618,10.391510412861852,3.9441886384618985,
56.90068114689907,10.390639961835287,3.941072634865331,
57.00068315618196,10.389771835900069,3.93796274771198,
57.100685165464846,10.388906026178082,3.934858955849937,
57.200687174747735,10.388042523836765,3.9317612382298712,
57.300689184030624,10.387181320088809,3.9286695739043522,
57.40069119331351,10.38632240619187,3.9255839420271985,
57.5006932025964,10.385465773448276,3.9225043218528404,
57.60069521187929,10.384611413204741,3.9194306927356553,
57.70069722116218,10.383759316852075,3.916363034129341,
57.80069923044507,10.382909475824903,3.9133013255862785,
57.90070123972796,10.382061881601384,3.910245546756905,
58.00070324901085,10.38121652570293,3.9071956773890824,
58.100705258293736,10.38037339969393,3.904151697327484,
58.200707267576625,10.379532495181472,3.901113586512974,
58.300709276859514,10.378693803815075,3.898081324982007,
58.4007112861424,10.377857317286415,3.8950548928660145,
58.50071329542529,10.377023027329056,3.892034270390811,
58.60071530470818,10.376190925718186,3.8890194378759926,
58.70071731399107,10.37536100427035,3.88601037573435,
58.80071932327396,10.374533254843188,3.8830070644712875,
58.90072133255685,10.373707669335179,3.8800094846842366,
59.00072334183974,10.372884239685375,3.8770176170620765,
59.10072535112263,10.37206295787315,3.874031442384567,
59.200727360405516,10.371243815917941,3.871050941521776,
59.300729369688405,10.370426805879003,3.868076095433522,
59.400731378971294,10.369611919855151,3.865106885168815,
59.50073338825418,10.368799149984515,3.8621432918652934,
59.60073539753707,10.367988488444292,3.8591852967486853,
59.70073740681996,10.367179927450502,3.856232881132258,
59.80073941610285,10.366373459257746,3.853286026416273,
59.90074142538574,10.365569076158959,3.8503447140874445,
60.00074343466863,10.36476677048518,3.8474089257184234,
60.10074544395152,10.363966534605305,3.844478642967253,
60.200747453234406,10.363168360925863,3.841553847576852,
60.300749462517295,10.36237224189077,3.838634521374487,
60.400751471800184,10.3615781699811,3.835720646271252,
60.50075348108307,10.360786137714861,3.832812204261576,
60.60075549036596,10.35999613764676,3.829909177422685,
60.70075749964885,10.35920816236798,3.8270115479141196,
60.80075950893174,10.358422204505947,3.8241192979772216,
60.90076151821463,10.35763825672412,3.821232409934644,
61.00076352749752,10.356856311721756,3.818350866189845,
61.10076553678041,10.356076362233697,3.8154746492266125,
61.2007675460633,10.355298401030149,3.8126037416085703,
61.300769555346186,10.354522420916465,3.809738125978692,
61.400771564629075,10.353748414732934,3.8068777850588336,
61.500773573911964,10.352976375354558,3.8040227016492407,
61.60077558319485,10.352206295690852,3.801172858628099,
61.70077759247774,10.351438168685622,3.798328238951042,
61.80077960176063,10.350671987316762,3.7954888256507004,
61.90078161104352,10.349907744596047,3.7926546018362415,
62.00078362032641,10.349145433568927,3.789825550692909,
62.1007856296093,10.348385047314316,3.787001655481559,
62.20078763889219,10.347626578944402,3.7841828995382274,
62.300789648175076,10.346870021604433,3.781369266273671,
62.400791657457965,10.346115368472523,3.778560739172915,
62.500793666740854,10.345362612759454,3.775757301794831,
62.60079567602374,10.344611747708477,3.7729589377716852,
62.70079768530663,10.343862766595118,3.770165630808709,
62.80079969458952,10.343115662726982,3.7673773646836652,
62.90080170387241,10.342370429443562,3.7645941232464217,
63.0008037131553,10.34162706011605,3.761815890418529,
63.10080572243819,10.340885548147138,3.759042650192788,
63.20080773172108,10.340145886970845,3.7562743866328505,
63.30080974100397,10.339408070052313,3.753511083872783,
63.400811750286856,10.33867209088763,3.7507527261166573,
63.500813759569745,10.33793794300365,3.7479992976381604,
63.600815768852634,10.3372056199578,3.7452507827801624,
63.70081777813552,10.336475115337901,3.742507165954325,
63.80081978741841,10.335746422761995,3.739768431640705,
63.9008217967013,10.335019535878155,3.737034564387347,
64.00082380598418,10.334294448364314,3.7343055488098855,
64.10082581526707,10.333571153928089,3.7315813695911735,
64.20082782454996,10.332849646306599,3.7288620114808673,
64.30082983383285,10.332129919266297,3.726147459295054,
64.40083184311574,10.331411966602797,3.7234376979158705,
64.50083385239863,10.3306957821407,3.720732712291113,
64.60083586168152,10.329981359733422,3.7180324874338635,
64.7008378709644,10.329268693263032,3.715337008422117,
64.8008398802473,10.328557776640075,3.7126462603983996,
64.90084188953018,10.327848603803412,3.70996022856941,
65.00084389881307,10.327141168720052,3.7072788982056437,
65.10084590809596,10.326435465384987,3.7046022546410304,
65.20084791737885,10.325731487821031,3.7019302832725747,
65.30084992666174,10.325029230078654,3.699262969559989,
65.40085193594463,10.324328686235825,3.696600299025347,
65.50085394522752,10.32362985039785,3.693942257252713,
65.60085595451041,10.322932716697217,3.6912888298878133,
65.7008579637933,10.32223727929343,3.6886400026376585,
65.80085997307619,10.321543532372864,3.685995761270221,
65.90086198235907,10.320851470148598,3.6833560916140717,
66.00086399164196,10.320161086860272,3.6807209795580533,
66.10086600092485,10.319472376773925,3.678090411050927,
66.20086801020774,10.318785334181847,3.6754643721010445,
66.30087001949063,10.318099953402427,3.6728428487760088,
66.40087202877352,10.317416228780004,3.6702258272023363,
66.50087403805641,10.316734154684717,3.667613293565136,
66.6008760473393,10.316053725512356,3.6650052341077757,
66.70087805662219,10.315374935684218,3.6624016351315554,
66.80088006590508,10.314697779646961,3.6598024829953895,
66.90088207518797,10.314022251872455,3.6572077641154763,
67.00088408447085,10.31334834685764,3.654617464964981,
67.10088609375374,10.31267605912439,3.652031572073729,
67.20088810303663,10.312005383219361,3.6494500720278817,
67.30089011231952,10.311336313713854,3.6468729514696183,
67.40089212160241,10.310668845203677,3.6443001970968414,
67.5008941308853,10.310002972309006,3.641731795662854,
67.60089614016819,10.30933868967424,3.6391677339760533,
67.70089814945108,10.308675991967876,3.636607998899643,
67.80090015873397,10.308014873882364,3.6340525773513175,
67.90090216801686,10.307355330133973,3.631501456302958,
68.00090417729974,10.306697355462658,3.628954622780342,
68.10090618658263,10.306040944631931,3.62641206386286,
68.20090819586552,10.30538609242872,3.6238737666831886,
68.30091020514841,10.30473279366324,3.621339718427026,
68.4009122144313,10.30408104316887,3.6188099063327996,
68.50091422371419,10.303430835802011,3.616284317691358,
68.60091623299708,10.30278216644197,3.6137629398457136,
68.70091824227997,10.302135029990822,3.6112457601907404,
68.80092025156286,10.301489421373285,3.608732766172885,
68.90092226084575,10.300845335536598,3.606223945289914,
69.00092427012864,10.300202767450392,3.6037192850906,
69.10092627941152,10.299561712106566,3.601218773174481,
69.20092828869441,10.298922164519164,3.598722397191555,
69.3009302979773,10.298284119724249,3.596230144842022,
69.40093230726019,10.297647572779788,3.5937420038760166,
69.50093431654308,10.297012518765522,3.591257962093328,
69.60093632582597,10.296378952782852,3.588778007343139,
69.70093833510886,10.29574686995472,3.586302127523761,
69.80094034439175,10.29511626542548,3.5838303105823686,
69.90094235367464,10.294487134360796,3.5813625445147297,
70.00094436295753,10.293859471947512,3.5788988173649647,
70.10094637224041,10.293233273393536,3.576439117225261,
70.2009483815233,10.292608533927735,3.573983432235643,
70.3009503908062,10.29198524879981,3.571531750583696,
70.40095240008908,10.291363413280184,3.5690840605043297,
70.50095440937197,10.29074302265989,3.5666403502795063,
70.60095641865486,10.29012407225046,3.564200608238006,
70.70095842793775,10.28950655738381,3.5617648227551806,
70.80096043722064,10.288890473412128,3.559332982252692,
70.90096244650353,10.288275815707767,3.5569050751982743,
71.00096445578642,10.287662579663134,3.5544810901054955,
71.1009664650693,10.287050760690581,3.5520610155335026,
71.2009684743522,10.286440354222297,3.5496448400867964,
71.30097048363508,10.285831355710195,3.5472325524149744,
71.40097249291797,10.285223760625819,3.5448241412125148,
71.50097450220086,10.28461756446022,3.5424195952185173,
71.60097651148375,10.284012762723865,3.540018903216488,
71.70097852076664,10.283409350946526,3.5376220540340966,
71.80098053004953,10.282807324677176,3.5352290365429484,
71.90098253933242,10.282206679483888,3.532839839658359,
72.0009845486153,10.281607410953727,3.5304544523391006,
72.1009865578982,10.281009514692656,3.5280728635872167,
72.20098856718108,10.280412986325427,3.525695062447763,
72.30099057646397,10.279817821495485,3.5233210380085973,
72.40099258574686,10.279224015864864,3.520950779400149,
72.50099459502975,10.278631565114093,3.518584275795206,
72.60099660431264,10.278040464942094,3.5162215164087005,
72.70099861359553,10.277450711066082,3.513862490497469,
72.80100062287842,10.276862299221472,3.511507187360059,
72.90100263216131,10.276275225161777,3.5091555963364973,
73.0010046414442,10.275689484658516,3.506807706808079,
73.10100665072709,10.275105073501116,3.5044635081971633,
73.20100866000998,10.274521987496819,3.5021229899669475,
73.30101066929286,10.273940222470584,3.4997861416212723,
73.40101267857575,10.273359774264998,3.4974529527044025,
73.50101468785864,10.27278063874018,3.4951234128008237,
73.60101669714153,10.272202811773688,3.4927975115350365,
73.70101870642442,10.271626289260427,3.490475238571338,
73.80102071570731,10.271051067112559,3.4881565836136468,
73.9010227249902,10.270477141259413,3.485841536405274,
74.00102473427309,10.26990450764739,3.4835300867287318,
74.10102674355598,10.269333162239876,3.4812222244055313,
74.20102875283887,10.268763101017159,3.478917939295996,
74.30103076212175,10.268194319976327,3.4766172212990423,
74.40103277140464,10.267626815131196,3.4743200603520084,
74.50103478068753,10.267060582512206,3.4720264464304327,
74.60103678997042,10.26649561816635,3.4697363695478876,
74.70103879925331,10.265931918157072,3.467449819755764,
74.8010408085362,10.265369478564198,3.4651667871430942,
74.90104281781909,10.264808295483837,3.46288726183636,
75.00104482710198,10.264248365028301,3.460611233999292,
75.10104683638487,10.263689683326023,3.4583386938326934,
75.20104884566776,10.26313224652147,3.456069631574258,
75.30105085495065,10.262576050775063,3.453804037498366,
75.40105286423353,10.262021092263092,3.451541901915919,
75.50105487351642,10.261467367177632,3.4492832151741406,
75.60105688279931,10.260914871726468,3.447027967656413,
75.7010588920822,10.26036360213301,3.4447761497820824,
75.80106090136509,10.259813554636208,3.4425277520062747,
75.90106291064798,10.259264725490482,3.440282764819733,
76.00106491993087,10.258717110965632,3.438041178748629,
76.10106692921376,10.258170707346768,3.4358029843543867,
76.20106893849665,10.257625510934222,3.4335681722335076,
76.30107094777954,10.257081518043481,3.4313367330174045,
76.40107295706242,10.256538725005099,3.429108657372209,
76.50107496634531,10.255997128164624,3.42688393599862,
76.6010769756282,10.255456723882528,3.4246625596317273,
76.70107898491109,10.254917508534117,3.42244451904083,
76.80108099419398,10.254379478509467,3.420229805029276,
76.90108300347687,10.253842630213342,3.4180184084342904,
77.00108501275976,10.253306960065125,3.4158103201268215,
77.10108702204265,10.252772464498737,3.4136055310113482,
77.20108903132554,10.252239139962569,3.411404032025744,
77.30109104060843,10.251706982919407,3.4092058141410924,
77.40109304989132,10.251175989846356,3.4070108683615343,
77.5010950591742,10.25064615723477,3.4048191857240955,
77.6010970684571,10.250117481590184,3.4026307572985424,
77.70109907773998,10.249589959432232,3.4004455741872,
77.80110108702287,10.249063587294584,3.398263627524809,
77.90110309630576,10.248538361724874,3.3960849084783575,
78.00110510558865,10.248014279284629,3.3939094082469348,
78.10110711487154,10.247491336549198,3.391737118061563,
78.20110912415443,10.246969530107684,3.3895680291850523,
78.30111113343732,10.246448856562877,3.38740213291184,
78.4011131427202,10.245929312531176,3.3852394205678253,
78.5011151520031,10.245410894642536,3.383079883510244,
78.60111716128598,10.244893599540385,3.380923513127491,
78.70111917056887,10.244377423881566,3.3787703008389816,
78.80112117985176,10.243862364336271,3.3766202380950086,
78.90112318913465,10.243348417587965,3.3744733163765663,
79.00112519841754,10.24283558033333,3.3723295271952325,
79.10112720770043,10.24232384928219,3.370188862093,
79.20112921698332,10.241813221157456,3.3680513126421356,
79.30113122626621,10.241303692695052,3.3659168704450453,
79.4011332355491,10.240795260643857,3.3637855271341177,
79.50113524483199,10.240287921765637,3.3616572743715825,
79.60113725411487,10.239781672834978,3.3595321038493573,
79.70113926339776,10.23927651063923,3.3574100072889252,
79.80114127268065,10.238772431978443,3.355290976441183,
79.90114328196354,10.238269433665296,3.353175003086295,
80.00114529124643,10.237767512525044,3.3510620790335617,
80.10114730052932,10.237266665395452,3.3489521961212763,
80.20114930981221,10.236766889126734,3.346845346216588,
80.3011513190951,10.236268180581492,3.344741521215366,
80.40115332837799,10.235770536634652,3.34264071304205,
80.50115533766088,10.23527395417341,3.3405429136495366,
80.60115734694376,10.234778430097167,3.3384481150190273,
80.70115935622665,10.23428396131747,3.336356309159893,
80.80116136550954,10.233790544757953,3.334267488109557,
80.90116337479243,10.23329817735428,3.3321816439333425,
81.00116538407532,10.232806856054083,3.3300987687243566,
81.10116739335821,10.232316577816903,3.328018854603341,
81.2011694026411,10.231827339614137,3.3259418937185616,
81.30117141192399,10.231339138428977,3.32386787824567,
81.40117342120688,10.23085197125635,3.321796800387556,
81.50117543048977,10.230365835102868,3.3197286523742635,
81.60117743977266,10.229880726986764,3.3176634264628113,
81.70117944905554,10.22939664393784,3.3156011149371,
81.80118145833843,10.228913582997409,3.313541710107775,
81.90118346762132,10.228431541218242,3.3114852043121052,
82.00118547690421,10.227950515664512,3.3094315899138556,
82.1011874861871,10.227470503411732,3.3073808593031533,
82.20118949546999,10.226991501546713,3.3053330048963874,
82.30119150475288,10.226513507167498,3.3032880191360547,
82.40119351403577,10.226036517383315,3.3012458944906764,
82.50119552331866,10.225560529314519,3.299206623454632,
82.60119753260155,10.225085540092543,3.297170198548085,
82.70119954188444,10.22461154685984,3.295136612316825,
82.80120155116732,10.224138546769833,3.293105857332163,
82.90120356045021,10.223666536986862,3.2910779261908214,
83.0012055697331,10.223195514686132,3.2890528115148063,
83.10120757901599,10.222725477053663,3.2870305059512894,
83.20120958829888,10.22225642128623,3.2850110021724888,
83.30121159758177,10.221788344591324,3.2829942928755615,
83.40121360686466,10.221321244187093,3.2809803707824905,
83.50121561614755,10.22085511730229,3.2789692286399488,
83.60121762543044,10.220389961176231,3.276960859219214,
83.70121963471333,10.219925773058735,3.274955255316035,
83.80122164399621,10.21946255021008,3.2729524097505207,
83.9012236532791,10.219000289900954,3.270952315367043,
84.00122566256199,10.218538989412401,3.268954965034105,
84.10122767184488,10.218078646035776,3.2669603516442383,
84.20122968112777,10.217619257072695,3.264968468113899,
84.30123169041066,10.217160819834985,3.2629793073833486,
84.40123369969355,10.21670333164464,3.2609928624165443,
84.50123570897644,10.216246789833768,3.2590091262010468,
84.60123771825933,10.215791191744549,3.2570280917478893,
84.70123972754222,10.215336534729179,3.2550497520914794,
84.8012417368251,10.214882816149835,3.2530741002895045,
84.901243746108,10.214430033378617,3.2511011294228043,
85.00124575539088,10.213978183797508,3.2491308325952777,
85.10124776467377,10.213527264798325,3.2471632029337796,
85.20124977395666,10.213077273782673,3.2451982335880087,
85.30125178323955,10.212628208161902,3.243235917730407,
85.40125379252244,10.212180065357058,3.2412762485560576,
85.50125580180533,10.211732842798838,3.2393192192825717,
85.60125781108822,10.211286537927549,3.2373648231500125,
85.7012598203711,10.210841148193056,3.2354130534207557,
85.801261829654,10.210396671054747,3.233463903379424,
85.90126383893688,10.209953103981482,3.231517366332771,
86.00126584821977,10.209510444451547,3.229573435609568,
86.10126785750266,10.20906868995262,3.227632104560529,
86.20126986678555,10.208627837981714,3.225693366558189,
86.30127187606844,10.208187886045149,3.2237572149968305,
86.40127388535133,10.207748831658495,3.221823643292362,
86.50127589463422,10.20731067234654,3.219892644882238,
86.60127790391711,10.20687340564324,3.2179642132253408,
86.7012799132,10.20643702909168,3.216038341801914,
86.80128192248289,10.20600154024403,3.2141150241134344,
86.90128393176578,10.205566936661507,3.212194253682541,
87.00128594104866,10.20513321591433,3.2102760240529284,
87.10128795033155,10.20470037558168,3.208360328789258,
87.20128995961444,10.204268413251658,3.2064471614770533,
87.30129196889733,10.203837326521244,3.204536515722624,
87.40129397818022,10.203407112996258,3.2026283851529582,
87.50129598746311,10.202977770291318,3.200722763415632,
87.601297996746,10.2025492960298,3.1988196441787284,
87.70130000602889,10.202121687843796,3.1969190211307295,
87.80130201531178,10.201694943374083,3.1950208879804434,
87.90130402459467,10.20126906027007,3.193125238456898,
88.00130603387755,10.200844036189768,3.191232066309256,
88.10130804316044,10.200419868799749,3.1893413653067344,
88.20131005244333,10.199996555775105,3.1874531292384978,
88.30131206172622,10.199574094799413,3.1855673519135927,
88.40131407100911,10.19915248356469,3.183684027160827,
88.501316080292,10.198731719771363,3.181803148828714,
88.60131808957489,10.198311801128225,3.179924710785376,
88.70132009885778,10.197892725352398,3.178048706918436,
88.80132210814067,10.197474490169299,3.176175131134971,
88.90132411742356,10.197057093312598,3.1743039773613964,
89.00132612670645,10.196640532524182,3.1724352395433786,
89.10132813598933,10.196224805554118,3.170568911645768,
89.20133014527222,10.195809910160621,3.1687049876525086,
89.30133215455511,10.195395844110008,3.1668434615665446,
89.401334163838,10.194982605176671,3.1649843274097558,
89.50133617312089,10.194570191143033,3.163127579222848,
89.60133818240378,10.194158599799515,3.1612732110652866,
89.70134019168667,10.193747828944502,3.1594212170152147,
89.80134220096956,10.193337876384307,3.1575715911693663,
89.90134421025245,10.192928739933132,3.155724327642989,
90.00134621953534,10.192520417413036,3.153879420569757,
90.10134822881822,10.192112906653898,3.152036864101694,
90.20135023810111,10.191706205493386,3.150196652409091,
90.301352247384,10.191300311776915,3.1483587796804304,
90.40135425666689,10.19089522335762,3.1465232401222956,
90.50135626594978,10.190490938096318,3.144690027959313,
90.60135827523267,10.190087453861471,3.1428591374340424,
90.70136028451556,10.189684768529162,3.141030562806934,
90.80136229379845,10.189282879983049,3.139204298356221,
90.90136430308134,10.188881786114338,3.1373803383778562,
91.00136631236423,10.188481484821752,3.1355586771854362,
91.10136832164712,10.18808197401149,3.1337393091101164,
91.20137033093,10.1876832515972,3.131922228500531,
91.3013723402129,10.187285315499944,3.130107429722739,
91.40137434949578,10.186888163648165,3.1282949071601225,
91.50137635877867,10.186491793977657,3.1264846552133294,
91.60137836806156,10.18609620443153,3.124676668300194,
91.70138037734445,10.185701392960178,3.122870940855651,
91.80138238662734,10.185307357521246,3.1210674673316747,
91.90138439591023,10.184914096079604,3.119266242197208,
92.00138640519312,10.184521606607305,3.11746725993807,
92.101388414476,10.184129887083566,3.1156705150569115,
92.2013904237589,10.183738935494725,3.113876002073109,
92.30139243304178,10.183348749834217,3.112083715522715,
92.40139444232467,10.182959328102541,3.1102936499583906,
92.50139645160756,10.182570668307228,3.108505799949306,
92.60139846089045,10.182182768462813,3.1067201600810948,
92.70140047017334,10.181795626590802,3.1049367249557847,
92.80140247945623,10.18140924071964,3.1031554891916953,
92.90140448873912,10.181023608884688,3.1013764474234087,
93.001406498022,10.180638729128185,3.099599594301673,
93.1014085073049,10.180254599499223,3.0978249244933416,
93.20141051658779,10.179871218053712,3.0960524326812937,
93.30141252587067,10.17948858285436,3.0942821135643914,
93.40141453515356,10.179106691970631,3.092513961857381,
93.50141654443645,10.178725543478727,3.0907479722908398,
93.60141855371934,10.178345135461553,3.088984139611113,
93.70142056300223,10.177965466008688,3.087222458580227,
93.80142257228512,10.177586533216358,3.0854629239758413,
93.90142458156801,10.177208335187409,3.083705530591184,
94.0014265908509,10.176830870031273,3.0819502732349617,
94.10142860013379,10.176454135863944,3.0801971467313116,
94.20143060941668,10.176078130807948,3.078446145919729,
94.30143261869956,10.175702852992318,3.076697265655012,
94.40143462798245,10.17532830055256,3.0749505008071725,
94.50143663726534,10.174954471630631,3.0732058462614074,
94.60143864654823,10.17458136437491,3.071463296917999,
94.70144065583112,10.17420897694017,3.06972284769227,
94.80144266511401,10.173837307487547,3.0679844935145133,
94.9014446743969,10.173466354184521,3.066248229329933,
95.00144668367979,10.17309611520488,3.0645140500985675,
95.10144869296268,10.172726588728699,3.0627819507952445,
95.20145070224557,10.172357772942311,3.0610519264095073,
95.30145271152846,10.17198966603828,3.059323971945546,
95.40145472081134,10.17162226621538,3.0575980824221625,
95.50145673009423,10.171255571678556,3.0558742528726692,
95.60145873937712,10.17088958063891,3.0541524783448573,
95.70146074866001,10.170524291313672,3.052432753900927,
95.8014627579429,10.17015970192617,3.0507150746174228,
95.90146476722579,10.169795810705809,3.048999435585176,
96.00146677650868,10.16943261588804,3.0472858319092433,
96.10146878579157,10.169070115714339,3.0455742587088435,
96.20147079507446,10.16870830843218,3.0438647111172976,
96.30147280435735,10.16834719229501,3.0421571842819852,
96.40147481364023,10.167986765562224,3.0404516733642537,
96.50147682292312,10.167627026499138,3.038748173539393,
96.60147883220601,10.167267973376966,3.0370466799965445,
96.7014808414889,10.166909604472794,3.0353471879386746,
96.80148285077179,10.166551918069558,3.03364969258249,
96.90148486005468,10.166194912456017,3.031954189158396,
97.00148686933757,10.165838585926727,3.03026067291042,
97.10148887862046,10.16548293678202,3.0285691390961818,
97.20149088790335,10.165127963327981,3.0268795829868207,
97.30149289718624,10.164773663876419,3.025191999866932,
97.40149490646913,10.164420036744845,3.0235063850345134,
97.50149691575201,10.16406708025645,3.0218227338009145,
97.6014989250349,10.16371479274008,3.02014104149079,
97.70150093431779,10.163363172530213,3.0184613034420122,
97.80150294360068,10.163012217966934,3.016783515005652,
97.90150495288357,10.162661927395913,3.015107671545898,
98.00150696216646,10.162312299168383,3.0134337684400094,
98.10150897144935,10.161963331641113,3.011761801078265,
98.20151098073224,10.16161502317639,3.0100917648639025,
98.30151299001513,10.161267372141992,3.0084236552130674,
98.40151499929802,10.160920376911168,3.006757467554755,
98.5015170085809,10.160574035862613,3.005093197330762,
98.6015190178638,10.160228347380446,3.0034308399956244,
98.70152102714668,10.159883309854191,3.001770391016575,
98.80152303642957,10.159538921678749,3.0001118458734792,
98.90152504571246,10.15919518125438,2.998455200058793,
99.00152705499535,10.158852086986682,2.996800449077499,
99.10152906427824,10.158509637286564,2.995147588447064,
99.20153107356113,10.158167830570227,2.9934966136973813,
99.30153308284402,10.157826665259142,2.9918475203707118,
99.4015350921269,10.15748613978003,2.990200304021643,
99.5015371014098,10.157146252564837,2.988554960217037,
99.60153911069268,10.156807002050718,2.9869114845359723,
99.70154111997557,10.156468386680006,2.9852698725696927,
99.80154312925846,10.156130404900203,2.9836301199215693,
99.90154513854135,10.15579305516395,2.9819922222070305,
100.00154714782424,10.155456335929014,2.980356175053535,
100.10154915710713,10.155120245658251,2.9787219741004867,
100.20155116639002,10.154784782819608,2.977089614999224,
100.30155317567291,10.154449945886082,2.9754590934129386,
100.4015551849558,10.154115733335713,2.9738304050166464,
100.50155719423869,10.153782143651558,2.9722035454971327,
100.60155920352157,10.153449175321668,2.970578510552893,
100.70156121280446,10.153116826839074,2.9689552958940926,
100.80156322208735,10.152785096701761,2.9673338972425163,
100.90156523137024,10.152453983412652,2.965714310331526,
101.00156724065313,10.152123485479587,2.9640965309060023,
101.10156924993602,10.1517936014153,2.962480554722294,
101.20157125921891,10.151464329737404,2.960866377548193,
101.3015732685018,10.15113566896837,2.9592539951628565,
101.40157527778469,10.150807617635506,2.9576434033567782,
101.50157728706758,10.150480174270935,2.956034597931737,
101.60157929635047,10.150153337411584,2.954427574700751,
101.70158130563335,10.149827105599154,2.952822329488016,
101.80158331491624,10.14950147738011,2.9512188581288816,
101.90158532419913,10.149176451305653,2.949617156469789,
102.00158733348202,10.148852025931713,2.94801722036824,
102.10158934276491,10.148528199818918,2.946419045692723,
102.2015913520478,10.14820497153258,2.9448226283226986,
102.30159336133069,10.147882339642681,2.943227964148539,
102.40159537061358,10.147560302723845,2.9416350490714738,
102.50159737989647,10.147238859355324,2.94004387900356,
102.60159938917936,10.146918008120984,2.9384544498676295,
102.70160139846224,10.14659774760928,2.9368667575972474,
102.80160340774513,10.146278076413237,2.935280798136664,
102.90160541702802,10.14595899313044,2.9336965674407676,
103.00160742631091,10.145640496363008,2.932114061475046,
103.1016094355938,10.145322584717576,2.9305332762155327,
103.20161144487669,10.145005256805286,2.9289542076487898,
103.30161345415958,10.144688511241757,2.9273768517718226,
103.40161546344247,10.144372346647076,2.9258012045920667,
103.50161747272536,10.144056761645778,2.924227262127342,
103.60161948200825,10.143741754866825,2.9226550204057844,
103.70162149129114,10.143427324943593,2.9210844754658334,
103.80162350057402,10.143113470513851,2.919515623356173,
103.90162550985691,10.14280019021975,2.9179484601356993,
104.0016275191398,10.142487482707796,2.9163829818734577,
104.10162952842269,10.14217534662884,2.9148191846486142,
104.20163153770558,10.141863780638056,2.913257064550419,
104.30163354698847,10.141552783394934,2.911696617678158,
104.40163555627136,10.14124235356325,2.91013784014111,
104.50163756555425,10.140932489811055,2.9085807280584945,
104.60163957483714,10.140623190810661,2.907025277559451,
104.70164158412003,10.14031445523862,2.905471484782982,
104.80164359340291,10.14000628177571,2.903919345877923,
104.9016456026858,10.139698669106915,2.9023688570028825,
105.00164761196869,10.139391615921413,2.900820014326226,
105.10164962125158,10.139085120912558,2.899272814026016,
105.20165163053447,10.138779182777862,2.8977272522899815,
105.30165363981736,10.13847380021898,2.896183325315473,
105.40165564910025,10.138168971941695,2.894641029309418,
105.50165765838314,10.1378646966559,2.893100360488288,
105.60165966766603,10.13756097307558,2.891561315078052,
105.70166167694892,10.137257799918805,2.890023889314156,
105.8016636862318,10.136955175907703,2.8884880794414487,
105.9016656955147,10.136653099768452,2.8869538817141756,
106.00166770479758,10.136351570231259,2.88542129239591,
106.10166971408047,10.136050586030349,2.8838903077595397,
106.20167172336336,10.135750145903947,2.882360924087217,
106.30167373264625,10.135450248594262,2.8808331376703156,
106.40167574192914,10.135150892847475,2.8793069448093997,
106.50167775121203,10.134852077413719,2.8777823418141724,
106.60167976049492,10.134553801047065,2.876259325003459,
106.7016817697778,10.13425606250551,2.8747378907051386,
106.8016837790607,10.13395886055096,2.8732180352561394,
106.90168578834358,10.133662193949212,2.871699755002373,
107.00168779762647,10.133366061469943,2.8701830462987123,
107.10168980690936,10.133070461886692,2.868667905508942,
107.20169181619225,10.132775393976852,2.867154329005735,
107.30169382547514,10.132480856521644,2.8656423131706052,
107.40169583475803,10.132186848306112,2.8641318543938707,
107.50169784404092,10.131893368119105,2.862622949074618,
107.60169985332381,10.13160041475326,2.861115593620669,
107.7017018626067,10.131307987004991,2.8596097844485318,
107.80170387188959,10.131016083674472,2.858105517983371,
107.90170588117248,10.130724703565628,2.8566027906589837,
108.00170789045536,10.130433845486113,2.8551015989177486,
108.10170989973825,10.1301435082473,2.8536019392105807,
108.20171190902114,10.129853690664268,2.8521038079969108,
108.30171391830403,10.129564391555784,2.8506072017446495,
108.40171592758692,10.12927560974429,2.849112116930134,
108.50171793686981,10.128987344055897,2.8476185500381237,
108.6017199461527,10.128699593320357,2.8461264975617273,
108.70172195543559,10.128412356371062,2.844635956002395,
108.80172396471848,10.12812563204502,2.8431469218698675,
108.90172597400137,10.12783941918285,2.8416593916821515,
109.00172798328425,10.127553716628762,2.840173361965467,
109.10172999256714,10.12726852323055,2.8386888292542425,
109.20173200185003,10.126983837839566,2.8372057900910335,
109.30173401113292,10.126699659310724,2.8357242410265426,
109.40173602041581,10.126415986502472,2.834244178619542,
109.5017380296987,10.126132818276787,2.8327655994368532,
109.60174003898159,10.125850153499156,2.831288500053317,
109.70174204826448,10.12556799103857,2.8298128770517605,
109.80174405754737,10.125286329767505,2.8283387270229525,
109.90174606683026,10.125005168561907,2.8268660465655686,
110.00174807611315,10.124724506301186,2.8253948322861615,
110.10175008539603,10.1244443418682,2.823925080799139,
110.20175209467892,10.124164674149242,2.8224567887267225,
110.30175410396181,10.123885502034023,2.8209899526988904,
110.4017561132447,10.123606824415667,2.819524569353378,
110.50175812252759,10.123328640190692,2.818060635335624,
110.60176013181048,10.123050948259003,2.816598147298751,
110.70176214109337,10.12277374752387,2.8151371019035083,
110.80176415037626,10.122497036891929,2.813677495818268,
110.90176615965915,10.122220815273156,2.812219325718979,
111.00176816894204,10.121945081580863,2.810762588289121,
111.10177017822492,10.121669834731684,2.8093072802196923,
111.20177218750781,10.12139507364556,2.8078533982091733,
111.3017741967907,10.12112079724573,2.8064009389634714,
111.40177620607359,10.120847004458717,2.8049498991959245,
111.50177821535648,10.120573694214318,2.8035002756272474,
111.60178022463937,10.120300865445587,2.8020520649854923,
111.70178223392226,10.120028517088828,2.8006052640060295,
111.80178424320515,10.11975664808358,2.799159869431513,
111.90178625248804,10.119485257372608,2.7977158780118474,
112.00178826177093,10.119214343901888,2.796273286504161,
112.10179027105382,10.118943906620597,2.794832091672762,
112.2017922803367,10.118673944481102,2.7933922902891224,
112.3017942896196,10.118404456438945,2.791953879131823,
112.40179629890248,10.118135441452834,2.7905168549865462,
112.50179830818537,10.11786689848463,2.789081214646031,
112.60180031746826,10.11759882649934,2.787646954910054,
112.70180232675115,10.117331224465094,2.786214072585369,
112.80180433603404,10.11706409135315,2.784782564485723,
112.90180634531693,10.116797426137868,2.7833524274317734,
113.00180835459982,10.116531227796708,2.7819236582510998,
113.1018103638827,10.116265495310211,2.78049625377814,
113.2018123731656,10.116000227661997,2.7790702108541936,
113.30181438244848,10.115735423838744,2.7776455263273467,
113.40181639173137,10.115471082830187,2.7762221970524923,
113.50181840101426,10.115207203629096,2.7748002198912594,
113.60182041029715,10.114943785231272,2.7733795917119943,
113.70182241958004,10.114680826635537,2.7719603093897383,
113.80182442886293,10.114418326843717,2.770542369806192,
113.90182643814582,10.114156284860638,2.7691257698496865,
114.00182844742871,10.113894699694109,2.7677105064151517,
114.1018304567116,10.113633570354915,2.7662965764040814,
114.20183246599449,10.113372895856806,2.76488397672451,
114.30183447527737,10.113112675216485,2.7634727042909937,
114.40183648456026,10.112852907453595,2.762062756024544,
114.50183849384315,10.112593591590716,2.760654128852642,
114.60184050312604,10.112334726653348,2.7592468197091833,
114.70184251240893,10.1120763116699,2.757840825534455,
114.80184452169182,10.111818345671685,2.7564361432750957,
114.90184653097471,10.111560827692902,2.7550327698840857,
115.0018485402576,10.111303756770633,2.753630702320705,
115.10185054954049,10.111047131944831,2.7522299375505117,
115.20185255882338,10.110790952258304,2.750830472545293,
115.30185456810626,10.110535216756713,2.749432304283071,
115.40185657738915,10.110279924488554,2.7480354297480334,
115.50185858667204,10.110025074505154,2.7466398459305403,
115.60186059595493,10.10977066586066,2.745245549827073,
115.70186260523782,10.109516697612026,2.7438525384402204,
115.80186461452071,10.109263168819004,2.742460808778629,
115.9018666238036,10.109010078544133,2.7410703578569886,
116.00186863308649,10.108757425852735,2.7396811826960197,
116.10187064236938,10.108505209812897,2.7382932803224023,
116.20187265165227,10.108253429495468,2.7369066477687993,
116.30187466093516,10.108002083974043,2.7355212820737784,
116.40187667021804,10.107751172324958,2.7341371802818233,
116.50187867950093,10.10750069362728,2.732754339443284,
116.60188068878382,10.107250646962793,2.731372756614352,
116.70188269806671,10.107001031415994,2.7299924288570354,
116.8018847073496,10.106751846074078,2.728613353239126,
116.90188671663249,10.106503090026933,2.727235526834184,
117.00188872591538,10.106254762367133,2.7258589467215044,
117.10189073519827,10.106006862189917,2.7244836099860716,
117.20189274448116,10.10575938859319,2.723109513718556,
117.30189475376405,10.105512340677512,2.7217366550152686,
117.40189676304693,10.105265717546084,2.7203650309781433,
117.50189877232982,10.105019518304747,2.7189946387147255,
117.60190078161271,10.104773742061962,2.717625475338095,
117.7019027908956,10.104528387928811,2.7162575379668983,
117.80190480017849,10.104283455018981,2.7148908237252773,
117.90190680946138,10.104038942448758,2.7135253297428594,
118.00190881874427,10.103794849337016,2.712161053154723,
118.10191082802716,10.10355117480521,2.7107979911013906,
118.20191283731005,10.103307917977366,2.7094361407287737,
118.30191484659294,10.103065077980075,2.7080754991881735,
118.40191685587583,10.102822653942475,2.7067160636362173,
118.50191886515871,10.102580644996255,2.7053578312348794,
118.6019208744416,10.102339050275635,2.704000799151404,
118.70192288372449,10.102097868917362,2.7026449645583095,
118.80192489300738,10.101857100060702,2.7012903246333595,
118.90192690229027,10.101616742847431,2.6999368765595357,
119.00192891157316,10.101376796421825,2.6985846175249906,
119.10193092085605,10.10113725993065,2.6972335447230575,
119.20193293013894,10.10089813252316,2.6958836553521857,
119.30193493942183,10.100659413351075,2.6945349466159305,
119.40193694870472,10.100421101568589,2.693187415722943,
119.5019389579876,10.10018319633235,2.691841059886915,
119.6019409672705,10.09994569680146,2.690495876326577,
119.70194297655338,10.099708602137452,2.6891518622656516,
119.80194498583627,10.0994719115043,2.687809014932834,
119.90194699511916,10.0992356240684,2.686467331561783,
120.00194900440205,10.098999738998561,2.6851268093910576,
120.10195101368494,10.098764255466001,2.6837874456641346,
120.20195302296783,10.098529172644337,2.682449237629343,
120.30195503225072,10.098294489709577,2.6811121825398665,
120.4019570415336,10.098060205840111,2.679776277653704,
120.5019590508165,10.097826320216706,2.678441520233648,
120.60196106009938,10.097592832022492,2.6771079075472537,
120.70196306938227,10.097359740442961,2.675775436866822,
120.80196507866516,10.097127044665951,2.6744441054693544,
120.90196708794805,10.096894743881647,2.673113910636555,
121.00196909723094,10.096662837282564,2.6717848496547787,
121.10197110651383,10.096431324063545,2.6704569198150203,
121.20197311579672,10.096200203421752,2.669130118412883,
121.30197512507961,10.095969474556659,2.6678044427485665,
121.4019771343625,10.095739136670042,2.6664798901268263,
121.50197914364539,10.095509188965972,2.6651564578569404,
121.60198115292827,10.095279630650804,2.6638341432527,
121.70198316221116,10.095050460933178,2.662512943632385,
121.80198517149405,10.094821679024003,2.6611928563187233,
121.90198718077694,10.094593284136451,2.6598738786388765,
122.00198919005983,10.094365275485954,2.6585560079244197,
122.10199119934272,10.09413765229019,2.657239241511298,
122.20199320862561,10.09391041376908,2.6559235767398226,
122.3019952179085,10.093683559144779,2.654609010954618,
122.40199722719139,10.093457087641667,2.6532955415046313,
122.50199923647428,10.093230998486344,2.6519831657430744,
122.60200124575717,10.093005290907621,2.6506718810274164,
122.70200325504005,10.092779964136513,2.649361684719354,
122.80200526432294,10.092555017406232,2.648052574184791,
122.90200727360583,10.09233044995218,2.6467445467938155,
123.00200928288872,10.092106261011942,2.645437599920651,
123.10201129217161,10.091882449825274,2.6441317309436583,
123.2020133014545,10.091659015634104,2.6428269372453066,
123.30201531073739,10.091435957682517,2.6415232162121303,
123.40201732002028,10.091213275216752,2.6402205652347153,
123.50201932930317,10.090990967485196,2.6389189817076826,
123.60202133858606,10.090769033738372,2.6376184630296544,
123.70202334786894,10.090547473228936,2.6363190066032183,
123.80202535715183,10.09032628521167,2.6350206098349327,
123.90202736643472,10.090105468943474,2.6337232701352704,
124.00202937571761,10.089885023683355,2.632426984918604,
124.1020313850005,10.089664948692427,2.631131751603189,
124.20203339428339,10.089445243233898,2.6298375676111183,
124.30203540356628,10.089225906573072,2.6285444303683376,
124.40203741284917,10.089006937977329,2.6272523373045766,
124.50203942213206,10.08878833671613,2.625961285853345,
124.60204143141495,10.088570102061,2.6246712734518938,
124.70204344069784,10.088352233285534,2.6233822975412213,
124.80204544998072,10.088134729665377,2.622094355566022,
124.90204745926361,10.087917590478225,2.620807444974656,
125.0020494685465,10.087700815003819,2.6195215632191546,
125.10205147782939,10.08748440252393,2.6182367077551594,
125.20205348711228,10.087268352322363,2.6169528760419203,
125.30205549639517,10.087052663684942,2.6156700655422602,
125.40205750567806,10.086837335899508,2.6143882737225668,
125.50205951496095,10.086622368255913,2.6131074980527442,
125.60206152424384,10.086407760046011,2.611827736006217,
125.70206353352673,10.086193510563652,2.610548985059868,
125.80206554280961,10.085979619104673,2.609271242694043,
125.9020675520925,10.0857660849669,2.607994506392523,
126.0020695613754,10.085552907450131,2.6067187736424717,
126.10207157065828,10.085340085856137,2.60544404193446,
126.20207357994117,10.085127619488652,2.6041703087623977,
126.30207558922406,10.084915507653369,2.602897571623519,
126.40207759850695,10.08470374965793,2.6016258280183715,
126.50207960778984,10.084492344811926,2.6003550754507883,
126.60208161707273,10.084281292426883,2.599085311427845,
126.70208362635562,10.084070591816264,2.597816533459856,
126.8020856356385,10.083860242295454,2.5965487390603363,
126.9020876449214,10.083650243181761,2.5952819257459816,
127.00208965420428,10.083440593794407,2.594016091036647,
127.10209166348717,10.08323129345452,2.592751232455317,
127.20209367277006,10.083022341485135,2.5914873475280857,
127.30209568205295,10.082813737211177,2.5902244337841265,
127.40209769133584,10.082605479959465,2.5889624887556684,
127.50209970061873,10.082397569058699,2.5877015099779697,
127.60210170990162,10.082190003839457,2.586441494989292,
127.7021037191845,10.081982783634192,2.585182441330893,
127.8021057284674,10.08177590777722,2.583924346546982,
127.90210773775028,10.081569375604719,2.5826672081846898,
128.00210974703316,10.081363186454718,2.5814110237940677,
128.10211175631605,10.081157339667095,2.5801557909280337,
128.20211376559894,10.080951834583574,2.578901507142382,
128.30211577488183,10.080746670547713,2.5776481699957285,
128.40211778416472,10.080541846904898,2.576395777049494,
128.5021197934476,10.080337363002347,2.5751443258678925,
128.6021218027305,10.080133218189088,2.573893814017879,
128.70212381201338,10.079929411815971,2.5726442390691564,
128.80212582129627,10.07972594323565,2.571395598594122,
128.90212783057916,10.07952281180258,2.5701478901678674,
129.00212983986205,10.079320016873014,2.568901111368128,
129.10213184914494,10.079117557804997,2.5676552597752798,
129.20213385842783,10.078915433958358,2.5664103329723034,
129.30213586771072,10.078713644694705,2.5651663285447652,
129.4021378769936,10.078512189377422,2.563923244080777,
129.5021398862765,10.078311067371661,2.5626810771709962,
129.60214189555938,10.078110278044337,2.5614398254085713,
129.70214390484227,10.077909820764122,2.560199486389145,
129.80214591412516,10.07770969490144,2.558960057710802,
129.90214792340805,10.077509899828463,2.5577215369740625,
130.00214993269094,10.077310434919104,2.556483921781849,
130.10215194197383,10.077111299549012,2.5552472097394707,
130.20215395125672,10.076912493095564,2.5540113984545765,
130.3021559605396,10.076714014937869,2.552776485537162,
130.4021579698225,10.076515864456749,2.5515424685995134,
130.5021599791054,10.076318041034742,2.5503093452561885,
130.60216198838827,10.0761205440561,2.5490771131240066,
130.70216399767116,10.075923372906773,2.5478457698220187,
130.80216600695405,10.075726526974416,2.5466153129714604,
130.90216801623694,10.075530005648371,2.545385740195748,
131.00217002551983,10.075333808319673,2.5441570491204404,
131.10217203480272,10.07513793438104,2.542929237373234,
131.2021740440856,10.074942383226867,2.541702302583913,
131.3021760533685,10.074747154253222,2.540476242384325,
131.4021780626514,10.074552246857843,2.539251054408383,
131.50218007193428,10.07435766044013,2.5380267362920064,
131.60218208121717,10.074163394401138,2.536803285673095,
131.70218409050005,10.073969448143579,2.5355807001915416,
131.80218609978294,10.073775821071811,2.534358977489163,
131.90218810906583,10.073582512591836,2.5331381152097023,
132.00219011834872,10.073389522111292,2.53191811099878,
132.1021921276316,10.073196849039451,2.530698962503887,
132.2021941369145,10.073004492787215,2.5294806673743446,
132.3021961461974,10.072812452767105,2.5282632232612854,
132.40219815548028,10.072620728393263,2.5270466278176262,
132.50220016476317,10.072429319081444,2.525830878698037,
132.60220217404606,10.072238224249011,2.524615973558923,
132.70220418332894,10.072047443314933,2.5234019100583946,
132.80220619261183,10.071856975699776,2.5221886858562366,
132.90220820189472,10.071666820825698,2.520976298613869,
133.0022102111776,10.07147697811645,2.519764745994358,
133.1022122204605,10.07128744699737,2.5185540256623664,
133.2022142297434,10.07109822689537,2.517344135284099,
133.30221623902628,10.07090931723894,2.516135072527338,
133.40221824830917,10.07072071745814,2.514926835061355,
133.50222025759206,10.070532426984599,2.5137194205569173,
133.60222226687495,10.070344445251504,2.5125128266862617,
133.70222427615784,10.070156771693599,2.5113070511230466,
133.80222628544072,10.06996940574718,2.5101020915423367,
133.9022282947236,10.069782346850095,2.5088979456205958,
134.0022303040065,10.069595594441731,2.507694611035621,
134.1022323132894,10.069409147963013,2.5064920854665327,
134.20223432257228,10.0692230068564,2.5052903665937505,
134.30223633185517,10.069037170565885,2.504089452098963,
134.40223834113806,10.06885163853698,2.5028893396651055,
134.50224035042095,10.068666410216723,2.5016900269763243,
134.60224235970384,10.068481485053665,2.5004915117179447,
134.70224436898673,10.068296862497869,2.499293791576449,
134.80224637826961,10.068112542000906,2.498096864239452,
134.9022483875525,10.06792852301585,2.496900727395668,
135.0022503968354,10.067744804997272,2.495705378734875,
135.10225240611828,10.067561387401241,2.4945108159479155,
135.20225441540117,10.067378269685314,2.4933170367266264,
135.30225642468406,10.067195451308532,2.492124038763837,
135.40225843396695,10.06701293173142,2.490931819753336,
135.50226044324984,10.066830710415978,2.4897403773898454,
135.60226245253273,10.066648786825683,2.4885497093689843,
135.70226446181562,10.066467160425477,2.487359813387245,
135.8022664710985,10.066285830681766,2.4861706871419473,
135.9022684803814,10.066104797062419,2.484982328331242,
136.00227048966428,10.06592405903676,2.4837947346540576,
136.10227249894717,10.065743616075565,2.48260790381007,
136.20227450823006,10.065563467651057,2.4814218334996796,
136.30227651751295,10.065383613236904,2.480236521423994,
136.40227852679584,10.065204052308214,2.479051965284782,
136.50228053607873,10.065024784341531,2.4778681627844437,
136.60228254536162,10.064845808814828,2.4766851116259767,
136.7022845546445,10.06466712520751,2.4755028095129785,
136.8022865639274,10.0644887330004,2.4743212541495643,
136.90228857321028,10.064310631675745,2.473140443240376,
137.00229058249317,10.064132820717205,2.471960374490539,
137.10229259177606,10.063955299609853,2.4707810456056376,
137.20229460105895,10.06377806784017,2.4696024542916732,
137.30229661034184,10.063601124896039,2.4684245982550372,
137.40229861962473,10.063424470266744,2.4672474752024938,
137.50230062890762,10.063248103442964,2.4660710828411156,
137.6023026381905,10.063072023916773,2.464895418878302,
137.7023046474734,10.062896231181629,2.4637204810217015,
137.8023066567563,10.062720724732378,2.462546266979208,
137.90230866603918,10.062545504065243,2.4613727744589062,
138.00231067532206,10.062370568677826,2.460200001169065,
138.10231268460495,10.062195918069104,2.459027944818105,
138.20231469388784,10.062021551739418,2.457856603114526,
138.30231670317073,10.06184746919048,2.456685973766942,
138.40231871245362,10.06167366992536,2.4555160544839825,
138.5023207217365,10.061500153448486,2.454346842974294,
138.6023227310194,10.061326919265642,2.45317833694651,
138.7023247403023,10.061153966883962,2.4520105341092067,
138.80232674958518,10.060981295811928,2.450843432170882,
138.90232875886807,10.060808905559362,2.4496770288399023,
139.00233076815096,10.06063679563743,2.4485113218244887,
139.10233277743384,10.060464965558632,2.4473463088326763,
139.20233478671673,10.0602934148368,2.4461819875722797,
139.30233679599962,10.060122142987094,2.4450183557508574,
139.4023388052825,10.059951149526004,2.443855411075693,
139.5023408145654,10.059780433971335,2.4426931512537244,
139.6023428238483,10.059609995842218,2.441531573991567,
139.70234483313118,10.05943983465909,2.440370676995411,
139.80234684241407,10.059269949943706,2.439210457971053,
139.90234885169696,10.059100341219128,2.4380509146238203,
140.00235086097985,10.05893100800972,2.4368920446585394,
140.10235287026273,10.058761949841147,2.4357338457795055,
140.20235487954562,10.058593166240373,2.4345763156904683,
140.3023568888285,10.058424656735655,2.43341945209456,
140.4023588981114,10.05825642085654,2.4322632526942822,
140.5023609073943,10.058088458133867,2.4311077151914695,
140.60236291667718,10.05792076809975,2.429952837287239,
140.70236492596007,10.057753350287593,2.428798616681979,
140.80236693524296,10.05758620423207,2.427645051075283,
140.90236894452585,10.057419329469134,2.42649213816594,
141.00237095380874,10.057252725536006,2.42533987565188,
141.10237296309163,10.057086391971175,2.424188261230139,
141.2023749723745,10.056920328314394,2.423037292596826,
141.3023769816574,10.056754534106675,2.4218869674470795,
141.4023789909403,10.056589008890292,2.420737283475056,
141.50238100022318,10.056423752208769,2.4195882383738443,
141.60238300950607,10.056258763606882,2.4184398298354646,
141.70238501878896,10.056094042630658,2.417292055550822,
141.80238702807185,10.055929588827366,2.416144913209669,
141.90238903735474,10.055765401745518,2.4149984005005494,
142.00239104663763,10.055601480934863,2.413852515110784,
142.10239305592052,10.055437825946388,2.4127072547264246,
142.2023950652034,10.05527443633231,2.411562617032189,
142.3023970744863,10.055111311646074,2.4104185997114542,
142.40239908376918,10.054948451442357,2.4092752004462135,
142.50240109305207,10.054785855277052,2.408132416917007,
142.60240310233496,10.054623522707276,2.4069902468029163,
142.70240511161785,10.054461453291362,2.4058486877814937,
142.80240712090074,10.054299646588857,2.4047077375287556,
142.90240913018363,10.054138102160522,2.40356739371911,
143.00241113946652,10.053976819568321,2.4024276540253275,
143.1024131487494,10.053815798375426,2.401288516118493,
143.2024151580323,10.05365503814621,2.400149977667971,
143.30241716731518,10.053494538446248,2.399012036341371,
143.40241917659807,10.053334298842307,2.39787468980448,
143.50242118588096,10.05317431890235,2.3967379357212453,
143.60242319516385,10.053014598195531,2.3956017717537197,
143.70242520444674,10.052855136292191,2.3944661955620106,
143.80242721372963,10.052695932763854,2.3933312048042445,
143.90242922301252,10.052536987183228,2.3921967971365303,
144.0024312322954,10.052378299124198,2.3910629702128974,
144.1024332415783,10.05221986816183,2.3899297216852684,
144.20243525086119,10.052061693872359,2.3887970492034127,
144.30243726014407,10.05190377583319,2.3876649504148686,
144.40243926942696,10.051746113622903,2.3865334229649537,
144.50244127870985,10.051588706821235,2.3854024644966767,
144.60244328799274,10.05143155500909,2.384272072650699,
144.70244529727563,10.05127465776853,2.383142245065292,
144.80244730655852,10.051118014682775,2.3820129793762863,
144.9024493158414,10.0509616253362,2.3808842732170543,
145.0024513251243,10.05080548931433,2.379756124218407,
145.1024533344072,10.05064960620384,2.3786285300085916,
145.20245534369008,10.050493975592554,2.3775014882132197,
145.30245735297297,10.050338597069434,2.3763749964552288,
145.40245936225585,10.050183470224589,2.375249052354836,
145.50246137153874,10.050028594649262,2.3741236535294727,
145.60246338082163,10.049873969935838,2.3729987975937616,
145.70246539010452,10.049719595677828,2.371874482159425,
145.8024673993874,10.049565471469881,2.370750704835288,
145.9024694086703,10.049411596907769,2.3696274632271717,
146.0024714179532,10.049257971588391,2.368504754937883,
146.10247342723608,10.049104595109773,2.3673825775671573,
146.20247543651897,10.048951467071058,2.3662609287115846,
146.30247744580186,10.04879858707251,2.365139805964575,
146.40247945508474,10.048645954715507,2.3640192069163124,
146.50248146436763,10.048493569602542,2.362899129153665,
146.60248347365052,10.048341431337217,2.361779570260176,
146.7024854829334,10.048189539524246,2.3606605278159876,
146.8024874922163,10.048037893769447,2.35954199939778,
146.9024895014992,10.04788649367974,2.3584239825787314,
147.00249151078208,10.047735338863152,2.3573064749284542,
147.10249352006497,10.047584428928806,2.3561894740129565,
147.20249552934786,10.04743376348692,2.355072977394539,
147.30249753863075,10.04728334214881,2.3539569826318054,
147.40249954791364,10.047133164526885,2.3528414872795453,
147.50250155719652,10.04698323023464,2.3517264888887057,
147.6025035664794,10.046833538886657,2.350611985006322,
147.7025055757623,10.04668409009861,2.3494979731754784,
147.8025075850452,10.046534883487253,2.348384450935237,
147.90250959432808,10.046385918670417,2.3472714158205568,
148.00251160361097,10.046237195267016,2.3461588653622614,
148.10251361289386,10.046088712897042,2.345046797086982,
148.20251562217675,10.045940471181556,2.343935208517061,
148.30251763145964,10.045792469742695,2.3428240971705305,
148.40251964074253,10.045644708203668,2.3417134605610403,
148.50252165002541,10.045497186188745,2.3406032961977594,
148.6025236593083,10.04534990332327,2.3394936015853665,
148.7025256685912,10.045202859233644,2.338384374223937,
148.80252767787408,10.045056053547334,2.3372756116089324,
148.90252968715697,10.044909485892864,2.3361673112310717,
149.00253169643986,10.044763155899817,2.3350594705763217,
149.10253370572275,10.044617063198832,2.333952087125806,
149.20253571500564,10.0444712074216,2.332845158355739,
149.30253772428853,10.044325588200863,2.331738681737349,
149.40253973357142,10.044180205170413,2.3306326547368235,
149.5025417428543,10.04403505796509,2.3295270748152435,
149.6025437521372,10.043890146220779,2.3284219394285137,
149.70254576142008,10.043745469574409,2.3273172460272833,
149.80254777070297,10.043601027663952,2.326212992056888,
149.90254977998586,10.043456820128416,2.325109174957255,
150.00255178926875,10.043312846607849,2.3240057921628576,
150.10255379855164,10.043169106743335,2.3229028411026302,
150.20255580783453,10.04302560017699,2.3218003191998977,
150.30255781711742,10.042882326551966,2.3206982238723,
150.4025598264003,10.042739285512441,2.31959655253172,
150.5025618356832,10.042596476703626,2.318495302584221,
150.60256384496608,10.042453899771754,2.317394471429946,
150.70256585424897,10.042311554364087,2.3162940564630508,
150.80256786353186,10.042169440128907,2.3151940550716326,
150.90256987281475,10.042027556715519,2.3140944646376465,
151.00257188209764,10.041885903774247,2.3129952825368303,
151.10257389138053,10.041744480956435,2.3118965061386354,
151.20257590066342,10.04160328791444,2.3107981328061076,
151.3025779099463,10.041462324301634,2.309700159895858,
151.4025799192292,10.041321589772403,2.3086025847579412,
151.5025819285121,10.041181083982146,2.307505404735798,
151.60258393779498,10.041040806587267,2.306408617166157,
151.70258594707786,10.040900757245181,2.305312219378951,
151.80258795636075,10.040760935614308,2.304216208697243,
151.90258996564364,10.040621341354074,2.3031205824371255,
152.00259197492653,10.040481974124905,2.3020253379076454,
152.10259398420942,10.040342833588232,2.300930472410716,
152.2025959934923,10.040203919406485,2.2998359832410262,
152.3025980027752,10.04006523124309,2.2987418676859344,
152.4026000120581,10.039926768762475,2.297648123025419,
152.50260202134098,10.039788531630059,2.2965547465319434,
152.60260403062387,10.039650519512255,2.2954617354703886,
152.70260603990675,10.039512732076473,2.2943690870979574,
152.80260804918964,10.039375168991107,2.2932767986640656,
152.90261005847253,10.039237829925547,2.292184867410271,
153.00261206775542,10.039100714550168,2.291093290570159,
153.1026140770383,10.038963822536331,2.2900020653692477,
153.2026160863212,10.038827153556385,2.2889111890248937,
153.3026180956041,10.038690707283662,2.28782065874621,
153.40262010488698,10.038554483392476,2.2867304717339314,
153.50262211416987,10.038418481558123,2.285640625180339,
153.60262412345276,10.038282701456879,2.2845511162691396,
153.70262613273565,10.038147142765999,2.2834619421753874,
153.80262814201853,10.038011805163714,2.282373100065361,
153.90263015130142,10.037876688329234,2.2812845870964553,
154.0026321605843,10.037741791942741,2.2801964004170827,
154.1026341698672,10.037607115685395,2.27910853716659,
154.2026361791501,10.037472659239324,2.278020994475089,
154.30263818843298,10.037338422287629,2.2769337694633998,
154.40264019771587,10.037204404514382,2.2758468592429155,
154.50264220699876,10.037070605604622,2.2747602609154907,
154.60264421628165,10.036937025244361,2.27367397157336,
154.70264622556454,10.036803663120573,2.272587988298965,
154.80264823484742,10.036670518921198,2.2715023081648886,
154.9026502441303,10.036537592335144,2.270416928233701,
155.0026522534132,10.036404883052278,2.269331845557866,
155.1026542626961,10.036272390763434,2.2682470571796287,
155.20265627197898,10.036140115160405,2.2671625601308456,
155.30265828126187,10.036008055935946,2.266078351432925,
155.40266029054476,10.035876212783771,2.2649944280966547,
155.50266229982765,10.035744585398552,2.2639107871221,
155.60266430911054,10.03561317347592,2.262827425498468,
155.70266631839343,10.035481976712461,2.261744340203987,
155.80266832767632,10.035350994805718,2.2606615282057536,
155.9026703369592,10.03522022745419,2.2595789864596405,
156.0026723462421,10.035089674357328,2.2584967119101393,
156.10267435552498,10.03495933521554,2.2574147014902195,
156.20267636480787,10.03482920973018,2.2563329521211974,
156.30267837409076,10.034699297603561,2.255251460712622,
156.40268038337365,10.034569598538942,2.254170224162097,
156.50268239265654,10.034440112240535,2.2530892393551754,
156.60268440193943,10.0343108384135,2.252008503165194,
156.70268641122232,10.034181776763944,2.2509280124531204,
156.8026884205052,10.034052926998925,2.2498477640674435,
156.9026904297881,10.033924288826448,2.2487677548440135,
157.00269243907098,10.033795861955463,2.2476879816058575,
157.10269444835387,10.033667646095868,2.246608441163076,
157.20269645763676,10.033539640958503,2.24552913031265,
157.30269846691965,10.033411846255158,2.2444500458383216,
157.40270047620254,10.033284261698562,2.243371184510413,
157.50270248548543,10.033156887002391,2.2422925430856857,
157.60270449476832,10.033029721881265,2.2412141183071554,
157.7027065040512,10.032902766050745,2.2401359069039635,
157.8027085133341,10.032776019227333,2.239057905591172,
157.90271052261699,10.032649481128473,2.237980111069617,
158.00271253189987,10.032523151472555,2.2369025200257684,
158.10271454118276,10.032397029978904,2.23582512913151,
158.20271655046565,10.03227111636779,2.234747935043995,
158.30271855974854,10.03214541036042,2.2336709344054615,
158.40272056903143,10.03201991167894,2.232594123843057,
158.50272257831432,10.031894620046442,2.231517499968675,
158.6027245875972,10.03176953518695,2.230441059378736,
158.7027265968801,10.031644656825431,2.2293647986540606,
158.802728606163,10.03151998468779,2.228288714359613,
158.90273061544588,10.03139551850087,2.227212803044373,
159.00273262472876,10.031271257992453,2.226137061241102,
159.10273463401165,10.031147202891256,2.2250614854661817,
159.20273664329454,10.03102335292694,2.223986072219402,
159.30273865257743,10.030899707830102,2.2229108179837818,
159.40274066186032,10.030776267332273,2.22183571922532,
159.5027426711432,10.030653031165924,2.2207607723928255,
159.6027446804261,10.030529999064466,2.219685973917738,
159.702746689709,10.030407170762246,2.2186113202138626,
159.80274869899188,10.030284545994547,2.2175368076772,
159.90275070827477,10.030162124497593,2.2164624326857014,
160.00275271755766,10.030039906008545,2.215388191599083,
160.10275472684054,10.0299178902655,2.2143140807585726,
160.20275673612343,10.029796077007495,2.2132400964867154,
160.30275874540632,10.029674465974503,2.2121662350871163,
160.4027607546892,10.02955305690744,2.211092492844256,
160.5027627639721,10.029431849548157,2.210018866023209,
160.602764773255,10.029310843639445,2.208945350869453,
160.70276678253788,10.029190038925034,2.2078719436085814,
160.80276879182077,10.029069435149593,2.2067986404461046,
160.90277080110366,10.028949032058732,2.205725437567187,
161.00277281038655,10.028828829399,2.204652331136394,
161.10277481966943,10.028708826917887,2.203579317297438,
161.20277682895232,10.028589024363825,2.202506392172949,
161.3027788382352,10.028469421486186,2.2014335518641803,
161.4027808475181,10.028350018035285,2.2003607924507733,
161.502782856801,10.028230813762379,2.1992881099904715,
161.60278486608388,10.028111808419668,2.1982155005188586,
161.70278687536677,10.027993001760297,2.197142960049098,
161.80278888464966,10.027874393538353,2.196070484571616,
161.90279089393255,10.027755983508868,2.1949980700538627,
162.00279290321544,10.027637771427822,2.193925712440004,
162.10279491249833,10.027519757052138,2.192853407650641,
162.20279692178121,10.02740194013969,2.1917811515825094,
162.3027989310641,10.027284320449295,2.190708940108174,
162.402800940347,10.027166897740724,2.1896367690757508,
162.50280294962988,10.027049671774693,2.188564634308577,
162.60280495891277,10.026932642312872,2.1874925316049225,
162.70280696819566,10.02681580911788,2.1864204567376344,
162.80280897747855,10.026699171953288,2.1853484054538557,
162.90281098676144,10.026582730583623,2.18427637347469,
163.00281299604433,10.026466484774364,2.1832043564948473,
163.10281500532722,10.026350434291947,2.1821323501823624,
163.2028170146101,10.026234578903763,2.181060350178182,
163.302819023893,10.026118918378163,2.1799883520959034,
163.40282103317588,10.026003452484455,2.178916351521336,
163.50282304245877,10.025888180992908,2.1778443440122293,
163.60282505174166,10.025773103674753,2.1767723250978515,
163.70282706102455,10.025658220302184,2.175700290278646,
163.80282907030744,10.025543530648356,2.1746282350258612,
163.90283107959033,10.025429034487397,2.173556154781194,
164.00283308887322,10.025314731594394,2.172484044956344,
164.1028350981561,10.025200621745407,2.171411900932692,
164.202837107439,10.025086704717465,2.170339718060858,
164.30283911672188,10.024972980288569,2.1692674916603365,
164.40284112600477,10.024859448237693,2.1681952170190697,
164.50284313528766,10.02474610834479,2.1671228893930397,
164.60284514457055,10.024632960390782,2.1660505040058293,
164.70284715385344,10.024520004157576,2.1649780560482124,
164.80284916313633,10.024407239428058,2.163905540677736,
164.90285117241922,10.024294665986096,2.1628329530182646,
165.0028531817021,10.02418228361654,2.161760288159495,
165.102855190985,10.02407009210523,2.160687541156586,
165.20285720026789,10.023958091238992,2.1596147070296094,
165.30285920955077,10.023846280805643,2.1585417807631453,
165.40286121883366,10.023734660593993,2.1574687573057867,
165.50286322811655,10.023623230393845,2.156395631569614,
165.60286523739944,10.023511989996,2.15532239842977,
165.70286724668233,10.02340093919226,2.1542490527239186,
165.80286925596522,10.023290077775425,2.1531755892517306,
165.9028712652481,10.0231794055393,2.152102002774413,
166.002873274531,10.0230689222787,2.1510282880141256,
166.1028752838139,10.022958627789443,2.1499544396534738,
166.20287729309678,10.022848521868363,2.1488804523349914,
166.30287930237967,10.022738604313307,2.147806320660531,
166.40288131166255,10.02262887492314,2.1467320391907596,
166.50288332094544,10.022519333497742,2.1456576024445466,
166.60288533022833,10.022409979838022,2.1445830048984056,
166.70288733951122,10.02230081374591,2.143508240985896,
166.8028893487941,10.022191835024366,2.142433305097043,
166.902891358077,10.02208304347738,2.1413581915776825,
167.0028933673599,10.02197443890998,2.1402828947288954,
167.10289537664278,10.021866021128229,2.13920740880633,
167.20289738592567,10.02175778993923,2.1381317280195757,
167.30289939520856,10.021649745151132,2.1370558465315352,
167.40290140449144,10.02154188657313,2.1359797584577036,
167.50290341377433,10.021434214015473,2.1349034578655477,
167.60290542305722,10.02132672728946,2.1338269387737827,
167.7029074323401,10.021219426207454,2.1327501951516887,
167.802909441623,10.021112310582874,2.1316732209183953,
167.9029114509059,10.021005380230207,2.130596009942137,
168.00291346018878,10.020898634965011,2.1295185560395473,
168.10291546947167,10.020792074603916,2.1284408529748844,
168.20291747875456,10.020685698964627,2.127362894459246,
168.30291948803745,10.020579507865934,2.126284674149851,
168.40292149732034,10.02047350112771,2.125206185649192,
168.50292350660322,10.02036767857092,2.124127422504234,
168.6029255158861,10.020262040017622,2.1230483782056213,
168.702927525169,10.020156585290971,2.121969046186812,
168.8029295344519,10.020051314215229,2.120889419823235,
168.90293154373478,10.01994622661576,2.1198094924314064,
169.00293355301767,10.019841322319046,2.118729257268071,
169.10293556230056,10.019736601152683,2.1176487075292867,
169.20293757158345,10.01963206294539,2.1165678363494926,
169.30293958086634,10.019527707527013,2.115486636800576,
169.40294159014923,10.01942353472853,2.114405101890955,
169.50294359943211,10.019319544382055,2.1133232245645557,
169.602945608715,10.019215736320849,2.112240997699857,
169.7029476179979,10.019112110379314,2.1111584141088433,
169.80294962728078,10.019008666393013,2.110075466536028,
169.90295163656367,10.018905404198664,2.1089921476573656,
170.00295364584656,10.01880232363415,2.107908450079176,
170.10295565512945,10.018699424538525,2.106824366337085,
170.20295766441234,10.018596706752023,2.1057398888949095,
170.30295967369523,10.018494170116055,2.104655010143474,
170.40296168297812,10.018391814473228,2.103569722399539,
170.502963692261,10.018289639667337,2.1024840179045197,
170.6029657015439,10.018187645543385,2.101397888823381,
170.70296771082678,10.01808583194758,2.1003113272433422,
170.80296972010967,10.017984198727348,2.0992243251726657,
170.90297172939256,10.017882745731333,2.098136874539345,
171.00297373867545,10.017781472809412,2.0970489671898402,
171.10297574795834,10.017680379812695,2.0959605948876923,
171.20297775724123,10.017579466593538,2.0948717493122366,
171.30297976652412,10.017478733005548,2.0937824220571803,
171.402981775807,10.017378178903588,2.0926926046291614,
171.5029837850899,10.017277804143788,2.0916022884463557,
171.60298579437278,10.017177608583554,2.090511464836978,
171.70298780365567,10.017077592081572,2.0894201250377846,
171.80298981293856,10.01697775449782,2.088328260192525,
171.90299182222145,10.016878095693572,2.087235861350379,
172.00299383150434,10.016778615531411,2.086142919464339,
172.10299584078723,10.016679313875237,2.0850494253896312,
172.20299785007012,10.016580190590272,2.083955369881968,
172.302999859353,10.016481245543073,2.0828607435958744,
172.4030018686359,10.016382478601539,2.0817655370829398,
172.5030038779188,10.016283889634924,2.0806697407900465,
172.60300588720168,10.016185478513842,2.0795733450575407,
172.70300789648456,10.01608724511028,2.0784763401173367,
172.80300990576745,10.015989189297605,2.0773787160910597,
172.90301191505034,10.015891310950577,2.0762804629880645,
173.00301392433323,10.015793609945359,2.0751815707034473,
173.10301593361612,10.015696086159526,2.0740820290160484,
173.203017942899,10.015598739472077,2.0729818275863114,
173.3030199521819,10.015501569763448,2.071880955954205,
173.4030219614648,10.015404576915518,2.0707794035370215,
173.50302397074768,10.015307760811627,2.0696771596271377,
173.60302598003057,10.01521112133658,2.0685742133897422,
173.70302798931345,10.01511465837667,2.067470553860527,
173.80302999859634,10.015018371819675,2.0663661699432643,
173.90303200787923,10.014922261554888,2.0652610504074,
174.00303401716212,10.014826327473116,2.064155183885511,
174.103036026445,10.0147305694667,2.0630485588707765,
174.2030380357279,10.014634987429524,2.0619411637143474,
174.3030400450108,10.014539581257033,2.0608329866226485,
174.40304205429368,10.014444350846244,2.0597240156546532,
174.50304406357657,10.01434929609576,2.0586142387190485,
174.60304607285946,10.014254416905787,2.0575036435713465,
174.70304808214235,10.014159713178147,2.0563922178109633,
174.80305009142523,10.014065184816292,2.0552799488781615,
174.90305210070812,10.01397083172532,2.0541668240509114,
175.003054109991,10.013876653811995,2.0530528304418154,
175.1030561192739,10.013782650984753,2.051937954994724,
175.2030581285568,10.01368882315373,2.050822184481469,
175.30306013783968,10.013595170230774,2.0497055054984483,
175.40306214712257,10.013501692129458,2.048587904463035,
175.50306415640546,10.0134083887651,2.0474693676100157,
175.60306616568835,10.013315260054789,2.046349880987933,
175.70306817497124,10.01322230591739,2.0452294304552217,
175.80307018425412,10.013129526273572,2.0441080016763458,
175.903072193537,10.01303692104582,2.042985580117787,
176.0030742028199,10.012944490158468,2.0418621510440076,
176.1030762121028,10.012852233537698,2.0407376995131274,
176.20307822138568,10.01276015111158,2.0396122103726975,
176.30308023066857,10.012668242810081,2.038485668255201,
176.40308223995146,10.012576508565092,2.037358057573538,
176.50308424923435,10.012484948310446,2.0362293625163126,
176.60308625851724,10.012393561981945,2.0350995670430287,
176.70308826780013,10.01230234951738,2.0339686548791738,
176.80309027708302,10.012211310856554,2.0328366095110657,
176.9030922863659,10.012120445941303,2.031703414180685,
177.0030942956488,10.01202975471553,2.0305690518803092,
177.10309630493168,10.011939237125217,2.029433505346945,
177.20309831421457,10.011848893118465,2.028296757056706,
177.30310032349746,10.011758722645508,2.0271587892189302,
177.40310233278035,10.011668725658748,2.026019583770191,
177.50310434206324,10.011578902112774,2.024879122368079,
177.60310635134613,10.0114892519644,2.023737386384885,
177.70310836062902,10.011399775172688,2.022594356900998,
177.8031103699119,10.011310471698977,2.021450014698212,
177.9031123791948,10.011221341506916,2.0203043402527356,
178.00311438847768,10.011132384562496,2.0191573137280687,
178.10311639776057,10.011043600834077,2.018008914967615,
178.20311840704346,10.010954990292424,2.016859123487078,
178.30312041632635,10.01086655291074,2.0157079184666395,
178.40312242560924,10.010778288664698,2.0145552787429084,
178.50312443489213,10.01069019753248,2.013401182800585,
178.60312644417502,10.01060227949481,2.0122456087639016,
178.7031284534579,10.010514534534991,2.011088534387732,
178.8031304627408,10.010426962638945,2.0099299370485273,
178.90313247202369,10.01033956379525,2.008769793734854,
179.00313448130657,10.01025233799518,2.0076080810376613,
179.10313649058946,10.010165285232743,2.006444775140268,
179.20313849987235,10.01007840550473,2.0052798518080093,
179.30314050915524,10.009991698810751,2.0041132863774775,
179.40314251843813,10.009905165153283,2.00294505374554,
179.50314452772102,10.009818804537714,2.0017751283578495,
179.6031465370039,10.009732616972391,2.0006034841970775,
179.7031485462868,10.009646602468667,1.9994300947706798,
179.8031505555697,10.009560761040946,1.9982549330982304,
179.90315256485258,10.009475092706744,1.9970779716984695,
180.00315457413546,10.009389597486729,1.9958991825756884,
180.10315658341835,10.009304275404782,1.994718537205769,
180.20315859270124,10.009219126488048,1.9935360065217334,
180.30316060198413,10.009134150766997,1.992351560898735,
180.40316261126702,10.009049348275477,1.9911651701385675,
180.5031646205499,10.008964719050775,1.9899768034534897,
180.6031666298328,10.008880263133682,1.9887864294496662,
180.7031686391157,10.008795980568552,1.9875940161098495,
180.80317064839858,10.008711871403367,1.9863995307753963,
180.90317265768147,10.008627935689809,1.9852029401277906,
181.00317466696436,10.008544173483324,1.9840042101693156,
181.10317667624724,10.008460584843194,1.982803306202991,
181.20317868553013,10.008377169832611,1.9816001928118931,
181.30318069481302,10.008293928518755,1.9803948338375146,
181.4031827040959,10.008210860972868,1.979187192357382,
181.5031847133788,10.008127967270335,1.9779772306617334,
181.6031867226617,10.008045247490767,1.9767649102293154,
181.70318873194458,10.007962701718087,1.975550191702229,
181.80319074122747,10.007880330040622,1.9743330348597474,
181.90319275051036,10.007798132551185,1.9731133985909788,
182.00319475979325,10.007716109347175,1.9718912408665734,
182.10319676907613,10.007634260530676,1.970666518709189,
182.20319877835902,10.007552586208549,1.9694391881626212,
182.3032007876419,10.007471086492544,1.9682092042597983,
182.4032027969248,10.0073897614994,1.9669765209893049,
182.5032048062077,10.007308611350966,1.9657410912605768,
182.60320681549058,10.007227636174303,1.964502866867391,
182.70320882477347,10.007146836101807,1.9632617984499414,
182.80321083405636,10.007066211271336,1.9620178354552016,
182.90321284333925,10.006985761826332,1.9607709260954198,
183.00321485262214,10.006905487915953,1.9595210173048663,
183.10321686190503,10.006825389695209,1.958268054694505,
183.20321887118791,10.006745467325105,1.957011982504669,
183.3032208804708,10.006665720972785,1.955752743555421,
183.4032228897537,10.006586150811684,1.9544902791946919,
183.50322489903658,10.006506757021684,1.9532245292439203,
183.60322690831947,10.006427539789282,1.9519554319410113,
183.70322891760236,10.006348499307752,1.9506829238805967,
183.80323092688525,10.006269635777324,1.949406939951342,
183.90323293616814,10.00619094940537,1.948127413270172,
184.00323494545103,10.006112440406591,1.946844275113104,
184.10323695473392,10.006034109003213,1.9455574548426786,
184.2032389640168,10.005955955425195,1.9442668798315559,
184.3032409732997,10.00587797991044,1.9429724753822124,
184.40324298258258,10.005800182705022,1.9416741646423823,
184.50324499186547,10.005722564063412,1.9403718685160527,
184.60324700114836,10.005645124248723,1.939065505569528,
184.70324901043125,10.005567863532965,1.9377549919325905,
184.80325101971414,10.005490782197302,1.936440241193956,
184.90325302899703,10.00541388053233,1.935121164291088,
185.00325503827992,10.00533715883836,1.9337976693936219,
185.1032570475628,10.00526061742572,1.932469661780226,
185.2032590568457,10.005184256615065,1.9311370437082553,
185.30326106612858,10.005108076737711,1.9297997142757317,
185.40326307541147,10.005032078135969,1.9284575692750743,
185.50326508469436,10.004956261163507,1.927110501038047,
185.60326709397725,10.004880626185727,1.9257583982711508,
185.70326910326014,10.004805173580158,1.924401145880779,
185.80327111254303,10.004729903736866,1.9230386247874194,
185.90327312182592,10.004654817058892,1.9216707117278644,
186.0032751311088,10.004579913962706,1.9202972790447421,
186.1032771403917,10.004505194878687,1.91891819446209,
186.2032791496746,10.004430660251623,1.917533320845869,
186.30328115895747,10.004356310541246,1.9161425159484313,
186.40328316824036,10.004282146222788,1.9147456321352545,
186.50328517752325,10.004208167787576,1.9133425160925492,
186.60328718680614,10.004134375743643,1.9119330085140727,
186.70328919608903,10.004060770616395,1.9105169437654317,
186.80329120537192,10.003987352949297,1.909094149523557,
186.9032932146548,10.003914123304618,1.9076644463895147,
187.0032952239377,10.003841082264197,1.906227647471545,
187.1032972332206,10.003768230430271,1.9047835579361982,
187.20329924250348,10.003695568426357,1.9033319745241253,
187.30330125178637,10.003623096898172,1.901872685026978,
187.40330326106925,10.003550816514622,1.9004054677216664,
187.50330527035214,10.003478727968854,1.8989300907578273,
187.60330727963503,10.003406831979378,1.8974463114932385,
187.70330928891792,10.003335129291258,1.8959538757720844,
187.8033112982008,10.003263620677394,1.894452517139576,
187.9033133074837,10.003192306939876,1.8929419559860465,
188.0033153167666,10.003121188911459,1.8914218986129234,
188.10331732604948,10.003050267457116,1.8898920362108833,
188.20331933533237,10.00297954347573,1.888352043740754,
188.30332134461526,10.002909017901903,1.8868015787049823,
188.40332335389814,10.0028386917079,1.8852402797963275,
188.50332536318103,10.002768565905756,1.8836677654086085,
188.60332737246392,10.002698641549546,1.8820836319918337,
188.7033293817468,10.002628919737848,1.880487452230906,
188.8033313910297,10.002559401616407,1.8788787730247547,
188.9033334003126,10.002490088381036,1.8772571132378078,
189.00333540959548,10.002420981280773,1.8756219611921674,
189.10333741887837,10.002352081621328,1.8739727718622397,
189.20333942816126,10.002283390768849,1.8723089637277883,
189.30334143744415,10.002214910154047,1.8706299152328687,
189.40334344672704,10.002146641276747,1.868934960788514,
189.50334545600992,10.002078585710882,1.8672233862445773,
189.6033474652928,10.002010745110022,1.8654944237421953,
189.7033494745757,10.0019431212135,1.8637472458391926,
189.8033514838586,10.001875715853227,1.861980958778999,
189.90335349314148,10.001808530961283,1.8601945947440424,
190.00335550242437,10.001741568578426,1.858387102900046,
190.10335751170726,10.001674830863655,1.8565573389906662,
190.20335952099015,10.001608320104985,1.8547040531843217,
190.30336153027304,10.001542038731682,1.8528258757991491,
190.40336353955593,10.00147598932817,1.8509213004329133,
190.50336554883881,10.00141017464997,1.8489886638949997,
190.6033675581217,10.001344597642023,1.8470261221639002,
190.7033695674046,10.001279261459908,1.8450316213598046,
190.80337157668748,10.001214169494576,1.8430028624025667,
190.90337358597037,10.001149325401355,1.8409372575836465,
191.00337559525326,10.001084733134277,1.8388318766593432,
191.10337760453615,10.001020396987009,1.8366833791855404,
191.20337961381904,10.000956321642159,1.8344879285231563,
191.30338162310193,10.000892512231307,1.832241081027298,
191.40338363238482,10.000828974408947,1.8299376410199943,
191.5033856416677,10.000765714444842,1.8275714676121384,
191.6033876509506,10.000702739341161,1.825135212163934,
191.70338966023348,10.000640056983697,1.8226199531156637,
191.80339166951637,10.000577676341228,1.8200146741622598,
191.90339367879926,10.000515607734823,1.8173054943726377,
192.00339568808215,10.000453863212476,1.8144744879384065,
192.10339769736504,10.000392457089351,1.8114977877942096,
192.20339970664793,10.000331406762577,1.808342353437892,
192.30340171593082,10.000270734013567,1.804960023845992,
192.4034037252137,10.00021046725867,1.8012753777758856,
192.5034057344966,10.000150645899252,1.7971569274658847,
192.60340774377948,10.00009133036104,1.7923298611383438,
192.70340975306237,10.000032634993788,1.7859349855025672,
192.80341176234526,10.0,1.7782794100389228,
