Time,Mass,Radius,Lx
23.0,5.4008044830316075,5.59,1.1600000000000076e+30
23.1,5.393778177847585,5.549782561252464,1.154660410481529e+30
23.200000000000003,5.3869520882465585,5.5103261399545165,1.149368305985163e+30
23.300000000000004,5.380318522708038,5.471610800385628,1.144123062267769e+30
23.400000000000006,5.373870148144335,5.433617189488739,1.1389240659248484e+30
23.500000000000007,5.367599970940118,5.396326523143937,1.1337707141570427e+30
23.60000000000001,5.361501319068315,5.3597205721622885,1.128662414542625e+30
23.70000000000001,5.355567825221211,5.323781648097354,1.1235985848158149e+30
23.80000000000001,5.349793410898533,5.288492588958931,1.1185786526507383e+30
23.900000000000013,5.344172271397333,5.253836744902104,1.1136020554508694e+30
24.000000000000014,5.338698861651332,5.219797963954494,1.1086682401437893e+30
24.100000000000016,5.333367882870189,5.186360577835419,1.10377666298111e+30
24.200000000000017,5.328174269931915,5.153509387912821,1.0989267893434096e+30
24.30000000000002,5.3231131794841735,5.121229651336485,1.0941180935500337e+30
24.40000000000002,5.318179978712818,5.089507067380071,1.0893500586736234e+30
24.50000000000002,5.313370234738308,5.0583277640187205,1.0846221763592339e+30
24.600000000000023,5.308679704602984,5.027678284764292,1.079933946647908e+30
24.700000000000024,5.304104325814334,4.997545575775964,1.0752848778045835e+30
24.800000000000026,5.299640207411433,4.967916973260204,1.070674486150206e+30
24.900000000000027,5.295283621523692,4.938780191170853,1.0661022958979276e+30
25.00000000000003,5.2910309953929096,4.9101233092172425,1.0615678389932818e+30
25.10000000000003,5.286878903831348,4.881934761185766,1.0570706549582161e+30
25.20000000000003,5.282824062090197,4.8542033235781785,1.052610290738877e+30
25.300000000000033,5.278863319114365,4.826918104568133,1.0481863005570442e+30
25.400000000000034,5.274993651160968,4.8000685332757005,1.0437982457651092e+30
25.500000000000036,5.271212155760288,4.773644349358517,1.0394456947045022e+30
25.600000000000037,5.267516045999234,4.747635592916744,1.0351282225674734e+30
25.70000000000004,5.263902645108605,4.722032594708325,1.0308454112621315e+30
25.80000000000004,5.260369381336531,4.696825966670065,1.0265968492806586e+30
25.90000000000004,5.256913783091603,4.672006592739296,1.0223821315706043e+30
26.000000000000043,5.2535334743401645,4.647565619970598,1.0182008594091853e+30
26.100000000000044,5.250226170243205,4.623494449941266,1.0140526402805035e+30
26.200000000000045,5.246989673019174,4.599784730439124,1.009937087755604e+30
26.300000000000047,5.243821868019868,4.576428347425836,1.0058538213753003e+30
26.40000000000005,5.24072072000732,4.553417417268756,1.0018024665356893e+30
26.50000000000005,5.237684269620349,4.530744279234137,9.977826543762842e+29
26.60000000000005,5.234710630020118,4.508401488234481,9.937940216707e+29
26.700000000000053,5.231797983704687,4.486381807822753,9.898362107198186e+29
26.800000000000054,5.228944579483153,4.464678203426152,9.859088692473721e+29
26.900000000000055,5.226148729600523,4.443283835812177,9.82011650297879e+29
27.000000000000057,5.223408807005006,4.422192054779784,9.78144212136872e+29
27.10000000000006,5.220723242749901,4.40139639306849,9.743062181533589e+29
27.20000000000006,5.218090523522723,4.380890560478391,9.704973367644561e+29
27.30000000000006,5.215509189294643,4.360668438194187,9.667172413221412e+29
27.400000000000063,5.212977831083724,4.3407240733064345,9.629656100220684e+29
27.500000000000064,5.210495088825826,4.321051673523334,9.592421258143938e+29
27.600000000000065,5.208059649347404,4.301645602066634,9.555464763165605e+29
27.700000000000067,5.2056702444347644,4.282500372745233,9.518783537279917e+29
27.800000000000068,5.203325648994658,4.263610645200401,9.482374547466451e+29
27.90000000000007,5.201024679301383,4.244971220316495,9.44623480487379e+29
28.00000000000007,5.198766191325851,4.226577035791451,9.410361364020887e+29
28.100000000000072,5.196549079142344,4.208423161861303,9.374751322015626e+29
28.200000000000074,5.194372273408897,4.190504797173262,9.339401817790219e+29
28.300000000000075,5.1922347399175175,4.1728172648020685,9.304310031352953e+29
28.400000000000077,5.190135478210636,4.155356008404354,9.269473183055922e+29
28.500000000000078,5.188073520260397,4.138116588506155,9.234888532878352e+29
28.60000000000008,5.1860479292075885,4.121094678918664,9.200553379725088e+29
28.70000000000008,5.184057798157195,4.104286063277607,9.166465060739927e+29
28.800000000000082,5.182102249027702,4.087686631701705,9.132620950633389e+29
28.900000000000084,5.1801804314514746,4.071292377565898,9.099018461024603e+29
29.000000000000085,5.178291521723651,4.055099394385159,9.065655039796938e+29
29.100000000000087,5.176434721797147,4.039103872804816,9.032528170467074e+29
29.200000000000088,5.174609258321494,4.023302097693485,8.999635371567162e+29
29.30000000000009,5.172814381723361,4.00769044533491,8.966974196039777e+29
29.40000000000009,5.171049365326715,3.992265380714982,8.934542230645329e+29
29.500000000000092,5.169313504510708,3.977023454900596,8.902337095381689e+29
29.600000000000094,5.167606115903458,3.9619613025068285,8.870356442915659e+29
29.700000000000095,5.165926536609997,3.9470756392493325,8.838597958026086e+29
29.800000000000097,5.164274123472758,3.932363259578724,8.807059357058277e+29
29.900000000000098,5.162648252363048,3.9178210343940716,8.775738387389497e+29
30.0000000000001,5.161048317502043,3.903445908832507,8.744632826905256e+29
30.1000000000001,5.159473730809922,3.889234900132253,8.713740483486154e+29
30.200000000000102,5.1579239212817996,3.875185095566316,8.683059194505016e+29
30.300000000000104,5.156398334389241,3.861293650444371,8.652586826334108e+29
30.400000000000105,5.154896431506152,3.8475577861803063,8.622321273862156e+29
30.500000000000107,5.153417689357922,3.8339747884230304,8.592260460020991e+29
30.600000000000108,5.1519615994927666,3.820542005248303,8.562402335321553e+29
30.70000000000011,5.150527667774241,3.8072568454093547,8.532744877399069e+29
30.80000000000011,5.149115413893977,3.7941167766442128,8.503286090567183e+29
30.900000000000112,5.147724370903726,3.7811193240376406,8.474024005380825e+29
31.000000000000114,5.146354084765836,3.7682620684357993,8.444956678207645e+29
31.100000000000115,5.145004113921347,3.7555426449116722,8.41608219080779e+29
31.200000000000117,5.14367402887492,3.742958741279514,8.387398649921848e+29
31.300000000000118,5.14236341179585,3.7305080966565356,8.358904186866782e+29
31.40000000000012,5.141071856134467,3.718188500070171,8.330596957139649e+29
31.50000000000012,5.139798966253234,3.7059977891092823,8.302475140028964e+29
31.600000000000122,5.138544357071927,3.693933848617799,8.27453693823352e+29
31.700000000000124,5.1373076537262605,3.6819946094292377,8.246780577488472e+29
31.800000000000125,5.1360884912393985,3.6701780471407472,8.219204306198594e+29
31.900000000000126,5.134886514205792,3.658482180925214,8.191806395078461e+29
32.00000000000013,5.1337013764868145,3.646905072380162,8.164585136799481e+29
32.10000000000013,5.132532740917703,3.635444824412118,8.137538845643577e+29
32.20000000000013,5.131380279025315,3.624099580155269,8.110665857163398e+29
32.30000000000013,5.130243670756264,3.6128675219231834,8.083964527848901e+29
32.400000000000134,5.129122604214981,3.6017468701924598,8.057433234800176e+29
32.500000000000135,5.128016775411304,3.590735882617228,8.031070375406377e+29
32.600000000000136,5.126925888017196,3.579832853073451,8.004874367030619e+29
32.70000000000014,5.125849653132212,3.5690361107319566,7.978843646700717e+29
32.80000000000014,5.124787789057365,3.5583440191592968,7.952976670805652e+29
32.90000000000014,5.123740021077039,3.547754975445452,7.927271914797612e+29
33.00000000000014,5.122706081248633,3.537267409357441,7.901727872899527e+29
33.10000000000014,5.121685708199612,3.5268797825180744,7.876343057817946e+29
33.200000000000145,5.120678646931684,3.5165905876088686,7.851116000461163e+29
33.300000000000146,5.119684648631797,3.5063983475964013,7.826045249662483e+29
33.40000000000015,5.118703470489703,3.4963016149813226,7.801129371908493e+29
33.50000000000015,5.117734875521826,3.4862989710692416,7.776366951072267e+29
33.60000000000015,5.116778632401171,3.476389025262763,7.751756588151383e+29
33.70000000000015,5.115834515293057,3.466570414374016,7.727296901010638e+29
33.80000000000015,5.114902303696438,3.4568418019569522,7.702986524129404e+29
33.900000000000155,5.113981782290592,3.4472018776588254,7.678824108353479e+29
34.000000000000156,5.113072740786978,3.4376493565901534,7.654808320651373e+29
34.10000000000016,5.112174973786051,3.428182978712609,7.630937843874933e+29
34.20000000000016,5.111288280638863,3.41880150824428,7.607211376524195e+29
34.30000000000016,5.1104124653132486,3.409503733081664,7.583627632516413e+29
34.40000000000016,5.109547336264435,3.4002884642379465,7.560185340959141e+29
34.50000000000016,5.108692706309905,3.391154535296972,7.536883245927313e+29
34.600000000000165,5.107848392508352,3.3821008018824505,7.513720106244226e+29
34.700000000000166,5.107014216042572,3.373126141141885,7.490694695266347e+29
34.80000000000017,5.106190002106157,3.36422945124478,7.467805800671879e+29
34.90000000000017,5.105375579793835,3.3554096508946607,7.445052224252985e+29
35.00000000000017,5.10457078199533,3.3466656788544658,7.422432781711628e+29
35.10000000000017,5.103775445292614,3.337996493484929,7.399946302458923e+29
35.20000000000017,5.102989409860425,3.3294010722955045,7.377591629417952e+29
35.300000000000175,5.102212519369927,3.320878411507466,7.355367618829965e+29
35.400000000000176,5.1014446208954105,3.312427525628772,7.3332731400639e+29
35.50000000000018,5.100685564823911,3.304047447040409,7.31130707542916e+29
35.60000000000018,5.09993520476765,3.295737225593764,7.289468319991566e+29
35.70000000000018,5.099193397479197,3.2874959282187515,7.267755781392451e+29
35.80000000000018,5.098460002769245,3.279322638542351,7.246168379670809e+29
35.90000000000018,5.097734883426925,3.2712164565172293,7.224705047088449e+29
36.000000000000185,5.097017905142558,3.2631764980601528,7.203364727958095e+29
36.100000000000186,5.096308936432758,3.2552018946998955,7.182146378474373e+29
36.20000000000019,5.095607848567808,3.247291793234333,7.161048966547626e+29
36.30000000000019,5.094914515501239,3.2394453553964757,7.140071471640506e+29
36.40000000000019,5.0942288138015135,3.231661757529176,7.119212884607292e+29
36.50000000000019,5.093550622585762,3.2239401902682108,7.098472207535872e+29
36.60000000000019,5.092879823455495,3.2162798582335634,7.077848453592343e+29
36.700000000000195,5.092216300434216,3.208679979728563,7.057340646868178e+29
36.800000000000196,5.091559939906882,3.201139786446735,7.036947822229916e+29
36.9000000000002,5.0909106305611465,3.193658523186126,7.016669025171317e+29
37.0000000000002,5.090268263330313,3.1862354475708208,6.996503311667939e+29
37.1000000000002,5.089632731337963,3.178869829779515,6.976449748034093e+29
37.2000000000002,5.089003929844181,3.171560952280921,6.956507410782132e+29
37.3000000000002,5.088381756193343,3.1643081095757637,6.936675386484023e+29
37.400000000000205,5.087766109763394,3.1571106079452447,6.916952771635167e+29
37.500000000000206,5.087156891916594,3.1499677652057434,6.897338672520414e+29
37.60000000000021,5.086554005951654,3.142878910469583,6.877832205082248e+29
37.70000000000021,5.0859573570572385,3.135843383911695,6.858432494791084e+29
37.80000000000021,5.085366852266786,3.128860536542047,6.839138676517649e+29
37.90000000000021,5.08478240041459,3.1219297299835795,6.819949894407404e+29
38.00000000000021,5.084203912093126,3.115050336255618,6.80086530175697e+29
38.100000000000215,5.0836312996115565,3.108221737562507,6.781884060892521e+29
38.200000000000216,5.083064476955397,3.1014433260873604,6.7630053430501e+29
38.30000000000022,5.082503359747296,3.094714503790783,6.744228328257843e+29
38.40000000000022,5.081947865208896,3.0880346822144498,6.725552205220053e+29
38.50000000000022,5.081397912123744,3.081403282289349,6.706976171203099e+29
38.60000000000022,5.080853420801208,3.0748197341485994,6.688499431923115e+29
38.70000000000022,5.080314313041391,3.0682834769447456,6.670121201435446e+29
38.800000000000225,5.079780512100974,3.0617939586713168,6.651840702025838e+29
38.900000000000226,5.079251942660004,3.05535063598865,6.633657164103308e+29
39.00000000000023,5.07872853078956,3.04895297405377,6.615569826094685e+29
39.10000000000023,5.078210203920289,3.04260044635423,6.597577934340802e+29
39.20000000000023,5.077696890811783,3.036292534545876,6.579680742994254e+29
39.30000000000023,5.077188521522766,3.0300287282943272,6.561877513918783e+29
39.40000000000023,5.076685027382071,3.0238085251201485,6.544167516590174e+29
39.500000000000234,5.076186340960385,3.0176314302476026,6.526550027998685e+29
39.600000000000236,5.075692396042728,3.0114969564568295,6.509024332552974e+29
39.70000000000024,5.075203127601657,3.0054046239394756,6.491589721985491e+29
39.80000000000024,5.074718471771168,2.999353960157523,6.474245495259306e+29
39.90000000000024,5.074238365821269,2.9933444997054415,6.456990958476362e+29
40.00000000000024,5.073762748133214,2.9873757841753372,6.43982542478711e+29
40.10000000000024,5.073291558175376,2.981447362025227,6.422748214301511e+29
40.200000000000244,5.072824736479732,2.9755587884502566,6.405758654001395e+29
40.300000000000246,5.072362224618953,2.9697096252567814,6.388856077654112e+29
40.40000000000025,5.071903965184073,2.963899440739248,6.372039825727504e+29
40.50000000000025,5.071449901762727,2.9581278095598433,6.355309245306138e+29
40.60000000000025,5.0709999789179365,2.952394312630812,6.338663690008784e+29
40.70000000000025,5.070554142167426,2.946698536999328,6.3221025199071386e+29
40.80000000000025,5.070112337963459,2.9410400757349375,6.3056251014457465e+29
40.900000000000254,5.069674513673179,2.9354185278194596,6.289230807363102e+29
41.000000000000256,5.069240617559431,2.929833498039258,6.272919016613939e+29
41.10000000000026,5.06881059876207,2.924284596879935,6.256689114292639e+29
41.20000000000026,5.0683844072797175,2.9187714404232032,6.240540491557792e+29
41.30000000000026,5.0679619939519736,2.913293650246085,6.224472545557848e+29
41.40000000000026,5.067543310442063,2.9078508533222216,6.208484679357866e+29
41.50000000000026,5.067128309219901,2.902442681925302,6.192576301867329e+29
41.600000000000264,5.066716943545575,2.897068773534601,6.176746827769011e+29
41.700000000000266,5.0663091674532215,2.891728770742473,6.160995677448886e+29
41.80000000000027,5.065904935735296,2.8864223211638573,6.145322276927037e+29
41.90000000000027,5.065504203927216,2.881149077347673,6.1297260577895826e+29
42.00000000000027,5.065106928292373,2.8759086966900655,6.114206457121579e+29
42.10000000000027,5.064713065807503,2.870700841349534,6.098762917440884e+29
42.20000000000027,5.064322574148405,2.865525178163792,6.083394886632975e+29
42.300000000000274,5.063935411675993,2.860381378568338,6.068101817886708e+29
42.400000000000276,5.063551537422681,2.855269118516805,6.0528831696309806e+29
42.50000000000028,5.063170911079088,2.850188078402889,6.037738405472311e+29
42.60000000000028,5.06279349298105,2.8451379429838983,6.022666994133304e+29
42.70000000000028,5.062419244096937,2.8401184013059018,6.007668409391977e+29
42.80000000000028,5.062048126015267,2.835129146630419,5.992742130021972e+29
42.90000000000028,5.061680100932606,2.8301698763625707,5.977887639733583e+29
43.000000000000284,5.0613151316417415,2.8252402919807316,5.963104427115635e+29
43.100000000000286,5.0609531815201345,2.8203400989675877,5.948391985578174e+29
43.20000000000029,5.060594214518634,2.815469006742603,5.933749813295964e+29
43.30000000000029,5.060238195150449,2.81062672859586,5.919177413152767e+29
43.40000000000029,5.059885088480367,2.8058129816231867,5.904674292686414e+29
43.50000000000029,5.059534860114229,2.8010274866626554,5.890239964034627e+29
43.60000000000029,5.059187476188623,2.7962699682322723,5.8758739438816106e+29
43.700000000000294,5.05884290336083,2.7915401544689655,5.861575753405373e+29
43.800000000000296,5.058501108798979,2.786837777068767,5.8473449182257764e+29
43.9000000000003,5.058162060172434,2.7821625712281746,5.8331809683533145e+29
44.0000000000003,5.0578257256423855,2.777514275586656,5.819083438138582e+29
44.1000000000003,5.057492073852657,2.772892632170332,5.805051866222454e+29
44.2000000000003,5.057161073920714,2.7682973863367,5.7910857954869324e+29
44.3000000000003,5.0568326954288665,2.7637282867204824,5.777184773006682e+29
44.400000000000304,5.056506908415673,2.7591850851805217,5.763348350001213e+29
44.500000000000306,5.056183683367524,2.754667536747684,5.7495760817877276e+29
44.60000000000031,5.055862991210415,2.7501753995737985,5.735867527734597e+29
44.70000000000031,5.055544803301896,2.7457084348815677,5.722222251215478e+29
44.80000000000031,5.055229091423196,2.741266406915442,5.708639819564048e+29
44.90000000000031,5.054915827771515,2.736849082893425,5.695119804029342e+29
45.00000000000031,5.054604984952488,2.732456232959831,5.6816617797317136e+29
45.100000000000314,5.054296535972805,2.7280876301389023,5.66826532561936e+29
45.200000000000315,5.0539904542329905,2.7237430502893507,5.654930024425452e+29
45.30000000000032,5.053686713520337,2.7194222720596914,5.6416554626258294e+29
45.40000000000032,5.05338528800199,2.715125076844525,5.62844123039726e+29
45.50000000000032,5.053086152218175,2.7108512487415237,5.615286921576258e+29
45.60000000000032,5.052789281075575,2.706600574509312,5.6021921336184476e+29
45.70000000000032,5.052494649840836,2.7023728435260725,5.5891564675584666e+29
45.800000000000324,5.05220223413422,2.6981678477489868,5.576179527970405e+29
45.900000000000325,5.051912009923386,2.693985381674382,5.5632609229287565e+29
46.00000000000033,5.051623953517298,2.689825242298613,5.550400263969894e+29
46.10000000000033,5.051338041560262,2.685687229079706,5.537597166054046e+29
46.20000000000033,5.051054251026087,2.681571143899663,5.524851247527778e+29
46.30000000000033,5.050772559212363,2.6774767910274857,5.512162130086956e+29
46.40000000000033,5.050492943734864,2.673403977082889,5.499529438740204e+29
46.500000000000334,5.050215382522055,2.6693525110006115,5.486952801772831e+29
46.600000000000335,5.04993985380972,2.665322203995464,5.4744318507112304e+29
46.70000000000034,5.049666336135696,2.661312869527932,5.461966220287737e+29
46.80000000000034,5.049394808334715,2.6573243232704664,5.44955554840595e+29
46.90000000000034,5.049125249533345,2.653356383074311,5.4371994761064965e+29
47.00000000000034,5.0488576391450435,2.649408868937001,5.424897647533228e+29
47.10000000000034,5.048591956865299,2.6454816029703725,5.412649709899875e+29
47.200000000000344,5.0483281826668795,2.641574409369209,5.400455313457106e+29
47.300000000000345,5.048066296795168,2.6376871143803813,5.388314111460028e+29
47.40000000000035,5.047806279763599,2.633819546272611,5.3762257601360836e+29
47.50000000000035,5.047548112349175,2.62997153530666,5.3641899186533816e+29
47.60000000000035,5.047291775588083,2.626142913706181,5.3522062490894014e+29
47.70000000000035,5.047037250771389,2.6223335156289562,5.340274416400129e+29
47.80000000000035,5.046784519440823,2.618543177138741,5.328394088389553e+29
47.900000000000354,5.046533563384642,2.614771736177496,5.3165649356795675e+29
48.000000000000355,5.0462843646335775,2.611019032538232,5.304786631680247e+29
48.10000000000036,5.046036905456859,2.607284907838199,5.293058852560496e+29
48.20000000000036,5.045791168358317,2.6035692054926294,5.281381277219071e+29
48.30000000000036,5.04554713607256,2.599871770688873,5.2697535872559654e+29
48.40000000000036,5.045304791561228,2.596192450361038,5.258175466944147e+29
48.50000000000036,5.0450641180093125,2.5925310931650287,5.2466466032016575e+29
48.600000000000364,5.044825098821553,2.5888875494539914,5.235166685564056e+29
48.700000000000365,5.044587717618901,2.5852616712542584,5.2237354061572064e+29
48.80000000000037,5.044351958235048,2.581653312241593,5.212352459670397e+29
48.90000000000037,5.044117804713023,2.578062327717951,5.201017543329808e+29
49.00000000000037,5.043885241301856,2.5744885745885298,5.1897303568722886e+29
49.10000000000037,5.043654252453299,2.570931911339298,5.178490602519472e+29
49.20000000000037,5.043424822818613,2.5673921980148258,5.1672979849522075e+29
49.300000000000374,5.0431969372454155,2.563869296196553,5.156152211285296e+29
49.400000000000375,5.042970580774585,2.5603630689813777,5.145052991042551e+29
49.50000000000038,5.042745738637225,2.5568733809606066,5.134000036132157e+29
49.60000000000038,5.042522396251683,2.553400098199277,5.1229930608223255e+29
49.70000000000038,5.0423005392206255,2.5499430882158007,5.112031781717256e+29
49.80000000000038,5.04208015332817,2.546502219961975,5.1011159177333885e+29
49.90000000000038,5.0418612245370635,2.543077363803261,5.090245190075936e+29
50.000000000000384,5.041643738985921,2.539668391499484,5.0794193222157115e+29
50.100000000000385,5.041427682986506,2.5362751761857343,5.0686380398662324e+29
50.20000000000039,5.04121304302107,2.532897592353696,5.057901070961099e+29
50.30000000000039,5.040999805739732,2.5295355158331794,5.047208145631648e+29
50.40000000000039,5.040787957957913,2.5261888237740555,5.036558996184875e+29
50.50000000000039,5.04057748665381,2.522857394628361,5.025953357081617e+29
50.60000000000039,5.040368378965921,2.519541108132808,5.015390964915009e+29
50.700000000000394,5.040160622190616,2.5162398452915307,5.004871558389181e+29
50.800000000000395,5.039954203779743,2.512953488359081,4.994394878298223e+29
50.9000000000004,5.039749111338288,2.509681920823745,4.983960667505397e+29
51.0000000000004,5.039545332622069,2.5064250273910966,4.97356867092259e+29
51.1000000000004,5.039342855535471,2.5031826939678172,4.963218635490018e+29
51.2000000000004,5.039141668129232,2.49995480764581,4.952910310156169e+29
51.3000000000004,5.03894175859825,2.496741256686491,4.942643445857981e+29
51.400000000000404,5.038743115279449,2.4935419305054105,4.932417795501255e+29
51.500000000000405,5.038545726649665,2.49035671965705,4.922233113941296e+29
51.600000000000406,5.0383495813235815,2.487185515819932,4.9120891579637896e+29
51.70000000000041,5.038154668051694,2.484028211781866,4.9019856862658905e+29
51.80000000000041,5.037960975718316,2.480884701425518,4.8919224594375444e+29
51.90000000000041,5.0377684933396125,2.477754879714174,4.88189923994302e+29
52.00000000000041,5.037577210061676,2.4746386426777036,4.871915792102657e+29
52.10000000000041,5.037387115158628,2.471535887398739,4.861971882074835e+29
52.200000000000415,5.037198198030759,2.468446511999119,4.852067277838139e+29
52.300000000000416,5.037010448202698,2.4653704156264977,4.8422017491737405e+29
52.40000000000042,5.036823855321614,2.4623074984411715,4.83237506764798e+29
52.50000000000042,5.03663840915545,2.4592576616031248,4.8225870065951525e+29
52.60000000000042,5.036454099591184,2.4562208072592298,4.812837341100484e+29
52.70000000000042,5.036270916633123,2.4531968385307077,4.803125847983316e+29
52.80000000000042,5.036088850401223,2.4501856595007157,4.793452305780473e+29
52.900000000000425,5.035907891129438,2.4471871752021612,4.783816494729823e+29
53.000000000000426,5.035728029164101,2.4442012916056988,4.7742181967540325e+29
53.10000000000043,5.035549254962328,2.441227915607892,4.7646571954444945e+29
53.20000000000043,5.035371559090451,2.4382669550195963,4.7551332760454525e+29
53.30000000000043,5.035194932222472,2.435318318554423,4.745646225438297e+29
53.40000000000043,5.035019365138556,2.4323819158175124,4.736195832126043e+29
53.50000000000043,5.034844848723531,2.429457657294334,4.726781886217985e+29
53.600000000000435,5.0346713739654305,2.426545454339773,4.71740417941452e+29
53.700000000000436,5.0344989319540465,2.4236452191672826,4.708062504992149e+29
53.80000000000044,5.034327513879517,2.4207568648382924,4.698756657788645e+29
53.90000000000044,5.034157111030929,2.4178803052516846,4.6894864341883806e+29
54.00000000000044,5.033987714794948,2.415015455133474,4.680251632107834e+29
54.10000000000044,5.033819316654474,2.412162230026655,4.671052050981248e+29
54.20000000000044,5.033651908187307,2.409320546281137,4.66188749174645e+29
54.300000000000445,5.033485481064851,2.406490321043903,4.652757756830832e+29
54.400000000000446,5.033320027050826,2.403671472249237,4.6436626501374884e+29
54.50000000000045,5.033155538000008,2.4008639186091556,4.634601977031506e+29
54.60000000000045,5.032992005856985,2.3980675796039606,4.625575544326406e+29
54.70000000000045,5.032829422654939,2.3952823754729096,4.616583160270738e+29
54.80000000000045,5.032667780514439,2.392508227205019,4.607624634534818e+29
54.90000000000045,5.032507071642263,2.389745056530053,4.598699778197623e+29
55.000000000000455,5.032347288330232,2.38699278590959,4.5898084037338145e+29
55.100000000000456,5.032188422954068,2.38425133852822,4.58095032500092e+29
55.20000000000046,5.0320304679722625,2.3815206382849023,4.572125357226647e+29
55.30000000000046,5.031873415924973,2.3788006097844114,4.5633333169963366e+29
55.40000000000046,5.031717259432928,2.3760911783289287,4.554574022240556e+29
55.50000000000046,5.031561991196356,2.373392269909722,4.545847292222828e+29
55.60000000000046,5.031407603993928,2.37070381119901,4.537152947527492e+29
55.700000000000465,5.031254090681719,2.3680257295418623,4.528490810047694e+29
55.800000000000466,5.031101444192179,2.365357952948247,4.519860702973517e+29
55.90000000000047,5.0309496575331325,2.362700410085222,4.51126245078023e+29
56.00000000000047,5.030798723786784,2.3600530302691913,4.502695879216667e+29
56.10000000000047,5.03064863610874,2.357415743458268,4.494160815293737e+29
56.20000000000047,5.030499387727049,2.3547884802447774,4.4856570872730494e+29
56.30000000000047,5.030350971941259,2.35217117184788,4.4771845246556686e+29
56.400000000000475,5.03020338212148,2.3495637501062063,4.468742958170989e+29
56.500000000000476,5.030056611707471,2.34696614747068,4.4603322197657206e+29
56.60000000000048,5.029910654207738,2.344378296997443,4.451952142593007e+29
56.70000000000048,5.029765503198641,2.3418001323408135,4.4436025610016495e+29
56.80000000000048,5.029621152323524,2.3392315877463847,4.4352833105254455e+29
56.90000000000048,5.029477595291848,2.3366725980441974,4.426994227872651e+29
57.00000000000048,5.029334825878346,2.33412309864206,4.4187351509155415e+29
57.100000000000485,5.029192837922187,2.331583025518899,4.410505918680094e+29
57.200000000000486,5.029051625326151,2.329052315218189,4.402306371335773e+29
57.30000000000049,5.028911182055821,2.3265309048415665,4.3941363501854285e+29
57.40000000000049,5.028771502138783,2.324018732042407,4.385995697655296e+29
57.50000000000049,5.02863257966384,2.3215157350195783,4.377884257285108e+29
57.60000000000049,5.028494408780238,2.3190218525112636,4.3698018737183004e+29
57.70000000000049,5.028356983696906,2.3165370237888174,4.3617483926923336e+29
57.800000000000495,5.028220298681699,2.3140611886507836,4.353723661029106e+29
57.900000000000496,5.028084348060664,2.3115942874169066,4.34572752662547e+29
58.0000000000005,5.027949126217306,2.309136260922307,4.33775983844385e+29
58.1000000000005,5.027814627591876,2.306687050511658,4.329820446502956e+29
58.2000000000005,5.0276808466806555,2.304246598033512,4.321909201868594e+29
58.3000000000005,5.027547778035268,2.3018148458346475,4.314025956644572e+29
58.4000000000005,5.027415416261988,2.299391736754509,4.3061705639637e+29
58.500000000000504,5.027283756021063,2.2969772141197313,4.298342877978887e+29
58.600000000000506,5.027152792026051,2.2945712217387055,4.290542753854323e+29
58.70000000000051,5.02702251904316,2.292173703896255,4.28277004775676e+29
58.80000000000051,5.026892931890605,2.2897846053483732,4.275024616846875e+29
58.90000000000051,5.0267640254379655,2.2874038713169895,4.267306319270731e+29
59.00000000000051,5.026635794605563,2.285031447484887,4.259615014151315e+29
59.10000000000051,5.0265082343638365,2.282667279990561,4.251950561580174e+29
59.200000000000514,5.026381339732733,2.280311315423261,4.244312822609127e+29
59.300000000000516,5.026255105781111,2.2779635008180734,4.236701659242069e+29
59.40000000000052,5.026129527626141,2.275623783651006,4.229116934426854e+29
59.50000000000052,5.026004600432727,2.2732921118341993,4.2215585120472614e+29
59.60000000000052,5.025880319412927,2.270968433711174,4.2140262569150466e+29
59.70000000000052,5.025756679825387,2.268652698052133,4.206520034762072e+29
59.80000000000052,5.025633676974783,2.2663448540493527,4.1990397122325136e+29
59.900000000000524,5.025511306211265,2.2640448513125917,4.19158515687515e+29
60.000000000000526,5.02538956292992,2.261752639864612,4.184156237135732e+29
60.10000000000053,5.025268442570232,2.259468170136699,4.176752822349423e+29
60.20000000000053,5.025147940615553,2.257191392964274,4.169374782733316e+29
60.30000000000053,5.025028052592586,2.2549222595825436,4.162021989379035e+29
60.40000000000053,5.0249087740708696,2.252660721622242,4.154694314245398e+29
60.50000000000053,5.024790100662271,2.2504067311053673,4.147391630151165e+29
60.600000000000534,5.024672028020487,2.2481602404409977,4.140113810767847e+29
60.700000000000536,5.024554551840556,2.2459212024212123,4.132860730612596e+29
60.80000000000054,5.024437667858367,2.2436895702169712,4.125632265041165e+29
60.90000000000054,5.024321371850185,2.2414652973741,4.11842829024093e+29
61.00000000000054,5.0242056596321785,2.239248337809316,4.111248683223996e+29
61.10000000000054,5.024090527059955,2.2370386458063307,4.104093321820353e+29
61.20000000000054,5.023975970028101,2.23483617601193,4.096962084671116e+29
61.300000000000544,5.02386198446973,2.2326408834321843,4.089854851221824e+29
61.400000000000546,5.023748566356038,2.230452723428636,4.082771501715804e+29
61.50000000000055,5.023635711695861,2.228271651714572,4.075711917187606e+29
61.60000000000055,5.023523416535243,2.226097624351339,4.068675979456499e+29
61.70000000000055,5.023411676957007,2.2239305977447135,4.0616635711200295e+29
61.80000000000055,5.023300489080336,2.221770528641291,4.054674575547648e+29
61.90000000000055,5.023189849060352,2.2196173741249217,4.047708876874393e+29
62.000000000000554,5.023079753087708,2.2174710916131883,4.040766359994639e+29
62.100000000000556,5.022970197388182,2.2153316388539683,4.033846910555906e+29
62.20000000000056,5.02286117822228,2.213198973921986,4.0269504149527294e+29
62.30000000000056,5.022752691884839,2.2110730552154205,4.0200767603205885e+29
62.40000000000056,5.022644734704639,2.2089538414525896,4.013225834529892e+29
62.50000000000056,5.02253730304402,2.20684129166859,4.0063975261800284e+29
62.60000000000056,5.022430393298503,2.2047353652120782,3.9995917245934674e+29
62.700000000000564,5.0223240018964175,2.20263602174202,3.99280831980992e+29
62.800000000000566,5.022218125298532,2.200543221224505,3.986047202580559e+29
62.90000000000057,5.022112759997692,2.198456923929604,3.979308264362287e+29
63.00000000000057,5.02200790251846,2.196377090428226,3.972591397312072e+29
63.10000000000057,5.0219035494167645,2.1943036815890986,3.9658964942813205e+29
63.20000000000057,5.021799697279547,2.1922366585756605,3.959223448810323e+29
63.30000000000057,5.021696342724419,2.190175982843083,3.952572155122738e+29
63.400000000000574,5.021593482399326,2.1881216161353283,3.9459425081201384e+29
63.500000000000576,5.021491112982206,2.1860735204821573,3.939334403376601e+29
63.60000000000058,5.021389231180662,2.1840316581962718,3.932747737133358e+29
63.70000000000058,5.021287833731636,2.1819959918704224,3.926182406293493e+29
63.80000000000058,5.021186917401082,2.179966484374577,3.9196383084166854e+29
63.90000000000058,5.021086478983658,2.177943098853168,3.91311534171401e+29
64.00000000000058,5.020986515302398,2.1759257987222305,3.9066134050427845e+29
64.10000000000058,5.020887023208414,2.17391454766673,3.900132397901465e+29
64.20000000000057,5.020787999580585,2.1719093096378446,3.893672220424585e+29
64.30000000000057,5.020689441325255,2.1699100488502863,3.887232773377752e+29
64.40000000000056,5.020591345375938,2.167916729779646,3.880813958152685e+29
64.50000000000055,5.02049370869302,2.1659293171598,3.874415676762298e+29
64.60000000000055,5.020396528263471,2.163947775980302,3.86803783183583e+29
64.70000000000054,5.020299801100559,2.1619720714838397,3.861680326614026e+29
64.80000000000054,5.0202035242435645,2.1600021691636977,3.855343064944356e+29
64.90000000000053,5.020107694757505,2.158038034761283,3.849025951276282e+29
65.00000000000053,5.020012309732857,2.1560796342636266,3.842728890656569e+29
65.10000000000052,5.019917366285282,2.1541269339009474,3.836451788724639e+29
65.20000000000051,5.019822861555362,2.1521799001442434,3.830194551707969e+29
65.30000000000051,5.0197287927083325,2.1502384997029167,3.823957086417533e+29
65.4000000000005,5.01963515693382,2.1483026995223726,3.81773930024328e+29
65.5000000000005,5.019541951445583,2.1463724667817186,3.811541101149664e+29
65.60000000000049,5.019449173481259,2.1444477688914483,3.805362397671206e+29
65.70000000000049,5.019356820302111,2.142528573491131,3.7992030989081016e+29
65.80000000000048,5.019264889192776,2.1406148484471763,3.79306311452187e+29
65.90000000000047,5.0191733774610245,2.1387065618505927,3.786942354731039e+29
66.00000000000047,5.019082282437514,2.1368036820147807,3.780840730306871e+29
66.10000000000046,5.018991601475551,2.1349061774733262,3.774758152569135e+29
66.20000000000046,5.018901331950853,2.1330140169778797,3.7686945333819036e+29
66.30000000000045,5.018811471261317,2.1311271694959837,3.762649785149401e+29
66.40000000000045,5.0187220168267865,2.1292456042089354,3.756623820811882e+29
66.50000000000044,5.018632966088824,2.1273692905097565,3.7506165538415535e+29
66.60000000000043,5.018544316510488,2.1254981980010785,3.744627898238528e+29
66.70000000000043,5.018456065576108,2.1236322964930783,3.738657768526816e+29
66.80000000000042,5.018368210791064,2.121771556001491,3.732706079750357e+29
66.90000000000042,5.018280749681575,2.1199159467455715,3.7267727474690834e+29
67.00000000000041,5.01819367979448,2.118065439146148,3.7208576877550206e+29
67.1000000000004,5.018106998697028,2.1162200038236074,3.714960817188422e+29
67.2000000000004,5.018020703976667,2.1143796115959947,3.7090820528539456e+29
67.3000000000004,5.017934793240843,2.1125442334770765,3.7032213123368495e+29
67.40000000000039,5.017849264116791,2.110713840674434,3.697378513719239e+29
67.50000000000038,5.017764114251334,2.1088884045875913,3.691553575576337e+29
67.60000000000038,5.0176793413106875,2.1070678968061163,3.6857464169727905e+29
67.70000000000037,5.017594942980258,2.1052522891078196,3.679956957459011e+29
67.80000000000037,5.017510916964454,2.103441553456921,3.674185117067546e+29
67.90000000000036,5.017427260986491,2.101635662002224,3.668430816309483e+29
68.00000000000036,5.017343972788201,2.0998345870753545,3.66269397617089e+29
68.10000000000035,5.017261050129851,2.098038301188967,3.6569745181092795e+29
68.20000000000034,5.0171784907899495,2.0962467770349993,3.651272364050112e+29
68.30000000000034,5.017096292565071,2.094459987482952,3.645587436383322e+29
68.40000000000033,5.017014453269673,2.092677905578158,3.639919657959888e+29
68.50000000000033,5.016932970735916,2.090900504540101,3.6342689520884166e+29
68.60000000000032,5.016851842813489,2.0891277577606857,3.6286352425317686e+29
68.70000000000032,5.016771067369436,2.087359638802649,3.623018453503713e+29
68.80000000000031,5.01669064228798,2.085596121397832,3.617418509665603e+29
68.9000000000003,5.0166105654703586,2.083837179445612,3.611835336123091e+29
69.0000000000003,5.0165308348346525,2.082082787011255,3.606268858422869e+29
69.10000000000029,5.01645144831562,2.080332918324329,3.6007190025494354e+29
69.20000000000029,5.0163724038645325,2.078587547777083,3.595185694921889e+29
69.30000000000028,5.0162936994490135,2.07684664992294,3.589668862390758e+29
69.40000000000028,5.016215333052877,2.075110199474879,3.584168432234853e+29
69.50000000000027,5.016137302675969,2.0733781713039385,3.578684332158139e+29
69.60000000000026,5.016059606334015,2.0716505404376973,3.573216490286653e+29
69.70000000000026,5.015982242058459,2.0699272820587113,3.567764835165433e+29
69.80000000000025,5.015905207896314,2.068208371503096,3.5623292957554746e+29
69.90000000000025,5.015828501910013,2.0664937842589755,3.556909801430726e+29
70.00000000000024,5.015752122177254,2.064783495965051,3.551506281975096e+29
70.10000000000024,5.015676066790858,2.063077482409157,3.5461186675794934e+29
70.20000000000023,5.015600333858621,2.061375719526805,3.5407468888388925e+29
70.30000000000022,5.015524921503167,2.059678183399748,3.535390876749423e+29
70.40000000000022,5.0154498278618105,2.057984850254576,3.530050562705482e+29
70.50000000000021,5.015375051086412,2.0562956964613464,3.52472587849688e+29
70.60000000000021,5.015300589343241,2.0546106985321604,3.519416756305998e+29
70.7000000000002,5.015226440812834,2.052929833119785,3.5141231287049784e+29
70.8000000000002,5.015152603689867,2.0512530770163377,3.508844928652943e+29
70.90000000000019,5.015079076183009,2.049580407151888,3.5035820894932204e+29
71.00000000000018,5.015005856514802,2.0479118005931545,3.498334544950613e+29
71.10000000000018,5.014932942921517,2.0462472345421436,3.4931022291286756e+29
71.20000000000017,5.014860333653034,2.044586686334882,3.487885076507027e+29
71.30000000000017,5.014788026972708,2.0429301334400884,3.482683021938676e+29
71.40000000000016,5.014716021157244,2.0412775534578893,3.4774960006473744e+29
71.50000000000016,5.014644314496571,2.0396289241185457,3.4723239482249895e+29
71.60000000000015,5.014572905293717,2.037984223281183,3.467166800628907e+29
71.70000000000014,5.014501791864686,2.0363434289325038,3.462024494179442e+29
71.80000000000014,5.01443097253834,2.0347065191856126,3.456896965557286e+29
71.90000000000013,5.014360445656273,2.0330734722787067,3.451784151800966e+29
72.00000000000013,5.014290209572699,2.031444266573925,3.446685990304329e+29
72.10000000000012,5.014220262654328,2.029818880556058,3.441602418814045e+29
72.20000000000012,5.014150603280258,2.0281972928314165,3.436533375427135e+29
72.30000000000011,5.01408122984185,2.0265794821265843,3.431478798588518e+29
72.4000000000001,5.014012140742623,2.0249654272872695,3.4264386270885746e+29
72.5000000000001,5.013943334398139,2.0233551072770983,3.421412800060739e+29
72.6000000000001,5.01387480923589,2.021748501176491,3.416401256979101e+29
72.70000000000009,5.0138065636951925,2.020145588181477,3.411403937656038e+29
72.80000000000008,5.013738596227075,2.018546347602576,3.406420782239861e+29
72.90000000000008,5.013670905294172,2.0169507588636364,3.401451731212481e+29
73.00000000000007,5.013603489370619,2.0153588015007022,3.3964967253870926e+29
73.10000000000007,5.013536346941947,2.013770455160957,3.391555705905886e+29
73.20000000000006,5.013469476504977,2.012185699601532,3.386628614237764e+29
73.30000000000005,5.01340287656772,2.0106045146884606,3.3817153921760906e+29
73.40000000000005,5.013336545649273,2.0090268803955924,3.37681598183645e+29
73.50000000000004,5.0132704822797205,2.0074527768034502,3.3719303256544276e+29
73.60000000000004,5.0132046850000345,2.005882184098234,3.367058366383408e+29
73.70000000000003,5.013139152361975,2.004315082570685,3.362200047092393e+29
73.80000000000003,5.013073882927996,2.002751452615078,3.357355311163836e+29
73.90000000000002,5.0130088752711455,2.0011912747281517,3.3525241022914924e+29
74.00000000000001,5.012944127974973,1.9996345295080489,3.3477063644782946e+29
74.10000000000001,5.012879639633434,1.998081197653297,3.34290204203423e+29
74.2,5.012815408850799,1.996531259961798,3.338111079574257e+29
74.3,5.012751434241561,1.9949846973297969,3.333333422016219e+29
74.39999999999999,5.0126877144303394,1.993441490750819,3.328569014578787e+29
74.49999999999999,5.012624248051799,1.9919016213147525,3.323817802779411e+29
74.59999999999998,5.012561033750554,1.9903650702067748,3.3190797324322975e+29
74.69999999999997,5.012498070181083,1.9888318187064236,3.3143547496463944e+29
74.79999999999997,5.012435356007639,1.9873018481865357,3.309642800823396e+29
74.89999999999996,5.012372889904167,1.9857751401123285,3.304943832655765e+29
74.99999999999996,5.012310670554216,1.9842516760404103,3.3002577921247706e+29
75.09999999999995,5.012248696650855,1.9827314376178145,3.295584626498539e+29
75.19999999999995,5.01218696689659,1.9812144065810402,3.2909242833301235e+29
75.29999999999994,5.012125480003282,1.9797005647550785,3.286276710455588e+29
75.39999999999993,5.012064234692063,1.9781898940525073,3.281641855992106e+29
75.49999999999993,5.012003229693258,1.9766823764725296,3.2770196683360766e+29
75.59999999999992,5.011942463746304,1.9751779941000192,3.2724100961612555e+29
75.69999999999992,5.011881935599669,1.9736767291046138,3.2678130884168975e+29
75.79999999999991,5.011821644010775,1.9721785637397748,3.2632285943259146e+29
75.8999999999999,5.011761587745922,1.9706834803418931,3.258656563383057e+29
75.9999999999999,5.01170176558021,1.9691914613293628,3.254096945353094e+29
76.0999999999999,5.011642176297463,1.967702489201661,3.249549690269025e+29
76.19999999999989,5.011582818690152,1.9662165465384334,3.2450147484302914e+29
76.29999999999988,5.011523691559325,1.9647336159986537,3.24049207040101e+29
76.39999999999988,5.01146479371453,1.9632536803196605,3.235981607008224e+29
76.49999999999987,5.011406123973744,1.9617767223163316,3.2314833093401524e+29
76.59999999999987,5.0113476811633015,1.9603027248801568,3.2269971287444736e+29
76.69999999999986,5.01128946411782,1.9588316709783655,3.222523016826608e+29
76.79999999999986,5.0112314716801345,1.9573635436530796,3.218060925448019e+29
76.89999999999985,5.011173702701223,1.955898326020411,3.213610806724527e+29
76.99999999999984,5.01111615604014,1.9544360012696131,3.2091726130246386e+29
77.09999999999984,5.011058830563949,1.9529765526622151,3.204746296967886e+29
77.19999999999983,5.011001725147652,1.9515199635311458,3.2003318114231795e+29
77.29999999999983,5.010944838674126,1.9500662172799295,3.1959291095071765e+29
77.39999999999982,5.010888170034052,1.9486152973817614,3.191538144582658e+29
77.49999999999982,5.010831718125856,1.9471671873787426,3.187158870256924e+29
77.59999999999981,5.010775481855639,1.945721870880973,3.182791240380194e+29
77.6999999999998,5.010719460137114,1.94427933156576,3.178435209044028e+29
77.7999999999998,5.010663651891544,1.9428395531767295,3.1740907305797526e+29
77.89999999999979,5.010608056047679,1.9414025195230538,3.1697577595569055e+29
77.99999999999979,5.01055267154169,1.9399682144785781,3.1654362507816874e+29
78.09999999999978,5.010497497317114,1.9385366219810032,3.161126159295427e+29
78.19999999999978,5.0104425323247845,1.937107726031053,3.1568274403730602e+29
78.29999999999977,5.010387775522782,1.9356815106917167,3.152540049521619e+29
78.39999999999976,5.010333225876363,1.9342579600873284,3.148263942478734e+29
78.49999999999976,5.010278882357911,1.9328370584028491,3.143999075211142e+29
78.59999999999975,5.010224743946869,1.9314187898829642,3.1397454039132163e+29
78.69999999999975,5.010170809629688,1.930003138831365,3.1355028850054996e+29
78.79999999999974,5.010117078399768,1.9285900896098414,3.1312714751332497e+29
78.89999999999974,5.010063549257399,1.927179626637584,3.1270511311649983e+29
78.99999999999973,5.0100102212097095,1.9257717343902967,3.1228418101911215e+29
79.09999999999972,5.009957093270605,1.9243663973994065,3.1186434695224166e+29
79.19999999999972,5.009904164460718,1.9229636002513297,3.114456066688697e+29
79.29999999999971,5.00985143380735,1.9215633275865684,3.1102795594373886e+29
79.39999999999971,5.009798900344421,1.9201655640989745,3.1061139057321485e+29
79.4999999999997,5.009746563112413,1.918770294534978,3.1019590637514805e+29
79.5999999999997,5.00969442115832,1.9173775036927594,3.0978149918873757e+29
79.69999999999969,5.009642473535592,1.915987176421431,3.0936816487439513e+29
79.79999999999968,5.009590719304088,1.9145992976202968,3.0895589931361062e+29
79.89999999999968,5.0095391575300185,1.9132138522380333,3.085446984088186e+29
79.99999999999967,5.009487787285903,1.9118308252719243,3.0813455808326573e+29
80.09999999999967,5.009436607650512,1.910450201767016,3.077254742808789e+29
80.19999999999966,5.009385617708821,1.9090719668153744,3.073174429661353e+29
80.29999999999966,5.009334816551961,1.9076961055553054,3.0691046012393217e+29
80.39999999999965,5.00928420327717,1.9063226031705434,3.065045217594586e+29
80.49999999999964,5.009233776987744,1.9049514448894698,3.060996238980679e+29
80.59999999999964,5.00918353679299,1.9035826159843214,3.0569576258515062e+29
80.69999999999963,5.009133481808177,1.9022161017704313,3.0529293388600928e+29
80.79999999999963,5.009083611154491,1.900851887605389,3.0489113388573323e+29
80.89999999999962,5.009033923958989,1.8994899588883034,3.0449035868907487e+29
80.99999999999962,5.008984419354551,1.898130301058984,3.04090604420327e+29
81.09999999999961,5.008935096479837,1.8967728995971784,3.0369186722320045e+29
81.1999999999996,5.008885954479239,1.895417740021753,3.0329414326070323e+29
81.2999999999996,5.00883699250284,1.8940648078899276,3.0289742871502037e+29
81.3999999999996,5.008788209706369,1.892714088796479,3.0250171978739447e+29
81.49999999999959,5.008739605251153,1.8913655683729271,3.0210701269800747e+29
81.59999999999958,5.00869117830408,1.890019232286781,3.0171330368586298e+29
81.69999999999958,5.0086429280375535,1.8886750662407263,3.0132058900866978e+29
81.79999999999957,5.008594853629451,1.8873330559718458,3.0092886494272595e+29
81.89999999999957,5.00854695426308,1.885993187250779,3.0053812778280393e+29
81.99999999999956,5.008499229127137,1.8846554458809415,3.0014837384203645e+29
82.09999999999955,5.008451677415669,1.8833198176977555,2.9975959945180355e+29
82.19999999999955,5.00840429832803,1.8819862885678174,2.9937180096161973e+29
82.29999999999954,5.008357091068843,1.8806548443881272,2.989849747390227e+29
82.39999999999954,5.008310054847957,1.8793254710852063,2.9859911716946245e+29
82.49999999999953,5.00826318888041,1.8779981546143716,2.982142246561917e+29
82.59999999999953,5.008216492386389,1.8766728809588504,2.9783029362015606e+29
82.69999999999952,5.008169964591193,1.8753496361290538,2.974473204998866e+29
82.79999999999951,5.008123604725191,1.8740284061616648,2.970653017513915e+29
82.89999999999951,5.008077412023788,1.8727091771188815,2.966842338480498e+29
82.9999999999995,5.008031385727383,1.8713919350875545,2.9630411328050524e+29
83.0999999999995,5.007985525081339,1.8700766661784025,2.9592493655656116e+29
83.19999999999949,5.007939829335936,1.8687633565250945,2.9554670020107594e+29
83.29999999999949,5.007894297746345,1.8674519922835389,2.9516940075585955e+29
83.39999999999948,5.007848929572584,1.8661425596309364,2.9479303477957034e+29
83.49999999999947,5.007803724079486,1.8648350447649678,2.9441759884761316e+29
83.59999999999947,5.007758680536663,1.8635294339029898,2.940430895520378e+29
83.69999999999946,5.007713798218471,1.8622257132810958,2.9366950350143828e+29
83.79999999999946,5.007669076403974,1.8609238691533583,2.9329683732085287e+29
83.89999999999945,5.007624514376912,1.859623887790884,2.9292508765166505e+29
83.99999999999945,5.007580111425665,1.8583257554810022,2.9255425115150464e+29
84.09999999999944,5.007535866843221,1.8570294585263405,2.9218432449415047e+29
84.19999999999943,5.007491779927141,1.8557349832439833,2.9181530436943263e+29
84.29999999999943,5.007447849979525,1.8544423159645662,2.914471874831367e+29
84.39999999999942,5.007404076306984,1.853151443031405,2.9107997055690755e+29
84.49999999999942,5.007360458220603,1.8518623507995844,2.9071365032815468e+29
84.59999999999941,5.007316995035911,1.8505750256350555,2.9034822354995768e+29
84.6999999999994,5.007273686072848,1.8492894539137184,2.8998368699097236e+29
84.7999999999994,5.007230530655736,1.8480056220205374,2.8962003743533826e+29
84.8999999999994,5.007187528113246,1.8467235163485687,2.8925727168258577e+29
84.99999999999939,5.007144677778366,1.8454431232980661,2.8889538654754483e+29
85.09999999999938,5.007101978988374,1.8441644292755006,2.8853437886025376e+29
85.19999999999938,5.007059431084807,1.8428874206926866,2.8817424546586875e+29
85.29999999999937,5.007017033413427,1.8416120839657393,2.8781498322457442e+29
85.39999999999937,5.006974785324196,1.8403384055141434,2.8745658901149435e+29
85.49999999999936,5.006932686171247,1.8390663717598026,2.8709905971660308e+29
85.59999999999935,5.006890735312851,1.8377959691260481,2.8674239224463776e+29
85.69999999999935,5.006848932111392,1.836527184036628,2.8638658351501135e+29
85.79999999999934,5.006807275933338,1.8352600029147024,2.8603163046172565e+29
85.89999999999934,5.00676576614921,1.8339944121818772,2.8567753003328555e+29
85.99999999999933,5.00672440213356,1.8327303982571361,2.8532427919261375e+29
86.09999999999933,5.006683183264936,1.8314679475557822,2.8497187491696555e+29
86.19999999999932,5.0066421089258615,1.83020704648849,2.8462031419784515e+29
86.29999999999932,5.006601178502804,1.8289476814601824,2.8426959404092163e+29
86.39999999999931,5.006560391386152,1.8276898388689657,2.8391971146594627e+29
86.4999999999993,5.006519746970186,1.8264335051050966,2.8357066350666992e+29
86.5999999999993,5.006479244653051,1.8251786665497964,2.8322244721076117e+29
86.69999999999929,5.0064388838367355,1.823925309574259,2.8287505963972528e+29
86.79999999999929,5.006398663927041,1.8226734205384756,2.8252849786882296e+29
86.89999999999928,5.006358584333561,1.821422985790119,2.8218275898699092e+29
86.99999999999928,5.006318644469651,1.820173991663407,2.8183784009676175e+29
87.09999999999927,5.006278843752409,1.8189264244779153,2.81493738314185e+29
87.19999999999926,5.006239181602647,1.817680270537421,2.8115045076874882e+29
87.29999999999926,5.006199657444867,1.816435516128754,2.8080797460330205e+29
87.39999999999925,5.006160270707241,1.8151921475205388,2.8046630697397646e+29
87.49999999999925,5.006121020821581,1.8139501509619707,2.801254450501103e+29
87.59999999999924,5.006081907223321,1.8127095126816473,2.797853860141718e+29
87.69999999999924,5.006042929351492,1.8114702188862668,2.7944612706168334e+29
87.79999999999923,5.006004086648695,1.8102322557593564,2.791076654011462e+29
87.89999999999922,5.005965378561086,1.808995609460002,2.7876999825396582e+29
87.99999999999922,5.005926804538347,1.807760266121524,2.7843312285437748e+29
88.09999999999921,5.005888364033665,1.8065262118501817,2.7809703644937273e+29
88.1999999999992,5.005850056503714,1.805293432723825,2.7776173629862587e+29
88.2999999999992,5.005811881408627,1.8040619147904595,2.7742721967442154e+29
88.3999999999992,5.00577383821198,1.8028316440669803,2.7709348386158225e+29
88.49999999999919,5.005735926380767,1.801602606537682,2.7676052615739692e+29
88.59999999999918,5.005698145385381,1.8003747881528498,2.7642834387154928e+29
88.69999999999918,5.005660494699591,1.7991481748273217,2.7609693432604732e+29
88.79999999999917,5.005622973800526,1.7979227524390204,2.757662948551531e+29
88.89999999999917,5.005585582168648,1.796698506827396,2.754364228053129e+29
88.99999999999916,5.005548319287738,1.795475423791979,2.7510731553508767e+29
89.09999999999916,5.00551118464487,1.7942534890907882,2.7477897041508457e+29
89.19999999999915,5.0054741777304,1.793032688438789,2.744513848278882e+29
89.29999999999914,5.005437298037937,1.79181300750629,2.741245561679931e+29
89.39999999999914,5.005400545064331,1.790594431917276,2.7379848184173602e+29
89.49999999999913,5.0053639183096506,1.789376947247792,2.7347315926722888e+29
89.59999999999913,5.005327417277164,1.7881605390242612,2.7314858587429246e+29
89.69999999999912,5.005291041473323,1.7869451927217361,2.728247591043901e+29
89.79999999999912,5.005254790407743,1.7857308937622007,2.7250167641056227e+29
89.89999999999911,5.005218663593183,1.7845176275127452,2.7217933525736114e+29
89.9999999999991,5.005182660545534,1.7833053792838156,2.718577331207858e+29
90.0999999999991,5.005146780783795,1.7820941343273093,2.715368674882183e+29
90.1999999999991,5.0051110238300565,1.7808838778347138,2.7121673585835936e+29
90.29999999999909,5.005075389209488,1.7796745949352604,2.70897335741165e+29
90.39999999999908,5.005039876450317,1.778466270693862,2.7057866465778368e+29
90.49999999999908,5.005004485083812,1.7772588901092363,2.7026072014049335e+29
90.59999999999907,5.004969214644269,1.7760524381118084,2.6994349973263965e+29
90.69999999999906,5.0049340646689915,1.7748468995616555,2.6962700098857378e+29
90.79999999999906,5.004899034698279,1.773642259246431,2.693112214735913e+29
90.89999999999905,5.004864124275408,1.7724385018792388,2.689961587638712e+29
90.99999999999905,5.004829332946617,1.7712356120963402,2.686818104464152e+29
91.09999999999904,5.00479466026109,1.770033574454984,2.6836817411898772e+29
91.19999999999904,5.004760105770944,1.7688323734311544,2.6805524739005608e+29
91.29999999999903,5.004725669031214,1.7676319934172047,2.677430278787311e+29
91.39999999999903,5.0046913495998355,1.766432418719463,2.6743151321470834e+29
91.49999999999902,5.004657147037632,1.7652336335558116,2.6712070103820917e+29
91.59999999999901,5.004623060908299,1.7640356220532034,2.66810588999923e+29
91.69999999999901,5.004589090778395,1.762838368245151,2.6650117476094912e+29
91.799999999999,5.00455523621732,1.76164185606912,2.6619245599273947e+29
91.899999999999,5.0045214967973095,1.7604460693638595,2.6588443037704164e+29
91.99999999999899,5.004487872093415,1.7592509918667238,2.6557709560584206e+29
92.09999999999899,5.004454361683496,1.7580566072108978,2.652704493813099e+29
92.19999999999898,5.004420965148204,1.756862898922552,2.6496448941574083e+29
92.29999999999897,5.004387682070969,1.7556698504179844,2.646592134315018e+29
92.39999999999897,5.00435451203799,1.7544774450005651,2.6435461916097584e+29
92.49999999999896,5.004321454638222,1.7532856658578544,2.6405070434650695e+29
92.59999999999896,5.004288509463363,1.7520944960583578,2.637474667403459e+29
92.69999999999895,5.004255676107841,1.7509039185484214,2.6344490410459588e+29
92.79999999999895,5.004222954168808,1.7497139161490112,2.6314301421115916e+29
92.89999999999894,5.004190343246122,1.7485244715522792,2.6284179484168314e+29
92.99999999999893,5.004157842942339,1.7473355673182949,2.625412437875078e+29
93.09999999999893,5.004125452862704,1.7461471858713986,2.622413588496125e+29
93.19999999999892,5.004093172615137,1.7449593094967784,2.6194213783856408e+29
93.29999999999892,5.004061001810226,1.7437719203366624,2.6164357857446455e+29
93.39999999999891,5.004028940061213,1.7425850003866679,2.613456788868994e+29
93.4999999999989,5.003996986983988,1.741398531491884,2.6104843661488634e+29
93.5999999999989,5.003965142197076,1.7402124953429141,2.607518496068243e+29
93.6999999999989,5.003933405321634,1.7390268734719345,2.6045591572044268e+29
93.79999999999889,5.003901775981432,1.7378416472483509,2.6016063282275088e+29
93.89999999999888,5.0038702538028526,1.7366567978746912,2.598659987899884e+29
93.99999999999888,5.003838838414879,1.7354723063821524,2.595720115075752e+29
94.09999999999887,5.003807529449087,1.7342881536261487,2.592786688700621e+29
94.19999999999887,5.003776326539637,1.7331043202816026,2.589859687810817e+29
94.29999999999886,5.003745229323267,1.7319207868383626,2.586939091532999e+29
94.39999999999885,5.003714237439283,1.7307375335961535,2.584024879083671e+29
94.49999999999885,5.003683350529554,1.7295545406597812,2.5811170297687034e+29
94.59999999999884,5.003652568238505,1.728371787933791,2.5782155229828525e+29
94.69999999999884,5.0036218902131075,1.7271892551173378,2.5753203382092863e+29
94.79999999999883,5.003591316102877,1.726006921698699,2.5724314550191135e+29
94.89999999999883,5.003560845559866,1.724824766949724,2.5695488530709106e+29
94.99999999999882,5.003530478238653,1.7236427699199786,2.56667251211026e+29
95.09999999999881,5.003500213796345,1.7224609094310503,2.563802411969285e+29
95.19999999999881,5.003470051892567,1.7212791640702687,2.5609385325661885e+29
95.2999999999988,5.003439992189459,1.7200975121846078,2.558080853904796e+29
95.3999999999988,5.00341003435167,1.7189159318741216,2.5552293560741033e+29
95.49999999999879,5.003380178046355,1.7177344009854505,2.5523840192478235e+29
95.59999999999879,5.003350422943172,1.716552897104878,2.5495448236839358e+29
95.69999999999878,5.003320768714275,1.7153713975513756,2.546711749724244e+29
95.79999999999878,5.003291215034314,1.714189879369389,2.5438847777939316e+29
95.89999999999877,5.00326176158043,1.7130083193212835,2.541063888401121e+29
95.99999999999876,5.003232408032253,1.7118266938796871,2.5382490621364363e+29
96.09999999999876,5.003203154071901,1.7106449792196505,2.5354402796725694e+29
96.19999999999875,5.003173999383976,1.7094631512103353,2.532637521763847e+29
96.29999999999875,5.003144943655563,1.708281185406674,2.529840769245801e+29
96.39999999999874,5.003115986576231,1.7070990570406086,2.5270500030347458e+29
96.49999999999874,5.003087127838027,1.7059167410121387,2.524265204127349e+29
96.59999999999873,5.003058367135483,1.7047342118800657,2.521486353600213e+29
96.69999999999872,5.00302970416561,1.7035514438523818,2.5187134326094573e+29
96.79999999999872,5.003001138627901,1.7023684107764372,2.5159464223903002e+29
96.89999999999871,5.002972670224332,1.7011850861286175,2.5131853042566474e+29
96.9999999999987,5.002944298659361,1.7000014430039156,2.5104300596006807e+29
97.0999999999987,5.002916023639932,1.6988174541049135,2.50768066989245e+29
97.1999999999987,5.002887844875478,1.6976330917306295,2.504937116679466e+29
97.29999999999869,5.002859762077922,1.696448327764669,2.5021993815863004e+29
97.39999999999868,5.002831774961678,1.6952631336633532,2.499467446314182e+29
97.49999999999868,5.002803883243661,1.6940774804430818,2.496741292640601e+29
97.59999999999867,5.002776086643284,1.692891338667452,2.494020902418912e+29
97.69999999999867,5.002748384882468,1.6917046784339023,2.4913062575779403e+29
97.79999999999866,5.002720777685642,1.690517469359817,2.488597340121594e+29
97.89999999999866,5.002693264779756,1.6893296805681852,2.4858941321284724e+29
97.99999999999865,5.002665845894281,1.688141280672712,2.4831966157514826e+29
98.09999999999864,5.002638520761219,1.6869522377624007,2.4805047732174534e+29
98.19999999999864,5.002611289115109,1.6857625193854961,2.4778185868267563e+29
98.29999999999863,5.0025841506930355,1.684572092533002,2.4751380389529264e+29
98.39999999999863,5.002557105234639,1.6833809236213502,2.4724631120422853e+29
98.49999999999862,5.002530152482124,1.682188978474621,2.4697937886135674e+29
98.59999999999862,5.0025032921802675,1.6809962223058945,2.4671300512575464e+29
98.69999999999861,5.0024765240764335,1.6798026196980884,2.4644718826366692e+29
98.7999999999986,5.002449847920583,1.678608134583893,2.4618192654846854e+29
98.8999999999986,5.002423263465285,1.6774127302249286,2.4591721826062837e+29
98.9999999999986,5.002396770465733,1.6762163691901557,2.4565306168767286e+29
99.09999999999859,5.002370368679754,1.6750190133333451,2.4538945512415003e+29
99.19999999999858,5.002344057867828,1.67382062376964,2.4512639687159356e+29
99.29999999999858,5.002317837793101,1.6726211608513206,2.4486388523848726e+29
99.39999999999857,5.002291708221405,1.6714205841422873,2.4460191854022962e+29
99.49999999999856,5.00226566892127,1.670218852391723,2.4434049509909854e+29
99.59999999999856,5.002239719663948,1.6690159235065234,2.4407961324421654e+29
99.69999999999855,5.00221386022343,1.6678117545225508,2.4381927131151584e+29
99.79999999999855,5.002188090376466,1.6666063015748553,2.4355946764370387e+29
99.89999999999854,5.0021624099025885,1.6653995198662659,2.4330020059022896e+29
99.99999999999854,5.002136818584136,1.6641913636349308,2.4304146850724617e+29
100.09999999999853,5.002111316206273,1.662981786120202,2.427832697575834e+29
100.19999999999852,5.002085902557021,1.6617707395271912,2.4252560271070757e+29
100.29999999999852,5.002060577427281,1.6605581749894993,2.422684657426912e+29
100.39999999999851,5.002035340610864,1.6593440425305246,2.4201185723617925e+29
100.49999999999851,5.002010191904518,1.6581282910227109,2.4175577558035554e+29
100.5999999999985,5.001985131107962,1.6569108681451301,2.4150021917091034e+29
100.6999999999985,5.001960158023916,1.6556917203389565,2.4124518641000736e+29
100.79999999999849,5.0019352724581365,1.6544707927608326,2.4099067570625146e+29
100.89999999999849,5.001910474219452,1.6532480292340472,2.40736685474656e+29
100.99999999999848,5.0018857631198,1.6520233721973008,2.4048321413661106e+29
101.09999999999847,5.001861138974267,1.650796762650911,2.402302601198512e+29
101.19999999999847,5.00183660160113,1.6495681401005606,2.3997782185842402e+29
101.29999999999846,5.001812150821899,1.6483374424979012,2.3972589779265835e+29
101.39999999999846,5.001787786461366,1.647104606178482,2.39474486369133e+29
101.49999999999845,5.001763508347647,1.6458695657962423,2.3922358604064555e+29
101.59999999999845,5.001739316312238,1.6446322542546659,2.3897319526618146e+29
101.69999999999844,5.001715210190064,1.6433926026343704,2.3872331251088313e+29
101.79999999999843,5.001691189819536,1.6421505401168495,2.3847393624601924e+29
101.89999999999843,5.001667255042609,1.6409059939040609,2.3822506494895453e+29
101.99999999999842,5.001643405704841,1.63965888913362,2.3797669710311934e+29
102.09999999999842,5.001619641655461,1.6384091487893886,2.377288311979796e+29
102.19999999999841,5.001595962747433,1.6371566936069946,2.3748146572900688e+29
102.2999999999984,5.001572368837527,1.6359014419740596,2.372345991976488e+29
102.3999999999984,5.001548859786396,1.6346433098247592,2.3698823011129933e+29
102.4999999999984,5.0015254354586505,1.633382210528006,2.367423569832694e+29
102.59999999999839,5.001502095722942,1.632118054769469,2.364969783327579e+29
102.69999999999838,5.001478840452052,1.630850750426275,2.3625209268482246e+29
102.79999999999838,5.0014556695229775,1.6295802024340929,2.3600769857035067e+29
102.89999999999837,5.001432582817034,1.6283063126463972,2.3576379452603135e+29
102.99999999999837,5.001409580219949,1.6270289796845663,2.3552037909432614e+29
103.09999999999836,5.001386661621973,1.6257480987789292,2.3527745082344103e+29
103.19999999999835,5.0013638269179905,1.6244635615994376,2.3503500826729816e+29
103.29999999999835,5.001341076007637,1.623175256075418,2.347930499855079e+29
103.39999999999834,5.0013184087954246,1.6218830662035024,2.34551574543341e+29
103.49999999999834,5.0012958251908755,1.6205868718426952,2.343105805117008e+29
103.59999999999833,5.001273325108657,1.619286548495483,2.340700664670958e+29
103.69999999999833,5.001250908468731,1.6179819670740898,2.3383003099161224e+29
103.79999999999832,5.001228575196511,1.6166729936502093,2.335904726728869e+29
103.89999999999831,5.001206325223024,1.6153594891870555,2.3335139010407993e+29
103.99999999999831,5.001184158485087,1.6140413092519736,2.331127818838483e+29
104.0999999999983,5.001162074925489,1.612718303708143,2.3287464661631867e+29
104.1999999999983,5.001140074493191,1.6113903163830876,2.326369829110611e+29
104.29999999999829,5.001118157143531,1.6100571847122291,2.323997893830624e+29
104.39999999999829,5.001096322838449,1.608718739354839,2.3216306465270007e+29
104.49999999999828,5.001074571546717,1.6073748037797342,2.3192680734571608e+29
104.59999999999827,5.001052903244194,1.6060251938181294,2.3169101609319078e+29
104.69999999999827,5.001031317914091,1.604669717179781,2.3145568953151736e+29
104.79999999999826,5.001009815547256,1.6033081729292422,2.3122082630237593e+29
104.89999999999826,5.000988396142479,1.6019403509177679,2.3098642505270813e+29
104.99999999999825,5.000967059706814,1.6005660311662055,2.307524844346917e+29
105.09999999999825,5.0009458062559276,1.5991849831938865,2.3051900310571536e+29
105.19999999999824,5.000924635814474,1.5977969652873367,2.3028597972835354e+29
105.29999999999824,5.000903548416493,1.596401723701976,2.300534129703417e+29
105.39999999999823,5.000882544105835,1.5949989917894034,2.2982130150455125e+29
105.49999999999822,5.000861622936628,1.5935884890414949,2.295896440089651e+29
105.59999999999822,5.0008407849737715,1.5921699200413004,2.2935843916665313e+29
105.69999999999821,5.000820030293471,1.5907429733093652,2.2912768566574768e+29
105.7999999999982,5.00079935898382,1.5893073200327685,2.288973821994196e+29
105.8999999999982,5.000778771145424,1.5878626126611326,2.2866752746585382e+29
105.9999999999982,5.000758266892079,1.586408483353063,2.2843812016822573e+29
106.09999999999819,5.00073784635151,1.584944542252474,2.28209159014677e+29
106.19999999999818,5.00071750966617,1.58347037557147,2.279806427182923e+29
106.29999999999818,5.0006972569941155,1.5819855434525554,2.2775256999707545e+29
106.39999999999817,5.000677088509961,1.5804895775782557,2.275249395739262e+29
106.49999999999817,5.000657004405921,1.5789819784907329,2.2729775017661673e+29
106.59999999999816,5.000637004892959,1.5774622125765185,2.2707100053776884e+29
106.69999999999816,5.000617090202046,1.575929708664568,2.268446893948306e+29
106.79999999999815,5.000597260585548,1.5743838541737754,2.2661881549005374e+29
106.89999999999814,5.000577516318767,1.5728239907362647,2.2639337757047066e+29
106.99999999999814,5.000557857701644,1.571249409204582,2.2616837438787197e+29
107.09999999999813,5.000538285060649,1.5696593439340811,2.25943804698784e+29
107.19999999999813,5.000518798750902,1.5680529662072304,2.2571966726444626e+29
107.29999999999812,5.000499399158543,1.566429376635993,2.2549596085078944e+29
107.39999999999812,5.000480086703386,1.5647875963405429,2.252726842284131e+29
107.49999999999811,5.000460861841934,1.5631265566548156,2.250498361725638e+29
107.5999999999981,5.000441725070781,1.5614450870440197,2.2482741546311316e+29
107.6999999999981,5.000422676930489,1.5597419008388518,2.2460542088453607e+29
107.7999999999981,5.000403718010034,1.558015578282638,2.243838512258893e+29
107.89999999999809,5.00038484895191,1.556264546242515,2.241627052807897e+29
107.99999999999808,5.000366070458043,1.5544870537433206,2.23941981847393e+29
108.09999999999808,5.000347383296679,1.5526811422186237,2.237216797283725e+29
108.19999999999807,5.000328788310467,1.550844609007884,2.2350179773089808e+29
108.29999999999806,5.000310286426006,1.5489749621196838,2.2328233466661475e+29
108.39999999999806,5.000291878665235,1.5470693635510981,2.2306328935162225e+29
108.49999999999805,5.000273566159132,1.5451245573992836,2.2284466060645403e+29
108.59999999999805,5.000255350164384,1.5431367774381044,2.2262644725605656e+29
108.69999999999804,5.000237232083883,1.541101626469172,2.2240864812976875e+29
108.79999999999804,5.000219213492295,1.5390139160908478,2.2219126206130168e+29
108.89999999999803,5.000201296168421,1.5368674496778292,2.2197428788871806e+29
108.99999999999802,5.000183482136877,1.5346547217234099,2.217577244544121e+29
109.09999999999802,5.000165773722884,1.5323664902093372,2.215415706050896e+29
109.19999999999801,5.000148173626016,1.5299911492222722,2.213258251917475e+29
109.29999999999801,5.000130685022329,1.5275137736807238,2.211104870696546e+29
109.399999999998,5.000113311710786,1.5249145973599467,2.2089555509833113e+29
109.499999999998,5.00009605833246,1.522166446659707,2.2068102814152974e+29
109.59999999999799,5.000078930717376,1.5192300856460177,2.204669050672154e+29
109.69999999999798,5.000061936475519,1.51604490037915,2.2025318474754634e+29
109.79999999999798,5.000045086115121,1.5125074421308893,2.200398660588545e+29
109.89999999999797,5.000028395532111,1.5084096873569535,2.1982694788162642e+29
109.99999999999797,5.000011893519458,1.5031640987492387,2.1961442910048402e+29
110.09999999999796,5.0,1.4953487812212205,2.191905852855071e+29
