Time,Mass,Radius,Lx
23.0,53.47334005120631,8.74,1.16e+30
33.0,53.46981037916567,8.739634862321182,2.3427030532489045e+29
43.0,53.46885079051255,8.73953559321947,7.2499999999999656e+28
53.0,53.46832609379921,8.739481313256258,6.67697068786055e+28
63.0,53.46783621684897,8.73943063522689,6.237638112995353e+28
73.0,53.46737377575525,8.739382795294983,5.886063504090086e+28
83.0,53.46693374222584,8.739337273303995,5.595893061253432e+28
93.0,53.46651249939319,8.739293695104049,5.350748619773613e+28
103.0,53.46610733702045,8.73925178033278,5.139827327431443e+28
113.0,53.465716158689816,8.739211312125015,4.955667590194822e+28
123.0,53.46533730105094,8.739172118414702,4.7929224574142715e+28
133.0,53.464969416621464,8.739134059811043,4.647643322956788e+28
143.0,53.464611394701855,8.739097021417452,4.516840233460196e+28
153.0,53.46426230621571,8.739060907125484,4.398200618641769e+28
163.0,53.463921364150444,8.739025635522596,4.289903005718226e+28
173.0,53.46358789450239,8.738991136886515,4.190489929305206e+28
183.0,53.46326131449282,8.73895735093179,4.098778976291621e+28
193.0,53.46294111593884,8.73892422508957,4.013799114370977e+28
203.0,53.46262685235621,8.738891713173446,3.9347442109454176e+28
213.0,53.46231812881471,8.738859774330042,3.860938502447825e+28
223.0,53.462014593857354,8.738828372203072,3.7918105373096156e+28
233.0,53.46171593299021,8.738797474259908,3.726873234709668e+28
243.0,53.461421863383464,8.738767051243421,3.665708428371716e+28
253.0,53.461132129518006,8.738737076721637,3.607954747417378e+28
263.0,53.460846499578246,8.738707526714599,3.5532980130242813e+28
273.0,53.46056476243982,8.73867837938275,3.50146355471207e+28
283.0,53.460286725136015,8.738649614764848,3.452210007624337e+28
293.0,53.46001221071255,8.738621214556058,3.405324264084414e+28
303.0,53.45974105640014,8.73859316191891,3.360617333278653e+28
313.0,53.459473112048805,8.73856544132133,3.3179209216645105e+28
323.0,53.459208238779276,8.73853803839714,3.2770845900258236e+28
333.0,53.45894630781567,8.738510939825309,3.237973375396131e+28
343.0,53.45868719947038,8.738484133224933,3.2004657903911368e+28
353.0,53.458430802257446,8.738457607063522,3.1644521309760387e+28
363.0,53.45817701211499,8.73843135057657,3.129833037865973e+28
373.0,53.45792573172073,8.738405353696747,3.096518267713702e+28
383.0,53.45767686988715,8.738379606991321,3.0644256387733673e+28
393.0,53.45743034102531,8.738354101606708,3.0334801224262046e+28
403.0,53.45718606466787,8.738328829219123,3.003613057245211e+28
413.0,53.45694396504363,8.738303781990567,2.9747614664832494e+28
423.0,53.45670397069672,8.738278952529438,2.9468674632353572e+28
433.0,53.456466014145,8.738254333855194,2.919877730234935e+28
443.0,53.456230031572694,8.738229919366553,2.8937430634355156e+28
453.0,53.455995962553196,8.738205702812827,2.868417970312747e+28
463.0,53.45576374979847,8.73818167826799,2.8438603152787913e+28
473.0,53.45553333893197,8.738157840107194,2.820031005798464e+28
483.0,53.45530467828244,8.738134182985435,2.7968937137841904e+28
493.0,53.45507771869625,8.738110701818144,2.774414627665359e+28
503.0,53.454852413366325,8.738087391763488,2.752562231208676e+28
513.0,53.45462871767581,8.738064248206195,2.7313071057350897e+28
523.0,53.45440658905501,8.738041266742762,2.7106217528558943e+28
533.0,53.45418598685024,8.738018443167887,2.6904804352521417e+28
543.0,53.45396687220333,8.737995773461996,2.67085903336056e+28
553.0,53.45374920794083,8.737973253779796,2.651734916116484e+28
563.0,53.45353295847188,8.737950880439694,2.633086824148555e+28
573.0,53.45331808969402,8.73792864991407,2.6148947640282056e+28
583.0,53.4531045689061,8.737906558820256,2.5971399123550667e+28
593.0,53.452892364727724,8.737884603912208,2.579804528612211e+28
603.0,53.45268144702459,8.737862782072783,2.562871875856538e+28
613.0,53.4524717868392,8.73784109030657,2.546326148422924e+28
623.0,53.45226335632652,8.737819525733233,2.5301524059187298e+28
633.0,53.4520561286941,8.737798085581323,2.514336512870162e+28
643.0,53.451850078146336,8.7377767671825,2.4988650834557914e+28
653.0,53.451645179832475,8.737755567966172,2.483725430826725e+28
663.0,53.45144140979811,8.737734485454459,2.468905520569065e+28
673.0,53.45123874493984,8.737713517257516,2.4543939279132843e+28
683.0,53.4510371629629,8.737692661069149,2.4401797983381747e+28
693.0,53.4508366423414,8.737671914662691,2.426252811254773e+28
703.0,53.45063716228118,8.73765127588717,2.4126031464889013e+28
713.0,53.45043870268487,8.737630742663699,2.3992214533102723e+28
723.0,53.45024124411912,8.737610312982065,2.3860988217819878e+28
733.0,53.45004476778381,8.737589984897573,2.373226756227171e+28
743.0,53.44984925548305,8.73756975652802,2.3605971506297924e+28
753.0,53.449654689597956,8.737549626050894,2.3482022658047735e+28
763.0,53.449461053060894,8.737529591700708,2.3360347081885083e+28
773.0,53.449268329331275,8.73750965176649,2.3240874101152354e+28
783.0,53.449076502372684,8.737489804589424,2.3123536114574493e+28
793.0,53.44888555663128,8.737470048560612,2.3008268425199442e+28
803.0,53.448695477015384,8.737450382118961,2.2895009080872805e+28
813.0,53.448506248876164,8.73743080374919,2.278369872533633e+28
823.0,53.44831785798938,8.737411311979935,2.2674280459121607e+28
833.0,53.44813029053806,8.737391905381966,2.2566699709484417e+28
843.0,53.4479435330961,8.737372582566481,2.2460904108691563e+28
853.0,53.44775757261273,8.737353342183505,2.235684338003178e+28
863.0,53.447572396397725,8.73733418292036,2.2254469230976435e+28
873.0,53.4473879921074,8.737315103500213,2.215373525296453e+28
883.0,53.447204347731315,8.7372961026807,2.2054596827330717e+28
893.0,53.44702145157956,8.737277179252619,2.1957011036934802e+28
903.0,53.44683929227077,8.73725833203868,2.186093658308793e+28
913.0,53.44665785872061,8.737239559892323,2.176633370740296e+28
923.0,53.446477140130916,8.737220861696583,2.1673164118227085e+28
933.0,53.44629712597923,8.73720223636302,2.1581390921341367e+28
943.0,53.44611780600893,8.737183682830693,2.1490978554637155e+28
953.0,53.44593917021976,8.737165200065178,2.1401892726501584e+28
963.0,53.445761208858784,8.73714678705763,2.1314100357665105e+28
973.0,53.4455839124118,8.737128442823911,2.1227569526282925e+28
983.0,53.44540727159508,8.73711016640371,2.1142269416039238e+28
993.0,53.445231277347524,8.737091956859752,2.1058170267079075e+28
1003.0,53.44505601553349,8.7370738230764,2.090081135351165e+28
1013.0,53.44488279073774,8.737055900035411,2.057564507998924e+28
1023.0,53.44471202102101,8.737038230993083,2.0258657787155107e+28
1033.0,53.44454364800141,8.737020809909694,1.9949566780668547e+28
1043.0,53.44437761523471,8.73700363094597,1.9648101746444167e+28
1053.0,53.44421386813215,8.736986688454579,1.9354004096365916e+28
1063.0,53.44405235388251,8.736969976972066,1.90670263543932e+28
1073.0,53.4438930213781,8.736953491211205,1.8786931580213176e+28
1083.0,53.44373582114452,8.73693722605373,1.851349282781836e+28
1093.0,53.443580705273945,8.736921176543428,1.824649263659377e+28
1103.0,53.44342762736171,8.736905337879591,1.7985722552685233e+28
1113.0,53.443276542445986,8.73688970541077,1.7730982678592005e+28
1123.0,53.44312740695043,8.736874274628832,1.748208124908331e+28
1133.0,53.44298017862959,8.736859041163333,1.723883423168225e+28
1143.0,53.44283481651691,8.736844000776124,1.700106495009184e+28
1153.0,53.44269128087521,8.736829149356236,1.6768603729058693e+28
1163.0,53.44254953314951,8.736814482914992,1.6541287559280541e+28
1173.0,53.442409535922025,8.736799997581363,1.6318959781065499e+28
1183.0,53.44227125286925,8.736785689597518,1.6101469785544454e+28
1193.0,53.44213464872102,8.736771555314597,1.588867273232399e+28
1203.0,53.441999689221454,8.736757591188663,1.5680429282546348e+28
1213.0,53.44186634109157,8.736743793776844,1.5476605346395964e+28
1223.0,53.44173457199369,8.73673015973364,1.5277071844159233e+28
1233.0,53.44160435049735,8.736716685807403,1.5081704480006252e+28
1243.0,53.4414756460467,8.736703368836974,1.4890383527720523e+28
1253.0,53.44134842892938,8.736690205748438,1.4702993627655415e+28
1263.0,53.441222670246724,8.736677193552069,1.4519423594245204e+28
1273.0,53.44109834188519,8.736664329339355,1.433956623344352e+28
1283.0,53.44097541648909,8.736651610280193,1.41633181695041e+28
1293.0,53.44085386743443,8.736639033620165,1.3990579680557288e+28
1303.0,53.44073366880382,8.736626596677958,1.3821254542471741e+28
1313.0,53.44061479536253,8.736614296842877,1.3655249880524102e+28
1323.0,53.44049722253537,8.736602131572464,1.3492476028430196e+28
1333.0,53.4403809263847,8.73659009839021,1.333284639432007e+28
1343.0,53.440265883589184,8.736578194883366,1.3176277333265775e+28
1353.0,53.440152071423526,8.736566418700846,1.3022688025995552e+28
1363.0,53.440039467738906,8.736554767551198,1.2872000363451093e+28
1373.0,53.43992805094427,8.736543239200676,1.272413883686598e+28
1383.0,53.43981779998835,8.736531831471375,1.257903043306326e+28
1393.0,53.43970869434235,8.73652054223944,1.2436604534688825e+28
1403.0,53.43960071398335,8.736509369433348,1.2296792825114366e+28
1413.0,53.43949383937834,8.736498311032266,1.2159529197759997e+28
1423.0,53.439388051468846,8.736487365064441,1.2024749669601522e+28
1433.0,53.43928333165616,8.7364765296057,1.1892392298641452e+28
1443.0,53.43917966178714,8.73646580277795,1.1762397105136008e+28
1453.0,53.43907702414053,8.736455182747788,1.1634705996382474e+28
1463.0,53.438975401413764,8.73644466772512,1.1509262694882854e+28
1473.0,53.43887477671033,8.736434255961864,1.1386012669710393e+28
1483.0,53.43877513352752,8.736423945750678,1.1264903070915544e+28
1493.0,53.438676455744705,8.736413735423742,1.114588266681745e+28
1503.0,53.43857872761196,8.736403623351595,1.102890178403556e+28
1513.0,53.43848193373915,8.736393607941991,1.0913912250124469e+28
1523.0,53.438386059085396,8.736383687638819,1.0800867338682597e+28
1533.0,53.438291088948915,8.73637386092105,1.0689721716812628e+28
1543.0,53.438197008957225,8.73636412630172,1.058043139481841e+28
1553.0,53.43810380505767,8.736354482326954,1.0472953678029298e+28
1563.0,53.43801146350831,8.73634492757502,1.036724712064904e+28
1573.0,53.43791997086911,8.736335460655424,1.0263271481531739e+28
1583.0,53.437829313993426,8.736326080208018,1.0160987681792809e+28
1593.0,53.437739480019815,8.736316784902165,1.0060357764167797e+28
1603.0,53.43765045636407,8.73630757343591,9.961344854036515e+27
1613.0,53.437562230711585,8.736298444535183,9.863913122034388e+27
1623.0,53.437474791009926,8.736289396953046,9.768027748177005e+27
1633.0,53.43738812546169,8.736280429468936,9.67365488742779e+27
1643.0,53.43730222251756,8.736271540887964,9.580761636642259e+27
1653.0,53.43721707086965,8.736262730040213,9.489316002825918e+27
1663.0,53.437132659445,8.736253995780073,9.399286872645987e+27
1673.0,53.43704897739932,8.736245336985592,9.310643983140233e+27
1683.0,53.43696601411096,8.736236752557847,9.223357893569133e+27
1693.0,53.436883759175,8.736228241420342,9.137399958360179e+27
1703.0,53.43680220239761,8.736219802518416,9.05274230109589e+27
1713.0,53.43672133379055,8.736211434818683,8.96935778949935e+27
1723.0,53.43664114356586,8.736203137308468,8.887220011373481e+27
1733.0,53.436561622130675,8.73619490899529,8.806303251452434e+27
1743.0,53.43648276008227,8.736186748906333,8.726582469125438e+27
1753.0,53.43640454820321,8.736178656087949,8.648033276995488e+27
1763.0,53.43632697745665,8.73617062960518,8.570631920237025e+27
1773.0,53.43625003898184,8.73616266854128,8.49435525671848e+27
1783.0,53.43617372408967,8.736154771997263,8.419180737857249e+27
1793.0,53.436098024258435,8.736146939091464,8.345086390176169e+27
1803.0,53.43602293112968,8.736139168959102,8.272050797532034e+27
1813.0,53.4359484365042,8.736131460751878,8.200053083988135e+27
1823.0,53.43587453233814,8.73612381363756,8.129072897304038e+27
1833.0,53.43580121073922,8.736116226799599,8.059090393017164e+27
1843.0,53.43572846396306,8.73610869943675,7.990086219091827e+27
1853.0,53.435656284409625,8.7361012307627,7.922041501112572e+27
1863.0,53.43558466461978,8.736093820005708,7.854937827999701e+27
1873.0,53.435513597271935,8.736086466408272,7.788757238225886e+27
1883.0,53.43544307517879,8.736079169226777,7.723482206513706e+27
1893.0,53.43537309128416,8.736071927731176,7.659095630994922e+27
1903.0,53.435303638659924,8.73606474120467,7.595580820813075e+27
1913.0,53.435234710503025,8.736057608943398,7.532921484151906e+27
1923.0,53.435166300132586,8.736050530256142,7.471101716672822e+27
1933.0,53.43509840098708,8.73604350446403,7.410105990345382e+27
1943.0,53.43503100662159,8.736036530900254,7.349919142655515e+27
1953.0,53.43496411070518,8.7360296089098,7.290526366176811e+27
1963.0,53.434897707018266,8.736022737849172,7.231913198490886e+27
1973.0,53.43483178945012,8.736015917086139,7.174065512443448e+27
1983.0,53.43476635199643,8.736009145999475,7.116969506723222e+27
1993.0,53.4347013887569,8.73600242397872,7.060611696751503e+27
2003.0,53.43463689393296,8.735995750423937,7.004978905870561e+27
2013.0,53.43457286182551,8.73598912474548,6.9500582568197e+27
2023.0,53.4345092868327,8.735982546363763,6.895837163488174e+27
2033.0,53.434446163447845,8.735976014709049,6.842303322934677e+27
2043.0,53.4343834862573,8.735969529221222,6.78944470766351e+27
2053.0,53.43432124993849,8.735963089349593,6.737249558147974e+27
2063.0,53.43425944925791,8.735956694552684,6.685706375591914e+27
2073.0,53.434198079069205,8.735950344298038,6.634803914920715e+27
2083.0,53.43413713431134,8.735944038062021,6.584531177993409e+27
2093.0,53.434076610006755,8.735937775329637,6.534877407027916e+27
2103.0,53.434016501259606,8.735931555594341,6.485832078231711e+27
2113.0,53.43395680325404,8.735925378357873,6.437384895630586e+27
2123.0,53.433897511252525,8.735919243130066,6.389525785088442e+27
2133.0,53.43383862059419,8.735913149428688,6.342244888511314e+27
2143.0,53.433780126693264,8.735907096779279,6.295532558229129e+27
2153.0,53.4337220250375,8.735901084714984,6.24937935154897e+27
2163.0,53.43366431118666,8.735895112776397,6.203776025473794e+27
2173.0,53.43360698077106,8.735889180511414,6.158713531580889e+27
2183.0,53.4335500294901,8.735883287475074,6.114183011054509e+27
2193.0,53.433493453110884,8.735877433229428,6.070175789867359e+27
2203.0,53.433437247466834,8.735871617343381,6.026683374105825e+27
2213.0,53.43338140845638,8.735865839392567,5.983697445434027e+27
2223.0,53.43332593204162,8.735860098959208,5.941209856691981e+27
2233.0,53.43327081424708,8.73585439563198,5.899212627623287e+27
2243.0,53.433216051158475,8.7358487290059,5.857697940728021e+27
2253.0,53.433161638921476,8.735843098682176,5.816658137236578e+27
2263.0,53.43310757374054,8.735837504268105,5.776085713200457e+27
2273.0,53.43305385187777,8.735831945376948,5.735973315696062e+27
2283.0,53.43300046965178,8.735826421627808,5.696313739137784e+27
2293.0,53.432947423436595,8.735820932645527,5.65709992169678e+27
2303.0,53.43289470966057,8.735815478060564,5.618324941821917e+27
2313.0,53.432842324805385,8.735810057508898,5.579982014859597e+27
2323.0,53.43279026540497,8.735804670631909,5.5420644897692e+27
2333.0,53.43273852804453,8.735799317076285,5.504565845931068e+27
2343.0,53.43268710935959,8.735793996493925,5.467479690044014e+27
2353.0,53.43263600603501,8.735788708541822,5.430799753109507e+27
2363.0,53.43258521480407,8.735783452881986,5.394519887499714e+27
2373.0,53.43253473244756,8.73577822918134,5.358634064106775e+27
2383.0,53.43248455579288,8.735773037111633,5.323136369570685e+27
2393.0,53.43243468171321,8.735767876349344,5.288021003583316e+27
2403.0,53.43238510712662,8.7357627465756,5.253282276266181e+27
2413.0,53.43233582899526,8.73575764747609,5.218914605619628e+27
2423.0,53.43228684432454,8.735752578740975,5.184912515041214e+27
2433.0,53.43223815016235,8.735747540064816,5.151270630911126e+27
2443.0,53.432189743598286,8.735742531146482,5.117983680242569e+27
2453.0,53.43214162176288,8.735737551689084,5.085046488395105e+27
2463.0,53.43209378182687,8.73573260139989,5.052453976849009e+27
2473.0,53.43204622100047,8.735727679990253,5.020201161038791e+27
2483.0,53.431998936532665,8.735722787175536,4.98828314824405e+27
2493.0,53.43195192571053,8.735717922675045,4.956695135535962e+27
2503.0,53.43190518585852,8.73571308621195,4.925432407777659e+27
2513.0,53.43185871433784,8.735708277513226,4.8944903356769395e+27
2523.0,53.4318125085458,8.735703496309583,4.863864373889693e+27
2533.0,53.431766565915126,8.735698742335396,4.833550059172542e+27
2543.0,53.431720883913414,8.735694015328646,4.803543008583241e+27
2553.0,53.43167546004247,8.735689315030855,4.773838917727393e+27
2563.0,53.431630291837735,8.735684641187023,4.7444335590501514e+27
2573.0,53.431585376867694,8.73567999354557,4.7153227801715404e+27
2583.0,53.43154071273332,8.73567537185828,4.686502502264155e+27
2593.0,53.43149629706751,8.735670775880234,4.657968718471975e+27
2603.0,53.431452127534534,8.735666205369764,4.629717492369114e+27
2613.0,53.43140820182949,8.73566166008839,4.601744956457332e+27
2623.0,53.43136451767782,8.73565713980077,4.574047310701211e+27
2633.0,53.43132107283475,8.735652644274644,4.546620821099889e+27
2643.0,53.43127786508481,8.735648173280788,4.51946181829432e+27
2653.0,53.43123489224135,8.735643726592954,4.4925666962090457e+27
2663.0,53.431192152146046,8.73563930398783,4.4659319107274855e+27
2673.0,53.43114964266843,8.735634905244979,4.439553978399809e+27
2683.0,53.431107361705436,8.735630530146805,4.4134294751824675e+27
2693.0,53.43106530718093,8.7356261784785,4.3875550352084826e+27
2703.0,53.43102347704528,8.73562185002799,4.361927349587651e+27
2713.0,53.430981869274916,8.735617544585903,4.3365431652358174e+27
2723.0,53.43094048187191,8.735613261945522,4.3113992837324027e+27
2733.0,53.430899312863545,8.735609001902736,4.28649256020542e+27
2743.0,53.430858360301926,8.735604764256,4.2618199022432046e+27
2753.0,53.430817622263554,8.735600548806294,4.2373782688321333e+27
2763.0,53.430777096848956,8.735596355357087,4.213164669319616e+27
2773.0,53.43073678218229,8.735592183714289,4.1891761624016685e+27
2783.0,53.430696676410946,8.735588033686218,4.165409855134403e+27
2793.0,53.430656777705224,8.735583905083557,4.1418629019687787e+27
2803.0,53.430617084257925,8.73557979771932,4.118532503807997e+27
2813.0,53.43057759428401,8.735575711408815,4.095415907086919e+27
2823.0,53.43053830602026,8.735571645969607,4.072510402872924e+27
2833.0,53.43049921772492,8.735567601221478,4.0498133259876243e+27
2843.0,53.43046032767737,8.735563576986403,4.0273220541488994e+27
2853.0,53.43042163417779,8.735559573088501,4.0050340071326904e+27
2863.0,53.43038313554684,8.73555558935402,3.982946645954044e+27
2873.0,53.43034483012535,8.735551625611285,3.961057472066896e+27
2883.0,53.430306716273996,8.735547681690681,3.939364026582101e+27
2893.0,53.43026879237299,8.735543757424614,3.917863889503228e+27
2903.0,53.43023105682181,8.735539852647477,3.896554678979668e+27
2913.0,53.43019350803887,8.73553596719563,3.8754340505765916e+27
2923.0,53.43015614446124,8.73553210090736,3.8544996965613276e+27
2933.0,53.4301189645444,8.735528253622856,3.8337493452057357e+27
2943.0,53.4300819667619,8.735524425184183,3.8131807601041674e+27
2953.0,53.43004514960513,8.735520615435243,3.792791739506602e+27
2963.0,53.43000851158305,8.735516824221767,3.7725801156665846e+27
2973.0,53.4299720512219,8.735513051391264,3.7525437542035844e+27
2983.0,53.42993576706498,8.735509296793012,3.732680553479397e+27
2993.0,53.429899657672365,8.735505560278026,3.7129884439882546e+27
3003.0,53.42986372162066,8.73550184169903,3.6934653877602815e+27
3013.0,53.42982795750279,8.735498140910433,3.674109377777966e+27
3023.0,53.429792363927696,8.735494457768308,3.654918437405324e+27
3033.0,53.42975693952016,8.735490792130364,3.635890619829437e+27
3043.0,53.42972168292055,8.73548714385592,3.617024007514053e+27
3053.0,53.42968659278459,8.735483512805887,3.5983167116649533e+27
3063.0,53.42965166778314,8.735479898842739,3.5797668717067947e+27
3073.0,53.42961690660197,8.735476301830497,3.5613726547711475e+27
3083.0,53.429582307941565,8.735472721634698,3.5431322551954445e+27
3093.0,53.42954787051689,8.735469158122388,3.5250438940325866e+27
3103.0,53.429513593057194,8.73546561116208,3.507105818570932e+27
3113.0,53.42947947430579,8.735462080623746,3.489316301864428e+27
3123.0,53.4294455130199,8.735458566378798,3.471673642272632e+27
3133.0,53.429411707970395,8.73545506830006,3.454176163010385e+27
3143.0,53.42937805794165,8.735451586261753,3.4368222117069026e+27
3153.0,53.42934456173132,8.735448120139472,3.4196101599740676e+27
3163.0,53.42931121815019,8.735444669810168,3.402538402983684e+27
3173.0,53.429278026021954,8.735441235152132,3.3856053590535004e+27
3183.0,53.42924498418305,8.735437816044971,3.368809469241778e+27
3193.0,53.42921209148249,8.735434412369594,3.352149196950212e+27
3203.0,53.42917934678167,8.73543102400819,3.335623027534996e+27
3213.0,53.42914674895422,8.735427650844214,3.3192294679258525e+27
3223.0,53.42911429688579,8.735424292762369,3.302967046252831e+27
3233.0,53.429081989473964,8.735420949648583,3.2868343114806943e+27
3243.0,53.429049825628,8.735417621390004,3.2708298330507214e+27
3253.0,53.429017804268746,8.735414307874969,3.2549522005297456e+27
3263.0,53.428985924328444,8.735411008992997,3.239200023266266e+27
3273.0,53.428954184750594,8.735407724634777,3.223571930053467e+27
3283.0,53.42892258448978,8.73540445469214,3.208066568798985e+27
3293.0,53.428891122511544,8.735401199058048,3.192682606201272e+27
3303.0,53.42885979779222,8.735397957626585,3.177418727432395e+27
3313.0,53.4288286093188,8.735394730292935,3.1622736358271376e+27
3323.0,53.42879755608878,8.73539151695337,3.147246052578246e+27
3333.0,53.42876663711004,8.735388317505235,3.1323347164376943e+27
3343.0,53.428735851400674,8.735385131846936,3.117538383423817e+27
3353.0,53.4287051979889,8.73538195987792,3.102855826534189e+27
3363.0,53.42867467591287,8.735378801498666,3.0882858354641207e+27
3373.0,53.428644284220596,8.73537565661067,3.073827216330632e+27
3383.0,53.42861402196977,8.735372525116434,3.059478791401804e+27
3393.0,53.42858388822767,8.735369406919451,3.0452393988313605e+27
3403.0,53.42855388207102,8.735366301924188,3.031107892398391e+27
3413.0,53.42852400258588,8.73536321003608,3.017083141252077e+27
3423.0,53.42849424886751,8.735360131161514,3.003164029661331e+27
3433.0,53.42846462002024,8.735357065207815,2.989349456769218e+27
3443.0,53.428435115157406,8.73535401208324,2.9756383363520846e+27
3453.0,53.42840573340116,8.73535097169696,2.962029596583257e+27
3463.0,53.428376473882416,8.735347943959047,2.9485221798012355e+27
3473.0,53.42834733574071,8.735344928780473,2.9351150422822746e+27
3483.0,53.42831831812409,8.735341926073083,2.921807154017258e+27
3493.0,53.42828942018902,8.7353389357496,2.9085974984927695e+27
3503.0,53.42826064110026,8.7353359577236,2.8954850724762775e+27
3513.0,53.42823198003077,8.735332991909507,2.882468885805339e+27
3523.0,53.42820343616162,8.735330038222587,2.8695479611807346e+27
3533.0,53.428175008681826,8.735327096578933,2.856721333963461e+27
3543.0,53.428146696788346,8.735324166895447,2.8439880519754775e+27
3553.0,53.4281184996859,8.735321249089845,2.831347175304157e+27
3563.0,53.42809041658691,8.735318343080635,2.818797776110331e+27
3573.0,53.42806244671141,8.735315448787112,2.806338938439876e+27
3583.0,53.42803458928691,8.735312566129352,2.793969758038752e+27
3593.0,53.42800684354835,8.735309695028187,2.78168934217143e+27
3603.0,53.427979208738,8.73530683540522,2.7694968094426294e+27
3613.0,53.427951684105345,8.73530398718279,2.7573912896223036e+27
3623.0,53.427924268907006,8.735301150283986,2.7453719234737977e+27
3633.0,53.42789696240667,8.735298324632614,2.733437862585118e+27
3643.0,53.427869763874995,8.735295510153215,2.7215882692032513e+27
3653.0,53.42784267258951,8.735292706771029,2.7098223160714554e+27
3663.0,53.42781568783455,8.735289914412009,2.698139186269483e+27
3673.0,53.42778880890116,8.7352871330028,2.6865380730566553e+27
3683.0,53.427762035087035,8.73528436247073,2.675018179717748e+27
3693.0,53.42773536569641,8.735281602743813,2.6635787194116096e+27
3703.0,53.427708800039994,8.735278853750724,2.6522189150224764e+27
3713.0,53.427682337434916,8.735276115420806,2.6409379990139167e+27
3723.0,53.427655977204616,8.735273387684058,2.6297352132853547e+27
3733.0,53.42762971867878,8.735270670471118,2.618609809031123e+27
3743.0,53.427603561193266,8.735267963713271,2.607561046601993e+27
3753.0,53.42757750409004,8.735265267342426,2.596588195369125e+27
3763.0,53.42755154671708,8.73526258129112,2.5856905335904005e+27
3773.0,53.42752568842835,8.735259905492505,2.574867348279084e+27
3783.0,53.42749992858366,8.735257239880344,2.564117935074767e+27
3793.0,53.427474266548664,8.735254584388997,2.5534415981165473e+27
3803.0,53.42744870169477,8.735251938953423,2.5428376499184034e+27
3813.0,53.42742323339906,8.735249303509171,2.5323054112467183e+27
3823.0,53.42739786104423,8.735246677992365,2.521844210999908e+27
3833.0,53.42737258401852,8.735244062339707,2.511453386090116e+27
3843.0,53.42734740171568,8.735241456488469,2.501132281326932e+27
3853.0,53.42732231353486,8.735238860376477,2.490880249303095e+27
3863.0,53.42729731888058,8.73523627394212,2.480696650282143e+27
3873.0,53.427272417162676,8.735233697124329,2.4705808520879673e+27
3883.0,53.42724760779619,8.73523112986258,2.4605322299962407e+27
3893.0,53.427222890201364,8.735228572096887,2.450550166627677e+27
3903.0,53.42719826380356,8.735226023767787,2.44063405184309e+27
3913.0,53.427173728033196,8.735223484816347,2.4307832826402154e+27
3923.0,53.42714928232569,8.73522095518415,2.4209972630522625e+27
3933.0,53.42712492612143,8.73521843481329,2.411275404048163e+27
3943.0,53.42710065886566,8.735215923646367,2.4016171234344798e+27
3953.0,53.427076480008495,8.735213421626485,2.3920218457589527e+27
3963.0,53.42705238900481,8.735210928697235,2.38248900221564e+27
3973.0,53.42702838531421,8.735208444802707,2.373018030551633e+27
3983.0,53.42700446840099,8.735205969887467,2.363608374975309e+27
3993.0,53.42698063773406,8.735203503896564,2.3542594860660962e+27
4003.0,53.42695689278691,8.735201046775519,2.344970820685719e+27
4013.0,53.426933233037545,8.735198598470319,2.3357418418909012e+27
4023.0,53.42690965796844,8.735196158927417,2.3265720188474928e+27
4033.0,53.426886167066485,8.73519372809372,2.3174608267459975e+27
4043.0,53.42686275982297,8.73519130591659,2.308407746718476e+27
4053.0,53.426839435733484,8.735188892343837,2.2994122657567958e+27
4063.0,53.42681619429792,8.735186487323713,2.2904738766322043e+27
4073.0,53.42679303502038,8.735184090804905,2.2815920778162e+27
4083.0,53.426769957409164,8.735181702736538,2.272766373402681e+27
4093.0,53.4267469609767,8.735179323068161,2.2639962730313385e+27
4103.0,53.426724045239524,8.735176951749752,2.2552812918122858e+27
4113.0,53.426701209718225,8.7351745887317,2.2466209502518836e+27
4123.0,53.426678453937384,8.73517223396482,2.2380147741797563e+27
4133.0,53.426655777425566,8.735169887400325,2.2294622946769636e+27
4143.0,53.42663317971524,8.73516754898984,2.2209630480053176e+27
4153.0,53.42661066034277,8.735165218685395,2.2125165755378122e+27
4163.0,53.42658821884834,8.73516289643941,2.2041224236901585e+27
4173.0,53.426565854775944,8.735160582204703,2.195780143853395e+27
4183.0,53.426543567673335,8.735158275934475,2.1874892923275578e+27
4193.0,53.42652135709197,8.735155977582318,2.179249430256391e+27
4203.0,53.426499222587,8.735153687102201,2.1710601235630806e+27
4213.0,53.426477163717195,8.73515140444847,2.162920942886989e+27
4223.0,53.42645518004495,8.735149129575845,2.1548314635213748e+27
4233.0,53.4264332711362,8.73514686243941,2.1467912653520822e+27
4243.0,53.42641143656042,8.735144602994623,2.1387999327971793e+27
4253.0,53.42638967589057,8.735142351197293,2.1308570547475294e+27
4263.0,53.426367988703056,8.73514010700359,2.1229622245082784e+27
4273.0,53.426346374577705,8.735137870370039,2.115115039741246e+27
4283.0,53.42632483309773,8.735135641253516,2.107315102408197e+27
4293.0,53.42630336384968,8.735133419611236,2.0995620187149845e+27
4303.0,53.42628196642342,8.735131205400764,2.0918553990565467e+27
4313.0,53.42626064041208,8.735128998580002,2.0841948579627403e+27
4323.0,53.42623938541206,8.735126799107185,2.0765800140449996e+27
4333.0,53.42621820102295,8.735124606940884,2.0690104899438047e+27
4343.0,53.426197086847516,8.735122422039995,2.0614859122769458e+27
4353.0,53.426176042491676,8.735120244363742,2.054005911588567e+27
4363.0,53.42615506756445,8.73511807387167,2.0465701222989805e+27
4373.0,53.42613416167796,8.735115910523644,2.0391781826552347e+27
4383.0,53.42611332444735,8.735113754279842,2.031829734682423e+27
4393.0,53.42609255549081,8.735111605100757,2.024524424135723e+27
4403.0,53.4260718544295,8.73510946294719,2.017261900453151e+27
4413.0,53.42605122088754,8.735107327780245,2.0100418167090202e+27
4423.0,53.42603065449198,8.735105199561337,2.002863829568093e+27
4433.0,53.42601015487278,8.735103078252173,1.9957275992404108e+27
4443.0,53.425989721662745,8.73510096381476,1.9886327894367942e+27
4453.0,53.425969354497546,8.735098856211401,1.9815790673249993e+27
4463.0,53.42594905301566,8.735096755404685,1.97456610348652e+27
4473.0,53.42592881685833,8.735094661357495,1.967593571874028e+27
4483.0,53.42590864566959,8.735092574032993,1.9606611497694318e+27
4493.0,53.42588853909618,8.735090493394631,1.953768517742556e+27
4503.0,53.425868496787544,8.735088419406134,1.946915359610418e+27
4513.0,53.42584851839582,8.735086352031507,1.9401013623971028e+27
4523.0,53.42582860357577,8.73508429123503,1.9333262162942188e+27
4533.0,53.42580875198481,8.735082236981253,1.9265896146219276e+27
4543.0,53.425788963282926,8.735080189234992,1.9198912537905384e+27
4553.0,53.42576923713269,8.735078147961335,1.9132308332626568e+27
4563.0,53.42574957319923,8.735076113125633,1.9066080555158793e+27
4573.0,53.425729971150176,8.735074084693492,1.9000226260060245e+27
4583.0,53.42571043065568,8.735072062630783,1.8934742531308902e+27
4593.0,53.42569095138835,8.73507004690363,1.8869626481945325e+27
4603.0,53.425671533023255,8.73506803747841,1.880487525372053e+27
4613.0,53.42565217523789,8.735066034321754,1.874048601674889e+27
4623.0,53.425632877712154,8.735064037400539,1.8676455969165943e+27
4633.0,53.42561364012832,8.73506204668189,1.8612782336791138e+27
4643.0,53.42559446217102,8.735060062133176,1.854946237279525e+27
4653.0,53.42557534352723,8.735058083722004,1.848649335737259e+27
4663.0,53.42555628388623,8.735056111416226,1.8423872597417768e+27
4673.0,53.425537282939594,8.735054145183929,1.8361597426207058e+27
4683.0,53.42551834038117,8.73505218499343,1.8299665203084206e+27
4693.0,53.42549945590704,8.735050230813284,1.8238073313150648e+27
4703.0,53.42548062921552,8.735048282612278,1.8176819166960057e+27
4713.0,53.42546186000714,8.73504634035942,1.8115900200217174e+27
4723.0,53.4254431479846,8.73504440402395,1.80553138734808e+27
4733.0,53.425424492852784,8.735042473575332,1.7995057671870937e+27
4743.0,53.42540589431869,8.735040548983246,1.7935129104779976e+27
4753.0,53.42538735209147,8.7350386302176,1.7875525705587892e+27
4763.0,53.42536886588236,8.735036717248512,1.7816245031381374e+27
4773.0,53.42535043540469,8.735034810046319,1.7757284662676815e+27
4783.0,53.42533206037385,8.735032908581575,1.7698642203147102e+27
4793.0,53.42531374050727,8.735031012825036,1.7640315279352188e+27
4803.0,53.42529547552443,8.735029122747683,1.7582301540473313e+27
4813.0,53.42527726514679,8.735027238320688,1.752459865805089e+27
4823.0,53.42525910909781,8.73502535951544,1.7467204325725947e+27
4833.0,53.425241007102926,8.735023486303527,1.7410116258985086e+27
4843.0,53.42522295888953,8.735021618656743,1.7353332194908917e+27
4853.0,53.42520496418694,8.73501975654708,1.729684989192389e+27
4863.0,53.42518702272639,8.735017899946726,1.7240667129557497e+27
4873.0,53.425169134241024,8.73501604882807,1.718478170819675e+27
4883.0,53.42515129846586,8.735014203163692,1.7129191448849958e+27
4893.0,53.425133515137794,8.73501236292637,1.7073894192911658e+27
4903.0,53.42511578399556,8.735010528089065,1.701888780193072e+27
4913.0,53.425098104779714,8.735008698624938,1.6964170157381567e+27
4923.0,53.425080477232655,8.735006874507329,1.6909739160438435e+27
4933.0,53.425062901098556,8.73500505570977,1.6855592731752644e+27
4943.0,53.425045376123386,8.735003242205973,1.680172881123284e+27
4953.0,53.42502790205487,8.735001433969838,1.674814535782815e+27
4963.0,53.425010478642506,8.73499963097544,1.6694840349314214e+27
4973.0,53.4249931056375,8.734997833197037,1.6641811782082042e+27
4983.0,53.42497578279279,8.734996040609065,1.658905767092966e+27
4993.0,53.42495850986303,8.734994253186139,1.6536576048856497e+27
5003.0,53.42494128660455,8.734992470903043,1.6484364966860487e+27
