Time,Mass,Radius,Lx
23.0,26.391246598963903,5.59,1.44e+30
24.0,26.3825349878077,5.588832062469316,1.44e+30
25.0,26.373825721321914,5.58766429775918,1.44e+30
26.0,26.365118799001227,5.58649670585225,1.44e+30
27.0,26.3564142203404,5.5853292867311835,1.44e+30
28.0,26.347711984834294,5.584162040378643,1.44e+30
29.0,26.339012091977853,5.5829949667772905,1.44e+30
30.0,26.33031454126611,5.58182806590979,1.44e+30
31.0,26.32161933219419,5.58066133775881,1.44e+30
32.0,26.312926464257306,5.579494782307016,1.44e+30
33.0,26.30423593695076,5.578328399537077,1.44e+30
34.0,26.295547749769945,5.577162189431665,1.44e+30
35.0,26.28686190221034,5.575996151973452,1.44e+30
36.0,26.27817839376752,5.574830287145113,1.44e+30
37.0,26.26949722393714,5.573664594929323,1.44e+30
38.0,26.26081839221495,5.572499075308759,1.44e+30
39.0,26.25214189809679,5.571333728266101,1.44e+30
40.0,26.24346774107859,5.570168553784028,1.44e+30
41.0,26.234795920656364,5.569003551845225,1.44e+30
42.0,26.22612643632622,5.5678387224323735,1.44e+30
43.0,26.217459287584347,5.566674065528161,1.44e+30
44.0,26.208794473927036,5.565509581115273,1.44e+30
45.0,26.200131994850658,5.564345269176399,1.44e+30
46.0,26.191471849851677,5.563181129694229,1.44e+30
47.0,26.182814038426642,5.562017162651455,1.44e+30
48.0,26.174158560072197,5.560853368030772,1.44e+30
49.0,26.16550541428507,5.559689745814874,1.44e+30
50.0,26.156854600562085,5.558526295986458,1.44e+30
51.0,26.148206118400143,5.557363018528223,1.44e+30
52.0,26.139559967296243,5.556199913422869,1.44e+30
53.0,26.130916146747474,5.555036980653098,1.44e+30
54.0,26.12227465625101,5.553874220201612,1.44e+30
55.0,26.11363549530412,5.5527116320511185,1.44e+30
56.0,26.10499866340415,5.551549216184322,1.44e+30
57.0,26.096364160048545,5.550386972583932,1.44e+30
58.0,26.087731984734837,5.549224901232658,1.44e+30
59.0,26.079102136960646,5.548063002113211,1.44e+30
60.0,26.07047461622368,5.546901275208305,1.44e+30
61.0,26.06184942202174,5.545739720500654,1.44e+30
62.0,26.053226553852713,5.544578337972975,1.44e+30
63.0,26.044606011214572,5.543417127607986,1.44e+30
64.0,26.035987793605386,5.542256089388407,1.44e+30
65.0,26.027371900523306,5.541095223296959,1.44e+30
66.0,26.018758331466575,5.539934529316364,1.44e+30
67.0,26.010147085933525,5.538774007429347,1.44e+30
68.0,26.001538163422573,5.537613657618634,1.44e+30
69.0,25.992931563432233,5.536453479866953,1.44e+30
70.0,25.9843272854611,5.535293474157034,1.44e+30
71.0,25.975725329007858,5.534133640471606,1.44e+30
72.0,25.967125693571287,5.532973978793403,1.44e+30
73.0,25.95852837865025,5.53181448910516,1.44e+30
74.0,25.9499333837437,5.530655171389611,1.44e+30
75.0,25.94134070835068,5.529496025629495,1.44e+30
76.0,25.932750351970316,5.52833705180755,1.44e+30
77.0,25.924162314101828,5.527178249906517,1.44e+30
78.0,25.915576594244527,5.526019619909138,1.44e+30
79.0,25.906993191897804,5.524861161798157,1.44e+30
80.0,25.89841210656115,5.52370287555632,1.44e+30
81.0,25.889833337734135,5.522544761166374,1.44e+30
82.0,25.88125688491642,5.5213868186110675,1.44e+30
83.0,25.87268274760776,5.520229047873151,1.44e+30
84.0,25.86411092530799,5.519071448935376,1.44e+30
85.0,25.855541417517042,5.517914021780498,1.44e+30
86.0,25.84697422373493,5.5167567663912696,1.44e+30
87.0,25.838409343461755,5.515599682750449,1.44e+30
88.0,25.829846776197716,5.514442770840795,1.44e+30
89.0,25.821286521443096,5.513286030645067,1.44e+30
90.0,25.812728578698263,5.512129462146026,1.44e+30
91.0,25.804172947463673,5.510973065326437,1.44e+30
92.0,25.79561962723988,5.509816840169063,1.44e+30
93.0,25.787068617527517,5.508660786656672,1.44e+30
94.0,25.778519917827307,5.507504904772032,1.44e+30
95.0,25.76997352764006,5.506349194497912,1.44e+30
96.0,25.761429446466686,5.505193655817084,1.44e+30
97.0,25.752887673808168,5.504038288712321,1.44e+30
98.0,25.744348209165583,5.502883093166397,1.44e+30
99.0,25.735811052040102,5.5017280691620885,1.44e+30
100.0,25.727276201932977,5.500573216682174,1.44e+30
101.0,25.718743658345552,5.499418535709431,1.44e+30
102.0,25.710213420779258,5.498264026226643,1.44e+30
103.0,25.701685488735613,5.49710968821659,1.44e+30
104.0,25.693159861716225,5.495955521662059,1.44e+30
105.0,25.684636539222794,5.494801526545833,1.44e+30
106.0,25.6761155207571,5.493647702850702,1.44e+30
107.0,25.667596805821017,5.492494050559454,1.44e+30
108.0,25.659080393916504,5.49134056965488,1.44e+30
109.0,25.650566284545615,5.490187260119771,1.44e+30
110.0,25.642054477210483,5.489034121936922,1.44e+30
111.0,25.633544971413336,5.487881155089129,1.44e+30
112.0,25.625037766656487,5.486728359559189,1.44e+30
113.0,25.616532862442337,5.485575735329899,1.44e+30
114.0,25.608030258273377,5.484423282384062,1.44e+30
115.0,25.599529953652183,5.4832710007044785,1.44e+30
116.0,25.591031948081422,5.482118890273951,1.44e+30
117.0,25.58253624106385,5.4809669510752865,1.44e+30
118.0,25.574042832102307,5.479815183091291,1.44e+30
119.0,25.565551720699723,5.478663586304773,1.44e+30
120.0,25.557062906359118,5.4775121606985415,1.44e+30
121.0,25.548576388583598,5.47636090625541,1.44e+30
122.0,25.54009216687636,5.475209822958191,1.44e+30
123.0,25.531610240740683,5.474058910789698,1.44e+30
124.0,25.52313060967994,5.472908169732749,1.44e+30
125.0,25.514653273197585,5.471757599770162,1.44e+30
126.0,25.50617823079717,5.470607200884754,1.44e+30
127.0,25.497705481982326,5.4694569730593505,1.44e+30
128.0,25.48923502625678,5.468306916276772,1.44e+30
129.0,25.480766863124334,5.467157030519843,1.44e+30
130.0,25.472300992088893,5.466007315771389,1.44e+30
131.0,25.463837412654442,5.464857772014239,1.44e+30
132.0,25.455376124325053,5.46370839923122,1.44e+30
133.0,25.446917126604887,5.462559197405166,1.44e+30
134.0,25.438460418998197,5.461410166518907,1.44e+30
135.0,25.430006001009318,5.460261306555278,1.44e+30
136.0,25.421553872142674,5.459112617497114,1.44e+30
137.0,25.41310403190278,5.457964099327254,1.44e+30
138.0,25.404656479794234,5.456815752028534,1.44e+30
139.0,25.396211215321728,5.455667575583797,1.44e+30
140.0,25.387768237990038,5.454519569975884,1.44e+30
141.0,25.379327547304026,5.4533717351876385,1.44e+30
142.0,25.370889142768647,5.452224071201906,1.44e+30
143.0,25.362453023888936,5.451076578001533,1.44e+30
144.0,25.354019190170025,5.44992925556937,1.44e+30
145.0,25.345587641117124,5.448782103888265,1.44e+30
146.0,25.33715837623554,5.44763512294107,1.44e+30
147.0,25.328731395030662,5.446488312710638,1.44e+30
148.0,25.320306697007965,5.445341673179824,1.44e+30
149.0,25.311884281673017,5.444195204331486,1.44e+30
150.0,25.30346414853147,5.44304890614848,1.44e+30
151.0,25.29504629708907,5.441902778613667,1.44e+30
152.0,25.286630726851637,5.440756821709907,1.44e+30
153.0,25.27821743732509,5.4396110354200635,1.44e+30
154.0,25.269806428015432,5.4384654197270015,1.44e+30
155.0,25.261397698428755,5.437319974613587,1.44e+30
156.0,25.25299124807124,5.436174700062687,1.44e+30
157.0,25.244587076449147,5.435029596057171,1.44e+30
158.0,25.236185183068834,5.43388466257991,1.44e+30
159.0,25.22778556743674,5.432739899613777,1.44e+30
160.0,25.219388229059394,5.431595307141645,1.44e+30
161.0,25.21099316744341,5.4304508851463895,1.44e+30
162.0,25.20260038209549,5.429306633610889,1.44e+30
163.0,25.19420987252243,5.428162552518021,1.44e+30
164.0,25.185821638231104,5.427018641850667,1.44e+30
165.0,25.17743567872848,5.425874901591709,1.44e+30
166.0,25.169051993521606,5.424731331724029,1.44e+30
167.0,25.16067058211763,5.4235879322305145,1.44e+30
168.0,25.15229144402377,5.422444703094051,1.44e+30
169.0,25.14391457874735,5.421301644297527,1.44e+30
170.0,25.135539985795766,5.4201587558238336,1.44e+30
171.0,25.12716766467651,5.41901603765586,1.44e+30
172.0,25.118797614897158,5.417873489776501,1.44e+30
173.0,25.110429835965373,5.4167311121686526,1.44e+30
174.0,25.10206432738891,5.415588904815208,1.44e+30
175.0,25.093701088675605,5.414446867699069,1.44e+30
176.0,25.08534011933338,5.413305000803131,1.44e+30
177.0,25.076981418870254,5.412163304110299,1.44e+30
178.0,25.068624986794326,5.411021777603474,1.44e+30
179.0,25.06027082261378,5.40988042126556,1.44e+30
180.0,25.051918925836894,5.408739235079463,1.44e+30
181.0,25.043569295972027,5.407598219028091,1.44e+30
182.0,25.03522193252763,5.406457373094353,1.44e+30
183.0,25.026876835012235,5.405316697261159,1.44e+30
184.0,25.01853400293447,5.404176191511422,1.44e+30
185.0,25.010193435803043,5.403035855828057,1.44e+30
186.0,25.00185513312675,5.401895690193978,1.44e+30
187.0,24.993519094414477,5.400755694592101,1.44e+30
188.0,24.985185319175194,5.3996158690053475,1.44e+30
189.0,24.976853806917962,5.398476213416637,1.44e+30
190.0,24.968524557151923,5.397336727808889,1.44e+30
191.0,24.96019756938631,5.396197412165029,1.44e+30
192.0,24.95187284313044,5.395058266467982,1.44e+30
193.0,24.94355037789373,5.393919290700674,1.44e+30
194.0,24.93523017318566,5.392780484846033,1.44e+30
195.0,24.926912228515814,5.391641848886988,1.44e+30
196.0,24.918596543393864,5.390503382806473,1.44e+30
197.0,24.910283117329563,5.389365086587419,1.44e+30
198.0,24.90197194983275,5.388226960212761,1.44e+30
199.0,24.89366304041335,5.3870890036654355,1.44e+30
200.0,24.885356388581386,5.38595121692838,1.44e+30
201.0,24.87705199384695,5.384813599984533,1.44e+30
202.0,24.86874985572024,5.383676152816836,1.44e+30
203.0,24.86044997371152,5.3825388754082315,1.44e+30
204.0,24.852152347331163,5.3814017677416635,1.44e+30
205.0,24.84385697608961,5.380264829800078,1.44e+30
206.0,24.835563859497405,5.379128061566422,1.44e+30
207.0,24.827272997065165,5.377991463023644,1.44e+30
208.0,24.8189843883036,5.376855034154695,1.44e+30
209.0,24.810698032723508,5.375718774942526,1.44e+30
210.0,24.80241392983577,5.3745826853700915,1.44e+30
211.0,24.794132079151353,5.373446765420347,1.44e+30
212.0,24.785852480181315,5.372311015076248,1.44e+30
213.0,24.7775751324368,5.371175434320754,1.44e+30
214.0,24.76930003542904,5.3700400231368235,1.44e+30
215.0,24.761027188669345,5.368904781507419,1.44e+30
216.0,24.752756591669122,5.367769709415503,1.44e+30
217.0,24.74448824393986,5.366634806844042,1.44e+30
218.0,24.736222144993135,5.3655000737759995,1.44e+30
219.0,24.72795829434061,5.364365510194345,1.44e+30
220.0,24.719696691494033,5.363231116082047,1.44e+30
221.0,24.71143733596524,5.362096891422078,1.44e+30
222.0,24.703180227266156,5.360962836197409,1.44e+30
223.0,24.694925364908787,5.359828950391015,1.44e+30
224.0,24.68667274840523,5.358695233985871,1.44e+30
225.0,24.678422377267665,5.357561686964955,1.44e+30
226.0,24.670174251008362,5.356428309311245,1.44e+30
227.0,24.661928369139677,5.355295101007723,1.44e+30
228.0,24.65368473117405,5.3541620620373696,1.44e+30
229.0,24.64544333662401,5.353029192383169,1.44e+30
230.0,24.63720418500217,5.351896492028106,1.44e+30
231.0,24.628967275821232,5.3507639609551685,1.44e+30
232.0,24.620732608593983,5.349631599147344,1.44e+30
233.0,24.612500182833298,5.348499406587623,1.44e+30
234.0,24.604269998052136,5.347367383258996,1.44e+30
235.0,24.59604205376354,5.346235529144457,1.44e+30
236.0,24.587816349480647,5.345103844227,1.44e+30
237.0,24.579592884716675,5.343972328489622,1.44e+30
238.0,24.57137165898493,5.34284098191532,1.44e+30
239.0,24.5631526717988,5.341709804487095,1.44e+30
240.0,24.554935922671767,5.3405787961879465,1.44e+30
241.0,24.546768142175132,5.339454390559115,1.422370549900356e+30
242.0,24.538695042762374,5.338342884092842,1.4050285963211337e+30
243.0,24.53071512305832,5.33724407470407,1.387968291736767e+30
244.0,24.522826911869217,5.336157764315504,1.3711839309402566e+30
245.0,24.51502896744848,5.335083758761555,1.3546699470149067e+30
246.0,24.507319876783423,5.334021867694961,1.338420907435932e+30
247.0,24.49969825490223,5.332971904496031,1.3224315102972397e+30
248.0,24.492162744200538,5.331933686184413,1.3066965806588755e+30
249.0,24.484712013786968,5.330907033333309,1.2912110670108111e+30
250.0,24.477344758847046,5.32989176998606,1.2759700378489178e+30
251.0,24.47005970002485,5.32888772357502,1.2609686783591341e+30
252.0,24.462855582821884,5.327894724842662,1.2462022872059974e+30
253.0,24.45573117701257,5.3269126077648234,1.2316662734218558e+30
254.0,24.448685276075892,5.32594120947605,1.2173561533932204e+30
255.0,24.441716696642615,5.324980370196945,1.203267547940857e+30
256.0,24.43482427795765,5.32402993316349,1.189396179490351e+30
257.0,24.42800688135704,5.323089744558253,1.175737869329998e+30
258.0,24.42126338975915,5.322159653443436,1.1622885349530008e+30
259.0,24.41459270716959,5.321239511695713,1.1490441874810677e+30
260.0,24.407993758199463,5.320329173942785,1.1360009291666116e+30
261.0,24.40146548759652,5.319428497501616,1.1231549509708684e+30
262.0,24.39500685978883,5.318537342318298,1.1105025302153401e+30
263.0,24.388616858440564,5.317655570909481,1.0980400283040785e+30
264.0,24.382294486019575,5.316783048305341,1.0857638885144108e+30
265.0,24.37603876337633,5.3159196419940296,1.0736706338538009e+30
266.0,24.369848729333935,5.315065221867554,1.0617568649806281e+30
267.0,24.363723440288886,5.314219660169067,1.0500192581867446e+30
268.0,24.357661969822193,5.313382831441499,1.038454563439752e+30
269.0,24.351663408320633,5.312554612477507,1.0270596024830162e+30
270.0,24.345726862607762,5.311734882270711,1.0158312669915102e+30
271.0,24.33985145558446,5.310923521968153,1.0047665167816465e+30
272.0,24.33403632587866,5.310120414823971,9.938623780733244e+29
273.0,24.328280627504075,5.309325446154237,9.831159418024848e+29
274.0,24.322583529527563,5.308538503292927,9.725243619825284e+29
275.0,24.316944215744957,5.307759475548996,9.620848541130066e+29
276.0,24.311361884365073,5.306988254164522,9.517946936340606e+29
277.0,24.30583574770168,5.30622473227389,9.41651214425128e+29
278.0,24.300365031873163,5.305468804863983,9.316518073464997e+29
279.0,24.294948976509733,5.30472036873536,9.217939188223526e+29
280.0,24.289586834467883,5.303979322464383,9.120750494639357e+29
281.0,24.28427787155193,5.30324556636627,9.02492752731635e+29
282.0,24.279021366242443,5.302519002459053,8.930446336346824e+29
283.0,24.27381660943136,5.301799534428408,8.837283474673251e+29
284.0,24.268662904163563,5.30108706759334,8.74541598580304e+29
285.0,24.263559565384803,5.300381508872689,8.654821391865397e+29
286.0,24.258505919695736,5.299682766752449,8.565477681999524e+29
287.0,24.25350130511193,5.2989907512538625,8.477363301063894e+29
288.0,24.24854507082966,5.298305373902282,8.390457138656613e+29
289.0,24.243636576997357,5.297626547696764,8.304738518437261e+29
290.0,24.238775194492522,5.296954187080393,8.220187187740936e+29
291.0,24.233960304703974,5.296288207911304,8.136783307475526e+29
292.0,24.22919129931928,5.295628527434371,8.054507442293538e+29
293.0,24.22446758011723,5.294975064253585,7.973340551030125e+29
294.0,24.219788558765234,5.294327738305055,7.893263977399215e+29
295.0,24.215153656621453,5.2936864708306555,7.81425944093993e+29
296.0,24.21056230454161,5.293051184352266,7.736309028205749e+29
297.0,24.206013942690294,5.292421802646622,7.659395184189094e+29
298.0,24.201508020356684,5.291798250720737,7.5835007039743e+29
299.0,24.197043995774532,5.291180454787892,7.508608724612152e+29
300.0,24.19262133594632,5.290568342244169,7.434702717209353e+29
301.0,24.188239516471484,5.289961841645533,7.3617664792266e+29
302.0,24.18389802137856,5.289360882685414,7.28978412697904e+29
303.0,24.179596342961204,5.288765396172817,7.218740088333195e+29
304.0,24.17533398161792,5.288175314010909,7.148619095594535e+29
305.0,24.171110445695476,5.287590569176101,7.079406178580133e+29
306.0,24.166925251335826,5.287011095697591,7.011086657871018e+29
307.0,24.16277792232652,5.286436828637369,6.943646138238961e+29
308.0,24.158667989954466,5.2858677040706565,6.877070502242656e+29
309.0,24.154594992862993,5.285303659066799,6.811345903988405e+29
310.0,24.150558476912078,5.284744631670563,6.746458763050537e+29
311.0,24.146557995041714,5.284190560883852,6.682395758547004e+29
312.0,24.142593107138314,5.283641386647828,6.619143823365696e+29
313.0,24.138663379904045,5.283097049825418,6.556690138537163e+29
314.0,24.134768386729082,5.2825574921842104,6.49502212774961e+29
315.0,24.130907707566642,5.282022656379712,6.434127452002082e+29
316.0,24.127080928810773,5.281492485938979,6.373994004391978e+29
326.0,24.09058782625188,5.276435098562797,5.812019702577053e+29
336.0,24.05707383211971,5.271788092331179,5.314393479003688e+29
346.0,24.026215003036516,5.2675071458622,4.87214811641213e+29
356.0,23.997730911725572,5.2635538474343155,4.477776646556191e+29
366.0,23.971377747788235,5.2598947654611825,4.12496209086929e+29
376.0,23.94694267055992,5.2565006862551,3.808362916816635e+29
386.0,23.92423915957457,5.253345985372953,3.52344160885578e+29
396.0,23.903103165143275,5.250408106318446,3.266326842588937e+29
406.0,23.88338990465268,5.247667126049066,3.033702026855581e+29
416.0,23.86497118305115,5.2451053910748175,2.8227146694096437e+29
426.0,23.847733141235867,5.242707211276974,2.630902287892376e+29
436.0,23.831574355584916,5.240458601166292,2.4561315429036294e+29
446.0,23.81640422709038,5.23834706032264,2.296547995608076e+29
456.0,23.802141610471963,5.236361386346694,2.1505344473495417e+29
466.0,23.78871364305326,5.234491514909466,2.0166762460303605e+29
476.0,23.776054740640213,5.232728382482858,1.89373227496863e+29
486.0,23.764105733588263,5.231063808131047,1.7806105977927817e+29
496.0,23.75281312101208,5.229490391382296,1.6763479349440743e+29
506.0,23.742128424932577,5.228001423716875,1.5800923064709541e+29
516.0,23.732007629264913,5.226590811625268,1.4910883017656596e+29
526.0,23.72241069107936,5.225253009531498,1.4086645371072606e+29
536.0,23.713301113631807,5.223982961155073,1.3322229419761012e+29
546.0,23.704645572354046,5.222776048113836,1.2612295794178946e+29
556.0,23.6964135863885,5.221628044758617,1.1952067575968761e+29
566.0,23.68857722940464,5.220535078386683,1.1337262316714759e+29
576.0,23.681110874390765,5.219493594110594,1.07640332926651e+29
586.0,23.673990967910925,5.218500323767145,1.0228918606785988e+29
596.0,23.667195829982155,5.217552258341391,9.728796977753005e+28
606.0,23.660705476284747,5.2166466234565965,9.260849243114734e+28
616.0,23.654501459887182,5.215780857544713,8.822524758644689e+28
626.0,23.648566730062914,5.2149525923658855,8.411512004005407e+28
636.0,23.642885506110733,5.214159635591034,8.025712811221682e+28
646.0,23.63744316437433,5.21339995520033,7.663219721060528e+28
656.0,23.632226136898144,5.212671665483294,7.322296046435143e+28
666.0,23.627221820362614,5.211973014454399,7.001358283968477e+28
676.0,23.622418494118055,5.211302372522153,6.698960566961391e+28
686.0,23.61780524628747,5.210658222270241,6.413780896913533e+28
696.0,23.613371907038363,5.210039149227119,6.144608927832158e+28
706.0,23.60910898823545,5.209443833515731,5.8903351089737695e+28
716.0,23.605007628782733,5.208871042288257,5.6499410183309585e+28
726.0,23.601059545046834,5.208319622862229,5.42249074187279e+28
736.0,23.597256985826068,5.20778849648433,5.207123172908326e+28
746.0,23.593592691392544,5.2072766526567715,5.003045122496896e+28
756.0,23.590059856189445,5.206783143968703,4.809525146013979e+28
766.0,23.586652094813463,5.206307081381673,4.6258880031629965e+28
776.0,23.583363410954107,5.20584762992388,4.451509679206017e+28
786.0,23.580188168998227,5.205404004753002,4.285812904225524e+28
796.0,23.577121068040203,5.204975467551805,4.12826311503921e+28
806.0,23.574157118066417,5.204561323224599,3.978364811150454e+28
816.0,23.57129161810753,5.204160916866035,3.8356582619806813e+28
826.0,23.568520136173905,5.203773630976772,3.699716527724465e+28
836.0,23.565838490808915,5.203398882903157,3.5701427606027737e+28
846.0,23.56324273411196,5.203036122480471,3.446567757156477e+28
856.0,23.560729136098164,5.202684829861348,3.3286477355994216e+28
866.0,23.5582941702752,5.202344513512844,3.216062315205008e+28
876.0,23.555934500329585,5.202014708367271,3.1085126772892896e+28
886.0,23.553646967825486,5.201694974113383,3.0057198896258737e+28
896.0,23.551428580828528,5.201384893615817,2.907423378125326e+28
906.0,23.549276503375484,5.2010840714518345,2.8133795313700753e+28
916.0,23.54718804571841,5.2007921325554785,2.7233604251460427e+28
926.0,23.545160655278426,5.200508720960175,2.6371526554808097e+28
936.0,23.543191908250442,5.20023349863166,2.5545562699082177e+28
946.0,23.5412795018056,5.199966144383844,2.475383787750554e+28
956.0,23.539421246842977,5.19970635287092,2.399459301159194e+28
966.0,23.53761506124657,5.19945383364961,2.326617649497628e+28
976.0,23.5358589636075,5.1992083103060045,2.25670366040011e+28
986.0,23.534151067374893,5.198969519641927,2.189571451506004e+28
996.0,23.53248957540214,5.19873721091621,2.1250837874640973e+28
1006.0,23.530869394232077,5.1985106724416745,2.080238534050367e+28
1016.0,23.52927378033008,5.198287563438161,2.047970320826778e+28
1026.0,23.527700796474498,5.198067613276875,2.0165113907848677e+28
1036.0,23.526149904591193,5.197850746948705,1.985833853020707e+28
1046.0,23.524620584454244,5.197636891929918,1.9559110345853038e+28
1056.0,23.523112332929585,5.1974259780769305,1.9267174162990732e+28
1066.0,23.52162466325753,5.197217937526493,1.8982285725176503e+28
1076.0,23.520157104371812,5.19701270460095,1.8704211145714307e+28
1086.0,23.518709200253006,5.196810215718269,1.8432726376230965e+28
1096.0,23.51728050931427,5.1966104093065795,1.8167616707073525e+28
1106.0,23.5158706038175,5.196413225722923,1.7908676297353471e+28
1116.0,23.51447906931818,5.1962186071760055,1.7655707732629234e+28
1126.0,23.5131055041372,5.196026497652695,1.7408521608371218e+28
1136.0,23.511749518858185,5.195836842848065,1.7166936137493276e+28
1146.0,23.510410735848826,5.195649590098775,1.6930776780362817e+28
1156.0,23.50908878880491,5.195464688319613,1.6699875895819163e+28
1166.0,23.507783322315763,5.195282087943009,1.647407241183789e+28
1176.0,23.506493991449936,5.195101740861367,1.6253211514577818e+28
1186.0,23.50522046136002,5.19492360037206,1.6037144354638651e+28
1196.0,23.50396240690557,5.194747621124935,1.58257277694411e+28
1206.0,23.502719512293126,5.1945737590722105,1.5618824020718504e+28
1216.0,23.5014914707325,5.194401971420619,1.5416300546180216e+28
1226.0,23.500277984108354,5.19423221658569,1.5218029724472542e+28
1236.0,23.499078762666368,5.194064454148058,1.5023888652623675e+28
1246.0,23.4978935247132,5.193898644811687,1.4833758935214826e+28
1256.0,23.496721996329498,5.193734750363913,1.4647526484571544e+28
1266.0,23.49556391109537,5.193572733637223,1.4465081331316832e+28
1276.0,23.49441900982759,5.193412558472656,1.4286317444671937e+28
1286.0,23.493287040328017,5.193254189684781,1.4111132561931504e+28
1296.0,23.49216775714265,5.193097593028134,1.3939428026577673e+28
1306.0,23.491060921330753,5.1929427351650785,1.377110863453287e+28
1316.0,23.48996630024362,5.192789583634987,1.3606082488083443e+28
1326.0,23.488883667312447,5.192638106824705,1.3444260857036612e+28
1336.0,23.487812801844914,5.192488273940219,1.3285558046701256e+28
1346.0,23.486753488830026,5.192340054979474,1.3129891272308992e+28
1356.0,23.48570551875085,5.192193420706297,1.297718053951633e+28
1366.0,23.484668687404742,5.19204834262535,1.2827348530651153e+28
1376.0,23.48364279573072,5.191904792958094,1.268032049638773e+28
1386.0,23.482627649643682,5.191762744619691,1.2536024152554e+28
1396.0,23.481623059875094,5.191622171196814,1.2394389581792988e+28
1406.0,23.480628841819893,5.191483046926319,1.2255349139817228e+28
1416.0,23.47964481538931,5.191345346674748,1.2118837366010765e+28
1426.0,23.478670804869342,5.1912090459186055,1.198479089814816e+28
1436.0,23.4777066387846,5.191074120725397,1.1853148391013531e+28
1446.0,23.476752149767343,5.190940547735381,1.172385043871566e+28
1456.0,23.475807174431402,5.190808304144002,1.1596839500507073e+28
1466.0,23.47487155325083,5.190677367684986,1.147205982992629e+28
1476.0,23.473945130443038,5.190547716614059,1.13494574070929e+28
1486.0,23.47302775385626,5.190419329693263,1.1228979873994956e+28
1496.0,23.4721192748611,5.190292186175848,1.1110576472617342e+28
1506.0,23.471219548246033,5.190166265791711,1.09941979857684e+28
1516.0,23.47032843211669,5.19004154873336,1.0879796680470157e+28
1526.0,23.46944578779875,5.189918015642384,1.0767326253785032e+28
1536.0,23.468571479744266,5.189795647596398,1.0656741780959038e+28
1546.0,23.46770537544134,5.189674426096459,1.0547999665768057e+28
1556.0,23.46684734532696,5.189554333054912,1.0441057592960117e+28
1566.0,23.465997262702878,5.1894353507836755,1.0335874482692366e+28
1576.0,23.46515500365441,5.1893174619829185,1.0232410446866979e+28
1586.0,23.464320446972046,5.189200649730139,1.0130626747275404e+28
1596.0,23.463493474075737,5.189084897469606,1.003048575546525e+28
1606.0,23.462673968941765,5.188970189002178,9.931950914248564e+27
1616.0,23.461861818032084,5.18885650847544,9.834986700774765e+27
1626.0,23.461056910226045,5.1887438403742,9.7395585910953e+27
1636.0,23.460259136754406,5.188632169511284,9.64563302615111e+27
1646.0,23.45946839113552,5.1885214810186415,9.553177379117452e+27
1656.0,23.458684569113647,5.188411760338748,9.462159924044078e+27
1666.0,23.457907568599285,5.18830299321629,9.372549805731906e+27
1676.0,23.45713728961145,5.188195165690113,9.284317010790384e+27
1686.0,23.456373634221816,5.1880882640854376,9.197432339822534e+27
1696.0,23.455616506500686,5.18798227500633,9.111867380687356e+27
1706.0,23.45486581246466,5.1878771853284,9.027594482791838e+27
1716.0,23.454121460026,5.187772982191749,8.9445867323671e+27
1726.0,23.45338335894357,5.187669652994124,8.862817928685596e+27
1736.0,23.452651420775357,5.187567185384304,8.782262561178295e+27
1746.0,23.451925558832457,5.187465567255679,8.702895787412863e+27
1756.0,23.451205688134486,5.187364786740037,8.624693411895728e+27
1766.0,23.450491725366398,5.187264832201542,8.547631865662721e+27
1776.0,23.449783588836606,5.187165692230895,8.471688186624687e+27
1786.0,23.44908119843641,5.187067355639674,8.396840000636091e+27
1796.0,23.448384475600637,5.186969811454853,8.323065503256128e+27
1806.0,23.447693343269485,5.186873048913473,8.250343442173336e+27
1816.0,23.447007725851524,5.186777057457489,8.17865310026605e+27
1826.0,23.446327549187785,5.1866818267287575,8.107974279272351e+27
1836.0,23.445652740516934,5.186587346564186,8.038287284044374e+27
1846.0,23.44498322844147,5.186493606991013,7.96957290736302e+27
1856.0,23.44431894289492,5.186400598222236,7.901812415290236e+27
1866.0,23.44365981511001,5.1863083106521755,7.834987533037026e+27
1876.0,23.443005777587725,5.186216734852155,7.769080431326421e+27
1886.0,23.442356764067316,5.186125861566321,7.704073713231512e+27
1896.0,23.441712709497136,5.186035681707575,7.639950401469611e+27
1906.0,23.44107355000632,5.1859461863536245,7.576693926134409e+27
1916.0,23.440439222877284,5.185857366743146,7.514288112848826e+27
1926.0,23.439809666518993,5.185769214272056,7.452717171322038e+27
1936.0,23.439184820440996,5.185681720489894,7.391965684294853e+27
1946.0,23.438564625228167,5.185594877096293,7.332018596858367e+27
1956.0,23.437949022516186,5.185508675937568,7.272861206131409e+27
1966.0,23.43733795496767,5.1854231090033736,7.214479151283005e+27
1976.0,23.43673136624899,5.185338168423485,7.156858403886614e+27
1986.0,23.436129201007695,5.185253846464639,7.099985258593509e+27
1996.0,23.435531404850593,5.185170135527479,7.043846324113192e+27
2006.0,23.4349379243224,5.18508702814358,6.988428514489258e+27
2016.0,23.434348706884983,5.185004516972547,6.933719040659615e+27
2026.0,23.433763700897146,5.1849225947991995,6.879705402290438e+27
2036.0,23.433182855594982,5.184841254530831,6.826375379873673e+27
2046.0,23.432606121072734,5.184760489194536,6.773717027078361e+27
2056.0,23.432033448264168,5.184680291934613,6.721718663346397e+27
2066.0,23.431464788924437,5.184600656010034,6.670368866723815e+27
2076.0,23.430900095612436,5.184521574791986,6.619656466918973e+27
2086.0,23.4303393216736,5.1844430417614635,6.56957053857943e+27
2096.0,23.42978242122316,5.1843650505069405,6.520100394779596e+27
2106.0,23.429229349129827,5.1842875947220906,6.471235580711595e+27
2116.0,23.428680060999916,5.18421066820357,6.422965867572066e+27
2126.0,23.428134513161858,5.184134264848861,6.375281246637913e+27
2136.0,23.427592662651115,5.184058378654164,6.328171923524333e+27
2146.0,23.427054467195482,5.183983003712347,6.281628312618668e+27
2156.0,23.426519885200758,5.18390813421095,6.235641031683915e+27
2166.0,23.425988875736778,5.183833764430228,6.190200896625976e+27
2176.0,23.425461398523797,5.183759888741261,6.145298916418929e+27
2186.0,23.424937413919228,5.183686501604096,6.100926288182867e+27
2196.0,23.424416882904676,5.18361359756594,6.057074392409042e+27
2206.0,23.423899767073333,5.183541171259403,6.013734788327242e+27
2216.0,23.423386028617653,5.183469217400774,5.970899209410571e+27
2226.0,23.422875630317346,5.183397730788353,5.92855955901293e+27
2236.0,23.422368535527664,5.1833267063008055,5.886707906134728e+27
2246.0,23.42186470816796,5.183256138895575,5.845336481312483e+27
2256.0,23.421364112710542,5.183186023607326,5.804437672628175e+27
2266.0,23.420866714169783,5.18311635554642,5.764004021834329e+27
2276.0,23.420372478091505,5.183047129897437,5.724028220590995e+27
2286.0,23.41988137054259,5.182978341917727,5.684503106810909e+27
2296.0,23.419393358100873,5.182909986935996,5.645421661109278e+27
2306.0,23.41890840784525,5.182842060350928,5.606777003354735e+27
2316.0,23.418426487346036,5.1827745576298385,5.568562389318185e+27
2326.0,23.417947564655524,5.182707474307358,5.530771207416329e+27
2336.0,23.417471608298797,5.182640805984146,5.493396975546813e+27
2346.0,23.416998587264736,5.1825745483256425,5.456433338012039e+27
2356.0,23.41652847099723,5.182508697060832,5.419874062528792e+27
2366.0,23.416061229386607,5.182443247981058,5.383713037320936e+27
2376.0,23.415596832761256,5.182378196938846,5.347944268292523e+27
2386.0,23.41513525187943,5.18231353984676,5.312561876278791e+27
2396.0,23.414676457921242,5.18224927267629,5.277560094372544e+27
2406.0,23.414220422480856,5.182185391456757,5.242933265323592e+27
2416.0,23.41376711755883,5.182121892274248,5.208675839008921e+27
2426.0,23.413316515554655,5.1820587712705715,5.174782369971414e+27
2436.0,23.41286858925945,5.181996024642239,5.141247515024973e+27
2446.0,23.412423311848812,5.181933648639468,5.108066030923993e+27
2456.0,23.411980656875844,5.181871639565208,5.075232772095216e+27
2466.0,23.411540598264327,5.181809993774185,5.042742688430023e+27
2476.0,23.411103110302037,5.181748707671974,5.010590823135349e+27
2486.0,23.410668167634217,5.181687777714082,4.978772310641401e+27
2496.0,23.410235745257197,5.181627200405059,4.9472823745644894e+27
2506.0,23.409805818512137,5.18156697229763,4.916116325723273e+27
2516.0,23.40937836307892,5.181507089991833,4.88526956020685e+27
2526.0,23.408953354970166,5.181447550134191,4.8547375574931044e+27
2536.0,23.408530770525395,5.181388349416892,4.8245158786158183e+27
2546.0,23.40811058640529,5.181329484576992,4.794600164379124e+27
2556.0,23.407692779586085,5.1812709523956295,4.764986133617852e+27
2566.0,23.407277327354105,5.181212749697264,4.735669581502454e+27
2576.0,23.40686420730038,5.181154873348921,4.706646377887174e+27
2586.0,23.406453397315396,5.181097320259466,4.677912465700207e+27
2596.0,23.40604487558395,5.18104008737888,4.6494638593746184e+27
2606.0,23.40563862058012,5.180983171697558,4.6212966433188403e+27
2616.0,23.405234611062323,5.18092657024562,4.5934069704256056e+27
2626.0,23.404832826068493,5.180870280092241,4.56579106061819e+27
2636.0,23.40443324491136,5.180814298344986,4.5384451994329284e+27
2646.0,23.404035847173805,5.180758622149165,4.5113657366369186e+27
2656.0,23.403640612704336,5.180703248687201,4.484549084879961e+27
2666.0,23.403247521612645,5.180648175178008,4.457991718379715e+27
2676.0,23.40285655426524,5.180593398876383,4.431690171639168e+27
2686.0,23.402467691281213,5.180538917072415,4.405641038195483e+27
2696.0,23.402080913528028,5.180484727090895,4.3798409693993563e+27
2706.0,23.401696202117456,5.18043082629075,4.354286673224023e+27
2716.0,23.40131353840155,5.180377212064481,4.328974913103094e+27
2726.0,23.400932903968712,5.180323881837612,4.3039025067964126e+27
2736.0,23.40055428063986,5.180270833068159,4.2790663252831594e+27
2746.0,23.400177650464634,5.180218063246094,4.2544632916814594e+27
2756.0,23.399802995717707,5.180165569892835,4.2300903801937524e+27
2766.0,23.399430298895147,5.1801133505607355,4.2059446150772347e+27
2776.0,23.39905954271088,5.1800614028325915,4.1820230696386727e+27
2786.0,23.39869071009318,5.1800097243211525,4.1583228652529415e+27
2796.0,23.398323784181272,5.179958312668642,4.134841170404635e+27
2806.0,23.39795874832197,5.179907165546295,4.111575199752125e+27
2816.0,23.39759558606639,5.179856280653895,4.0885222132134794e+27
2826.0,23.39723428116673,5.179805655719324,4.06567951507363e+27
2836.0,23.396874817573117,5.179755288498123,4.0430444531122483e+27
2846.0,23.396517179430486,5.179705176773058,4.020614417751757e+27
2856.0,23.39616135107556,5.179655318353695,3.998386841224957e+27
2866.0,23.395807317033857,5.1796057110759826,3.976359196761746e+27
2876.0,23.395455062016765,5.179556352801848,3.954528997794424e+27
2886.0,23.395104570918672,5.179507241418787,3.932893797181104e+27
2896.0,23.394755828814148,5.1794583748394825,3.911451186446752e+27
2906.0,23.39440882095518,5.179409751001407,3.890198795041391e+27
2916.0,23.394063532768467,5.179361367866449,3.869134289615032e+27
2926.0,23.39371994985275,5.179313223420547,3.848255373308898e+27
2936.0,23.3933780579762,5.179265315673311,3.8275597850625135e+27
2946.0,23.393037843073863,5.179217642657675,3.807045298936256e+27
2956.0,23.392699291245133,5.179170202429546,3.7867097234489793e+27
2966.0,23.39236238875129,5.179122993067453,3.7665509009303117e+27
2976.0,23.392027122013076,5.179076012672209,3.746566706887267e+27
2986.0,23.3916934776083,5.179029259366585,3.726755049384797e+27
2996.0,23.391361442269524,5.178982731294977,3.70711386843994e+27
3006.0,23.391031002881753,5.178936426623088,3.687641135429216e+27
3016.0,23.390702146480187,5.178890343537612,3.6683348525089405e+27
3026.0,23.390374860248006,5.178844480245929,3.6491930520481335e+27
3036.0,23.390049131514196,5.178798834975794,3.6302137960737066e+27
3046.0,23.389724947751425,5.178753405975049,3.6113951757276255e+27
3056.0,23.389402296573937,5.17870819151132,3.5927353107357526e+27
3066.0,23.389081165735504,5.178663189871738,3.574232348888073e+27
3076.0,23.38876154312739,5.17861839936265,3.5558844655300344e+27
3086.0,23.38844341677638,5.178573818309347,3.537689863064726e+27
3096.0,23.388126774842817,5.178529445055787,3.5196467704656205e+27
3106.0,23.387811605618698,5.178485277964331,3.501753442799633e+27
3116.0,23.38749789752578,5.178441315415476,3.4840081607602497e+27
3126.0,23.38718563911374,5.178397555807604,3.466409230210462e+27
3136.0,23.38687481905834,5.178353997556716,3.448954981735298e+27
3146.0,23.38656542615967,5.1783106390961935,3.4316437702036904e+27
3156.0,23.386257449340356,5.178267478876548,3.4144739743394823e+27
3166.0,23.385950877643868,5.178224515365183,3.3974439963013364e+27
3176.0,23.385645700232804,5.178181747046152,3.3805522612713427e+27
3186.0,23.38534190638723,5.178139172419932,3.3637972170521103e+27
3196.0,23.38503948550304,5.17809679000319,3.347177333672156e+27
3206.0,23.38473842709035,5.1780545983285595,3.330691102999377e+27
3216.0,23.38443872077192,5.17801259594442,3.314337038362432e+27
3226.0,23.38414035628158,5.177970781414679,3.2981136741798326e+27
3236.0,23.383843323462717,5.177929153318559,3.282019565596575e+27
3246.0,23.383547612266764,5.1778877102503875,3.26605328812813e+27
3256.0,23.383253212751725,5.177846450819388,3.2502134373116224e+27
3266.0,23.382960115080717,5.17780537364948,3.2344986283640285e+27
3276.0,23.382668309520543,5.177764477379076,3.21890749584724e+27
3286.0,23.382377786440284,5.177723760660889,3.2034386933398244e+27
3296.0,23.382088536309915,5.177683222161737,3.1880908931153344e+27
3306.0,23.38180054969895,5.177642860562352,3.1728627858270147e+27
3316.0,23.381513817275103,5.177602674557195,3.1577530801987597e+27
3326.0,23.381228329802966,5.177562662854271,3.142760502722182e+27
3336.0,23.380944078142722,5.17752282417495,3.127883797359651e+27
3346.0,23.380661053248872,5.177483157253786,3.113121725253161e+27
3356.0,23.380379246168978,5.177443660838344,3.0984730644389166e+27
3366.0,23.380098648042438,5.17740433368903,3.083936609567475e+27
3376.0,23.379819250099263,5.1773651745789175,3.069511171629353e+27
3386.0,23.379541043658897,5.177326182293582,3.055195577685957e+27
3396.0,23.379264020129032,5.17728735563094,3.04098867060572e+27
3406.0,23.378988171004465,5.177248693401082,3.026889308805337e+27
3416.0,23.378713487865955,5.177210194426121,3.012896365995977e+27
3426.0,23.378439962379105,5.177171857540031,2.9990087309343674e+27
3436.0,23.37816758629326,5.1771336815884945,2.985225307178641e+27
3446.0,23.377896351440434,5.177095665428752,2.9715450128488417e+27
3456.0,23.377626249734234,5.17705780792945,2.957966780391986e+27
3466.0,23.377357273168816,5.177020107970502,2.944489556351583e+27
3476.0,23.377089413817846,5.176982564442934,2.931112301141512e+27
3486.0,23.376822663833494,5.1769451762487515,2.9178339888241644e+27
3496.0,23.37655701544543,5.176907942300794,2.9046536068927605e+27
3506.0,23.376292460959835,5.176870861522599,2.891570156057749e+27
3516.0,23.37602899275843,5.176833932848267,2.878582650037197e+27
3526.0,23.37576660329754,5.176797155222331,2.8656901153510934e+27
3536.0,23.37550528510712,5.176760527599616,2.8528915911194754e+27
3546.0,23.375245030789863,5.176724048945121,2.8401861288642944e+27
3556.0,23.374985833020272,5.176687718233883,2.827572792314953e+27
3566.0,23.374727684543767,5.176651534450858,2.815050657217421e+27
3576.0,23.374470578175796,5.176615496590792,2.802618811146866e+27
3586.0,23.374214506800975,5.176579603658103,2.790276353323714e+27
3596.0,23.373959463372223,5.176543854666761,2.778022394433079e+27
3606.0,23.373705440909927,5.176508248640168,2.765856056447481e+27
3616.0,23.373452432501093,5.176472784611044,2.7537764724527927e+27
3626.0,23.37320043129855,5.17643746162131,2.741782786477333e+27
3636.0,23.372949430520126,5.176402278721981,2.729874153324064e+27
3646.0,23.372699423447862,5.176367234973045,2.7180497384058014e+27
3656.0,23.37245040342723,5.176332329443366,2.7063087175833986e+27
3666.0,23.37220236386636,5.176297561210566,2.6946502770068264e+27
3676.0,23.37195529823528,5.176262929360924,2.683073612959101e+27
3686.0,23.37170920006517,5.1762284329892685,2.671577931702988e+27
3696.0,23.37146406294762,5.176194071198881,2.660162449330446e+27
3706.0,23.37121988053391,5.176159843101384,2.6488263916147267e+27
3716.0,23.3709766465343,5.176125747816651,2.6375689938651044e+27
3726.0,23.3707343547173,5.176091784472702,2.626389500784163e+27
3736.0,23.370492998909008,5.176057952205608,2.6152871663275944e+27
3746.0,23.370252572992403,5.1760242501593945,2.6042612535664613e+27
3756.0,23.370013070906676,5.175990677485952,2.5933110345518694e+27
3766.0,23.36977448664657,5.175957233344935,2.5824357901820007e+27
3776.0,23.369536814261714,5.175923916903676,2.571634810071467e+27
3786.0,23.369300047855994,5.1758907273370935,2.560907392422926e+27
3796.0,23.3690641815869,5.175857663827607,2.5502528439009273e+27
3806.0,23.368829209664906,5.175824725565039,2.5396704795079345e+27
3816.0,23.368595126352847,5.17579191174654,2.5291596224624844e+27
3826.0,23.36836192596532,5.175759221576498,2.51871960407944e+27
3836.0,23.368129602868073,5.1757266542664535,2.508349763652297e+27
3846.0,23.367898151477416,5.17569420903502,2.498049448337503e+27
3856.0,23.36766756625963,5.1756618851077985,2.4878180130407447e+27
3866.0,23.367437841730407,5.175629681717301,2.4776548203051775e+27
3876.0,23.367208972454268,5.1755975981028675,2.4675592402015438e+27
3886.0,23.36698095304401,5.175565633510592,2.457530650220153e+27
3896.0,23.36675377816015,5.17553378719324,2.447568435164687e+27
3906.0,23.366527442510385,5.175502058410177,2.4376719870477912e+27
3916.0,23.366301940849052,5.1754704464272905,2.4278407049884168e+27
3926.0,23.366077267976603,5.175438950516919,2.418073995110888e+27
3936.0,23.365853418739075,5.175407569957775,2.4083712704456495e+27
3946.0,23.365630388027586,5.175376304034879,2.398731950831673e+27
3956.0,23.365408170777823,5.175345152039481,2.3891554628204808e+27
3966.0,23.365186761969536,5.175314113268996,2.379641239581766e+27
3976.0,23.364966156626053,5.175283187026936,2.3701887208105699e+27
3986.0,23.36474634981379,5.175252372622834,2.3607973526359917e+27
3996.0,23.364527336641768,5.17522166937219,2.3514665875314004e+27
4006.0,23.36430911226114,5.175191076596389,2.342195884226122e+27
4016.0,23.364091671864728,5.175160593622648,2.33298470761857e+27
4026.0,23.36387501068656,5.175130219783949,2.323832528690797e+27
4036.0,23.36365912400141,5.175099954418967,2.3147388244244372e+27
4046.0,23.363444007124357,5.175069796872023,2.3057030777180166e+27
4056.0,23.36322965541034,5.175039746493007,2.2967247773056017e+27
4066.0,23.36301606425372,5.175009802637325,2.287803417676766e+27
4076.0,23.362803229087852,5.1749799646658365,2.278938498997844e+27
4086.0,23.362591145384652,5.174950231944797,2.270129527034459e+27
4096.0,23.36237980865419,5.174920603845794,2.261376013075289e+27
4106.0,23.36216921444427,5.1748910797456995,2.2526774738570538e+27
4116.0,23.361959358340012,5.1748616590266,2.2440334314907047e+27
4126.0,23.361750235963477,5.174832341075752,2.235443413388785e+27
4136.0,23.36154184297323,5.174803125285516,2.2269069521939523e+27
4146.0,23.361334175063988,5.1747740110533105,2.218423585708626e+27
4156.0,23.3611272279662,5.174744997781554,2.2099928568257553e+27
4166.0,23.360920997445685,5.174716084877608,2.2016143134606772e+27
4176.0,23.36071547930325,5.174687271753732,2.1932875084840457e+27
4186.0,23.360510669374307,5.174658557827025,2.185011999655818e+27
4196.0,23.360306563528525,5.174629942519379,2.1767873495602734e+27
4206.0,23.360103157669453,5.174601425257423,2.1686131255420475e+27
4216.0,23.359900447734166,5.174573005472476,2.160488899643167e+27
4226.0,23.359698429692912,5.174544682600501,2.1524142485410605e+27
4236.0,23.359497099548765,5.174516456082047,2.1443887534875348e+27
4246.0,23.35929645333728,5.174488325362214,2.1364120002486937e+27
4256.0,23.35909648712615,5.174460289890589,2.1284835790457884e+27
4266.0,23.358897197014873,5.174432349121216,2.1206030844969753e+27
4276.0,23.35869857913442,5.174404502512537,2.112770115559974e+27
4286.0,23.358500629646908,5.174376749527354,2.104984275475602e+27
4296.0,23.35830334474528,5.174349089632777,2.0972451717121744e+27
4306.0,23.358106720652987,5.174321522300188,2.0895524159107552e+27
4316.0,23.35791075362366,5.17429404700519,2.0819056238312375e+27
4326.0,23.35771543994082,5.174266663227566,2.0743044152992493e+27
4336.0,23.35752077591755,5.174239370451235,2.0667484141538597e+27
4346.0,23.357326757896214,5.174212168164214,2.05923724819608e+27
4356.0,23.357133382248136,5.174185055858569,2.0517705491381404e+27
4366.0,23.356940645373324,5.17415803303038,2.0443479525535303e+27
4376.0,23.35674854370016,5.174131099179695,2.03696909782779e+27
4386.0,23.356557073685128,5.174104253810495,2.0296336281100417e+27
4396.0,23.35636623181252,5.174077496430652,2.022341190265243e+27
4406.0,23.356176014594155,5.174050826551887,2.0150914348271546e+27
4416.0,23.35598641856911,5.174024243689734,2.0078840159520072e+27
4426.0,23.35579744030343,5.173997747363503,2.000718591372859e+27
4436.0,23.355609076389875,5.173971337096237,1.9935948223546277e+27
4446.0,23.355421323447644,5.173945012414682,1.9865123736497886e+27
4456.0,23.355234178122103,5.173918772849243,1.9794709134547253e+27
4466.0,23.355047637084542,5.1738926179339515,1.972470113366726e+27
4476.0,23.3548616970319,5.173866547206427,1.9655096483416085e+27
4486.0,23.35467635468652,5.173840560207846,1.9585891966519675e+27
4496.0,23.3544916067959,5.173814656482899,1.9517084398460337e+27
4506.0,23.35430745013243,5.173788835579765,1.9448670627071318e+27
4516.0,23.354123881493166,5.17376309705007,1.9380647532137296e+27
4526.0,23.35394089769957,5.173737440448856,1.931301202500067e+27
4536.0,23.35375849559728,5.173711865334547,1.9245761048173573e+27
4546.0,23.35357667205587,5.173686371268916,1.9178891574955482e+27
4556.0,23.35339542396862,5.173660957817053,1.9112400609056348e+27
4566.0,23.353214748252284,5.173635624547332,1.904628518422517e+27
4576.0,23.353034641846854,5.173610371031377,1.8980542363883886e+27
4586.0,23.352855101715342,5.173585196844035,1.8915169240766524e+27
4596.0,23.35267612484356,5.173560101563342,1.8850162936563527e+27
4606.0,23.35249770823988,5.173535084770489,1.878552060157113e+27
4616.0,23.352319848935053,5.173510146049801,1.8721239414345766e+27
4626.0,23.352142543981955,5.173485284988696,1.8657316581363348e+27
4636.0,23.351965790455395,5.173460501177662,1.859374933668342e+27
4646.0,23.3517895854519,5.173435794210226,1.8530534941618026e+27
4656.0,23.351613926089513,5.173411163682924,1.8467670684405294e+27
4666.0,23.35143880950758,5.173386609195274,1.8405153879887588e+27
4676.0,23.35126423286655,5.173362130349746,1.8342981869194218e+27
4686.0,23.351090193347776,5.173337726751735,1.8281152019428557e+27
4696.0,23.350916688153315,5.173313398009534,1.8219661723359592e+27
4706.0,23.35074371450573,5.173289143734302,1.8158508399117752e+27
4716.0,23.3505712696479,5.173264963540045,1.8097689489894985e+27
4726.0,23.350399350842835,5.173240857043582,1.8037202463649023e+27
4736.0,23.350227955373466,5.1732168238645215,1.797704481281172e+27
4746.0,23.35005708054248,5.173192863625235,1.7917214054001472e+27
4756.0,23.34988672367213,5.173168975950832,1.7857707727739585e+27
4766.0,23.349716882104044,5.173145160469134,1.7798523398170564e+27
4776.0,23.34954755319904,5.173121416810647,1.7739658652786262e+27
4786.0,23.349378734336977,5.173097744608541,1.768111110215382e+27
4796.0,23.349210422916542,5.173074143498622,1.7622878379647307e+27
4806.0,23.349042616355096,5.173050613119306,1.756495814118308e+27
4816.0,23.3488753120885,5.173027153111599,1.750734806495872e+27
4826.0,23.348708507570933,5.173003763119073,1.7450045851195547e+27
4836.0,23.348542200274746,5.172980442787839,1.7393049221884624e+27
4846.0,23.348376387690266,5.172957191766526,1.7336355920536216e+27
4856.0,23.348211067325654,5.172934009706254,1.7279963711932644e+27
4866.0,23.348046236706733,5.17291089626062,1.7223870381884462e+27
4876.0,23.347881893376826,5.172887851085667,1.716807373698994e+27
4886.0,23.347718034896598,5.172864873839865,1.7112571604397792e+27
4896.0,23.347554658843897,5.172841964184089,1.7057361831573058e+27
4906.0,23.347391762813604,5.172819121781596,1.700244228606616e+27
4916.0,23.34722934441747,5.172796346298005,1.6947810855285034e+27
4926.0,23.347067401283972,5.172773637401276,1.689346544627028e+27
4936.0,23.346905931058153,5.172750994761685,1.6839403985473368e+27
4946.0,23.346744931401478,5.172728418051808,1.678562441853772e+27
4956.0,23.34658439999169,5.172705906946499,1.673212471008276e+27
4966.0,23.346424334522663,5.172683461122866,1.6678902843490773e+27
4976.0,23.346264732704242,5.172661080260257,1.662595682069663e+27
4986.0,23.34610559226213,5.172638764040236,1.657328466198024e+27
4996.0,23.34594691093772,5.172616512146562,1.6520884405761774e+27
5006.0,23.345788686487968,5.172594324265174,1.6468754108399539e+27
