Time,Mass,Radius,Lx
23.0,6.728688454232868,8.74,1.4400000000000044e+30
23.1,6.727144636527341,8.734056089459433,1.4330151463418038e+30
23.200000000000003,6.725610875531714,8.728145078574611,1.4260941266342146e+30
23.300000000000004,6.724087061644261,8.722266644165197,1.4192360861134417e+30
23.400000000000006,6.722573086926986,8.7164204675827,1.41244018506433e+30
23.500000000000007,6.7210688450733596,8.710606234628152,1.4057055984925302e+30
23.60000000000001,6.719574231376808,8.704823635471593,1.399031515805166e+30
23.70000000000001,6.718089142699943,8.699072364573372,1.3924171404997456e+30
23.80000000000001,6.716613477444515,8.693352120607168,1.385861689861072e+30
23.900000000000013,6.715147135522056,8.687662606384713,1.3793643946659136e+30
24.000000000000014,6.713690018325212,8.682003528782147,1.3729244988952041e+30
24.100000000000016,6.712242028699733,8.676374598668005,1.3665412594535502e+30
24.200000000000017,6.7108030709171045,8.670775530832751,1.360213945895832e+30
24.30000000000002,6.709373050647807,8.66520604391982,1.3539418401606892e+30
24.40000000000002,6.707951874935186,8.659665860358206,1.3477242363106877e+30
24.50000000000002,6.706539452169915,8.654154706296424,1.3415604402789818e+30
24.600000000000023,6.705135692065032,8.648672311537931,1.3354497696222713e+30
24.700000000000024,6.703740505631543,8.643218409477907,1.3293915532798852e+30
24.800000000000026,6.702353805154567,8.63779273704137,1.323385131338805e+30
24.900000000000027,6.700975504170018,8.632395034622617,1.3174298548044668e+30
25.00000000000003,6.699605517441808,8.627025046025919,1.3115250853771698e+30
25.10000000000003,6.698243760939543,8.621682518407471,1.3056701952339382e+30
25.20000000000003,6.696890151816728,8.616367202218559,1.2998645668156794e+30
25.300000000000033,6.695544608389435,8.611078851149871,1.2941075926194913e+30
25.400000000000034,6.69420705011545,8.605817222077029,1.288398674995971e+30
25.500000000000036,6.692877397573867,8.600582075007184,1.282737225951389e+30
25.600000000000037,6.6915555724451306,8.595373173026728,1.2771226669545936e+30
25.70000000000004,6.690241497491504,8.590190282250093,1.271554428748509e+30
25.80000000000004,6.688935096537967,8.585033171769576,1.2660319511661094e+30
25.90000000000004,6.687636294453513,8.57990161360618,1.2605546829507359e+30
26.000000000000043,6.686345017132855,8.574795382661474,1.2551220815806473e+30
26.100000000000044,6.68506119147852,8.569714256670395,1.2497336130976808e+30
26.200000000000045,6.683784745383315,8.56465801615501,1.2443887519399163e+30
26.300000000000047,6.682515607713176,8.559626444379216,1.2390869807782338e+30
26.40000000000005,6.681253708290369,8.55461932730433,1.233827790356659e+30
26.50000000000005,6.679998977877049,8.54963645354555,1.2286106793363963e+30
26.60000000000005,6.678751348159157,8.544677614329308,1.2234351541434497e+30
26.700000000000053,6.677510751730659,8.53974260345143,1.2183007288197351e+30
26.800000000000054,6.6762771220781065,8.53483121723615,1.2132069248775936e+30
26.900000000000055,6.67505039356552,8.5299432544959,1.2081532711576139e+30
27.000000000000057,6.67383050141958,8.525078516491895,1.2031393036896767e+30
27.10000000000006,6.672617381715125,8.520236806895495,1.1981645655571374e+30
27.20000000000006,6.6714109713609435,8.515417931750289,1.1932286067640643e+30
27.30000000000006,6.670211208085858,8.510621699434934,1.1883309841054516e+30
27.400000000000063,6.669018030425089,8.505847920626696,1.1834712610403339e+30
27.500000000000064,6.667831377706896,8.501096408265695,1.1786490075677203e+30
27.600000000000065,6.666651190039487,8.496366977519829,1.1738638001052825e+30
27.700000000000067,6.665477408298192,8.491659445750365,1.1691152213707214e+30
27.800000000000068,6.664309974112889,8.48697363247818,1.1644028602657453e+30
27.90000000000007,6.663148829855687,8.482309359350648,1.1597263117625932e+30
28.00000000000007,6.661993918628847,8.47766645010914,1.1550851767930374e+30
28.100000000000072,6.660845184252946,8.473044730557145,1.1504790621398048e+30
28.200000000000074,6.659702571255276,8.46844402852896,1.145907580330352e+30
28.300000000000075,6.658566024858464,8.463864173859008,1.1413703495329406e+30
28.400000000000077,6.657435490969322,8.459304998351673,1.1368669934549483e+30
28.500000000000078,6.656310916167909,8.454766335751748,1.1323971412433665e+30
28.60000000000008,6.655192247696811,8.450248021715362,1.1279604273874247e+30
28.70000000000008,6.654079433450624,8.445749893781509,1.1235564916232924e+30
28.800000000000082,6.652972421965642,8.44127179134405,1.1191849788408057e+30
28.900000000000084,6.651871162409743,8.436813555624244,1.1148455389921687e+30
29.000000000000085,6.65077560457247,8.43237502964378,1.1105378270025812e+30
29.100000000000087,6.649685698855298,8.427956058198282,1.1062615026827472e+30
29.200000000000088,6.648601396262093,8.423556487831318,1.1020162306432147e+30
29.30000000000009,6.647522648389743,8.419176166808848,1.0978016802105069e+30
29.40000000000009,6.6464494074189755,8.414814945094152,1.0936175253449977e+30
29.500000000000092,6.64538162610534,8.4104726743232,1.0894634445604911e+30
29.600000000000094,6.6443192577703645,8.40614920778045,1.0853391208454629e+30
29.700000000000095,6.643262256292878,8.401844400375087,1.0812442415859265e+30
29.800000000000097,6.6422105761004895,8.397558108617686,1.0771784984898812e+30
29.900000000000098,6.6411641721612344,8.393290190597266,1.0731415875133072e+30
30.0000000000001,6.6401229999753655,8.38904050595878,1.0691332087876701e+30
30.1000000000001,6.639087015567304,8.384808915880967,1.0651530665489008e+30
30.200000000000102,6.6380561754777325,8.380595283054598,1.0612008690678114e+30
30.300000000000104,6.637030436755838,8.376399471661125,1.0572763285819197e+30
30.400000000000105,6.636009756951693,8.372221347351667,1.0533791612286438e+30
30.500000000000107,6.6349940941087775,8.368060777226383,1.0495090869798385e+30
30.600000000000108,6.633983406756637,8.363917629814182,1.0456658295776401e+30
30.70000000000011,6.632977653903672,8.359791775052809,1.0418491164715904e+30
30.80000000000011,6.6319767950300585,8.355683084269229,1.0380586787570092e+30
30.900000000000112,6.630980790080796,8.351591430160392,1.0342942511145887e+30
31.000000000000114,6.629989599458879,8.347516686774295,1.0305555717511799e+30
31.100000000000115,6.6290031840185915,8.343458729491374,1.0268423823417424e+30
31.200000000000117,6.628021505058922,8.339417435006212,1.0231544279724354e+30
31.300000000000118,6.627044524317094,8.33539268130956,1.0194914570848199e+30
31.40000000000012,6.626072203962211,8.331384347670642,1.0158532214211484e+30
31.50000000000012,6.625104506589013,8.327392314619779,1.0122394759707183e+30
31.600000000000122,6.624141395211744,8.323416463931284,1.0086499789172628e+30
31.700000000000124,6.62318283325813,8.319456678606668,1.0050844915873589e+30
31.800000000000125,6.622228784563455,8.315512842858077,1.001542778399827e+30
31.900000000000126,6.621279213364746,8.311584842092056,9.980246068161025e+29
32.00000000000013,6.620334084295057,8.307672562893558,9.94529747291555e+29
32.10000000000013,6.619393362377852,8.303775893010192,9.910579732277365e+29
32.20000000000013,6.618457013021486,8.299894721336786,9.87609060925538e+29
32.30000000000013,6.617525002013781,8.296028937900136,9.841827895392303e+29
32.400000000000134,6.61659729551669,8.292178433844057,9.807789410313774e+29
32.500000000000135,6.615673860061062,8.28834310141465,9.773973001285957e+29
32.600000000000136,6.614754662541486,8.284522833945804,9.74037654278144e+29
32.70000000000014,6.613839670211231,8.28071752584496,9.70699793605327e+29
32.80000000000014,6.612928850677265,8.276927072579065,9.673835108716933e+29
32.90000000000014,6.6120221718953625,8.273151370660777,9.640886014340103e+29
33.00000000000014,6.611119602165294,8.269390317634896,9.608148632040002e+29
33.10000000000014,6.610221110126095,8.265643812064988,9.575620966088203e+29
33.200000000000145,6.609326664751413,8.261911753520241,9.543301045522726e+29
33.300000000000146,6.608436235344937,8.258194042562515,9.511186923767247e+29
33.40000000000015,6.6075497915358925,8.254490580733604,9.4792766782573e+29
33.50000000000015,6.606667303274629,8.250801270542707,9.447568410073296e+29
33.60000000000015,6.605788740828262,8.247126015454084,9.416060243580233e+29
33.70000000000015,6.604914074776398,8.243464719874904,9.384750326073939e+29
33.80000000000015,6.604043276006926,8.239817289143291,9.353636827433743e+29
33.900000000000155,6.603176315711876,8.236183629516548,9.322717939781376e+29
34.000000000000156,6.602313165383354,8.23256364815958,9.291991877146055e+29
34.10000000000016,6.6014537968095315,8.228957253133467,9.261456875135551e+29
34.20000000000016,6.6005981820707085,8.22536435338425,9.231111190613147e+29
34.30000000000016,6.599746293535436,8.221784858731858,9.200953101380365e+29
34.40000000000016,6.598898103856702,8.218218679859222,9.170980905865336e+29
34.50000000000016,6.5980535859681835,8.214665728301544,9.141192922816692e+29
34.600000000000165,6.597212713080549,8.211125916435751,9.11158749100288e+29
34.700000000000166,6.596375458677831,8.207599157470083,9.082162968916774e+29
34.80000000000017,6.595541796513848,8.204085365433855,9.052917734485481e+29
34.90000000000017,6.594711700608688,8.200584455167373,9.023850184785246e+29
35.00000000000017,6.593885145245247,8.197096342311992,8.994958735761314e+29
35.10000000000017,6.593062104965823,8.193620943300344,8.966241821952719e+29
35.20000000000017,6.59224255456876,8.190158175346683,8.937697896221819e+29
35.300000000000175,6.59142646910515,8.186707956437404,8.909325429488539e+29
35.400000000000176,6.590613823875581,8.183270205321689,8.881122910469205e+29
35.50000000000018,6.589804594426944,8.179844841502279,8.853088845419878e+29
35.60000000000018,6.588998756549281,8.176431785226415,8.825221757884106e+29
35.70000000000018,6.588196286272689,8.173030957476891,8.797520188444983e+29
35.80000000000018,6.587397159864266,8.169642279963238,8.769982694481482e+29
35.90000000000018,6.5866013538251105,8.166265675113042,8.742607849928892e+29
36.000000000000185,6.585808844887362,8.162901066063407,8.715394245043373e+29
36.100000000000186,6.58501961001129,8.159548376652497,8.68834048617048e+29
36.20000000000019,6.584233626382429,8.156207531411264,8.661445195517595e+29
36.30000000000019,6.58345087140875,8.152878455555232,8.634707010930217e+29
36.40000000000019,6.582671322717886,8.149561074976456,8.608124585671988e+29
36.50000000000019,6.581894958154392,8.146255316235559,8.581696588208429e+29
36.60000000000019,6.5811217557770485,8.1429611065539,8.555421701994277e+29
36.700000000000195,6.580351693856206,8.13967837380586,8.529298625264374e+29
36.800000000000196,6.579584750871169,8.136407046511215,8.503326070828041e+29
36.9000000000002,6.578820905507625,8.133147053827647,8.477502765866843e+29
37.0000000000002,6.578060136655098,8.129898325543355,8.451827451735719e+29
37.1000000000002,6.577302423404458,8.12666079206974,8.426298883767379e+29
37.2000000000002,6.576547745045454,8.123434384434255,8.400915831079926e+29
37.3000000000002,6.575796081064292,8.12021903427328,8.375677076387628e+29
37.400000000000205,6.575047411141242,8.117014673825174,8.350581415814805e+29
37.500000000000206,6.5743017151482865,8.113821235923373,8.325627658712715e+29
37.60000000000021,6.5735589731468025,8.110638653989595,8.300814627479466e+29
37.70000000000021,6.572819165385274,8.107466862027165,8.276141157382817e+29
37.80000000000021,6.572082272297043,8.104305794614392,8.251606096385863e+29
37.90000000000021,6.571348274498087,8.101155386898078,8.227208304975535e+29
38.00000000000021,6.5706171527848385,8.098015574587095,8.202946655993855e+29
38.100000000000215,6.569888888132027,8.094886293946054,8.178820034471906e+29
38.200000000000216,6.569163461690559,8.091767481789061,8.154827337466464e+29
38.30000000000022,6.5684408547854245,8.088659075473577,8.130967473899239e+29
38.40000000000022,6.567721048913635,8.08556101289433,8.107239364398669e+29
38.50000000000022,6.567004025742191,8.082473232477335,8.083641941144241e+29
38.60000000000022,6.566289767106083,8.079395673173986,8.06017414771328e+29
38.70000000000022,6.565578255006312,8.076328274455243,8.036834938930152e+29
38.800000000000225,6.56486947160795,8.073270976305867,8.013623280717845e+29
38.900000000000226,6.564163399238216,8.070223719218774,7.990538149951903e+29
39.00000000000023,6.563460020384589,8.06718644418943,7.967578534316625e+29
39.10000000000023,6.562759317692945,8.06415909271034,7.944743432163539e+29
39.20000000000023,6.562061273965715,8.061141606765615,7.922031852372069e+29
39.30000000000023,6.561365872160079,8.058133928825585,7.899442814212384e+29
39.40000000000023,6.560673095386177,8.05513600184153,7.876975347210361e+29
39.500000000000234,6.559982926905349,8.052147769240436,7.854628491014661e+29
39.600000000000236,6.5592953501284,8.049169174919848,7.832401295265848e+29
39.70000000000024,6.558610348613886,8.046200163242792,7.810292819467514e+29
39.80000000000024,6.557927906066428,8.04324067903273,7.788302132859414e+29
39.90000000000024,6.557248006335048,8.040290667568636,7.766428314292518e+29
40.00000000000024,6.556570633411523,8.0373500745801,7.744670452105995e+29
40.10000000000024,6.5558957714287756,8.034418846242502,7.723027644006063e+29
40.200000000000244,6.555223404659269,8.03149692917226,7.701498996946692e+29
40.300000000000246,6.554553517513436,8.028584270422115,7.680083627012102e+29
40.40000000000025,6.553886094538129,8.025680817476534,7.658780659301071e+29
40.50000000000025,6.553221120415084,8.022786518247097,7.637589227812953e+29
40.60000000000025,6.552558579959413,8.019901321068,7.616508475335447e+29
40.70000000000025,6.551898458118116,8.017025174691593,7.595537553334038e+29
40.80000000000025,6.551240739968608,8.014158028283994,7.574675621843098e+29
40.900000000000254,6.550585410717271,8.011299831420734,7.553921849358614e+29
41.000000000000256,6.549932455698023,8.008450534082474,7.533275412732525e+29
41.10000000000026,6.549281860370912,8.005610086650778,7.512735497068626e+29
41.20000000000026,6.548633610320718,8.002778439903935,7.492301295620023e+29
41.30000000000026,6.547987691255584,7.999955545012835,7.471972009688098e+29
41.40000000000026,6.547344089005662,7.997141353536902,7.451746848522981e+29
41.50000000000026,6.546702789521775,7.9943358174200725,7.431625029225479e+29
41.600000000000264,6.546063778874098,7.991538888986831,7.411605776650453e+29
41.700000000000266,6.54542704325086,7.988750520938293,7.391688323311612e+29
41.80000000000027,6.544792568957057,7.985970666348331,7.3718719092877e+29
41.90000000000027,6.544160342413188,7.983199278659773,7.35215578213005e+29
42.00000000000027,6.543530350154005,7.980436311680608,7.3325391967715e+29
42.10000000000027,6.542902578827277,7.977681719580284,7.313021415436607e+29
42.20000000000027,6.542277015192576,7.974935456886019,7.293601707553189e+29
42.300000000000274,6.541653646120074,7.972197478479176,7.274279349665133e+29
42.400000000000276,6.541032458589357,7.969467739591678,7.255053625346463e+29
42.50000000000028,6.540413439688257,7.966746195802461,7.235923825116644e+29
42.60000000000028,6.539796576611698,7.964032803033991,7.216889246357113e+29
42.70000000000028,6.539181856660551,7.961327517548794,7.197949193228993e+29
42.80000000000028,6.538569267240515,7.958630295946053,7.179102976591989e+29
42.90000000000028,6.537958795861004,7.955941095158243,7.160349913924442e+29
43.000000000000284,6.537350430134052,7.953259872447804,7.141689329244528e+29
43.100000000000286,6.536744157773229,7.9505865854038404,7.123120553032553e+29
43.20000000000029,6.536139966592575,7.947921191938894,7.104642922154378e+29
43.30000000000029,6.535537844505546,7.945263650285728,7.0862557797859e+29
43.40000000000029,6.534937779523972,7.942613918994159,7.067958475338622e+29
43.50000000000029,6.534339759757028,7.939971956927927,7.049750364386252e+29
43.60000000000029,6.533743773410223,7.93733772326161,7.031630808592336e+29
43.700000000000294,6.5331498087843975,7.934711177477569,7.013599175638912e+29
43.800000000000296,6.532557854274731,7.932092279362923,6.995654839156154e+29
43.9000000000003,6.53196789836977,7.929480989006581,6.977797178652997e+29
44.0000000000003,6.531379929650464,7.926877266796293,6.96002557944873e+29
44.1000000000003,6.53079393678921,7.924281073415736,6.942339432605541e+29
44.2000000000003,6.530209908548914,7.9216923698416455,6.924738134861982e+29
44.3000000000003,6.529627833782064,7.91911111734097,6.907221088567374e+29
44.400000000000304,6.529047701429815,7.91653727746807,6.889787701617096e+29
44.500000000000306,6.528469500521078,7.913970812061946,6.87243738738878e+29
44.60000000000031,6.527893220171632,7.911411683243488,6.85516956467937e+29
44.70000000000031,6.527318849583237,7.908859853412782,6.837983657643053e+29
44.80000000000031,6.526746378042766,7.906315285246425,6.820879095730023e+29
44.90000000000031,6.526175794921341,7.9037779416948855,6.803855313626099e+29
45.00000000000031,6.525607089673483,7.901247785979887,6.786911751193148e+29
45.100000000000314,6.525040251836274,7.898724781591829,6.770047853410326e+29
45.200000000000315,6.524475271028525,7.896208892287232,6.753263070316105e+29
45.30000000000032,6.523912136949956,7.893700082086211,6.7365568569511e+29
45.40000000000032,6.523350839380391,7.891198315270003,6.719928673301645e+29
45.50000000000032,6.522791368178952,7.88870355637847,6.703377984244144e+29
45.60000000000032,6.522233713283274,7.886215770207693,6.68690425949017e+29
45.70000000000032,6.521677864708724,7.88373492180755,6.67050697353228e+29
45.800000000000324,6.521123812547626,7.881260976479341,6.654185605590575e+29
45.900000000000325,6.5205715469685055,7.878793899773434,6.637939639559968e+29
46.00000000000033,6.520021058215334,7.8763336574869385,6.62176856395814e+29
46.10000000000033,6.519472336606785,7.873880215661417,6.605671871874208e+29
46.20000000000033,6.5189253725355005,7.871433540580597,6.589649060918057e+29
46.30000000000033,6.518380156467368,7.868993598768139,6.573699633170341e+29
46.40000000000033,6.517836678940799,7.8665603569854134,6.557823095133162e+29
46.500000000000334,6.517294930566024,7.864133782229301,6.542018957681375e+29
46.600000000000335,6.516754902024392,7.861713841730019,6.526286736014548e+29
46.70000000000034,6.516216584067677,7.85930050294899,6.510625949609545e+29
46.80000000000034,6.515679967517398,7.856893733576708,6.49503612217373e+29
46.90000000000034,6.515145043264141,7.854493501530646,6.479516781598785e+29
47.00000000000034,6.514611802266893,7.85209977495318,6.46406745991512e+29
47.10000000000034,6.514080235552383,7.849712522209543,6.448687693246893e+29
47.200000000000344,6.513550334214426,7.84733171188579,6.433377021767589e+29
47.300000000000345,6.513022089413288,7.8449573127868,6.418134989656198e+29
47.40000000000035,6.512495492375039,7.8425892939342905,6.402961145053941e+29
47.50000000000035,6.511970534390931,7.840227624564857,6.387855040021562e+29
47.60000000000035,6.511447206816776,7.83787227412804,6.372816230497172e+29
47.70000000000035,6.510925501072325,7.835523212284391,6.357844276254619e+29
47.80000000000035,6.51040540864067,7.833180408903603,6.342938740862411e+29
47.900000000000354,6.509886921067635,7.830843834062609,6.3280991916431496e+29
48.000000000000355,6.5093700299611905,7.828513458043755,6.313325199633487e+29
48.10000000000036,6.50885472699086,7.826189251332931,6.298616339544587e+29
48.20000000000036,6.508341003887144,7.823871184617795,6.283972189723097e+29
48.30000000000036,6.507828852440945,7.821559228785951,6.269392332112606e+29
48.40000000000036,6.507318264503006,7.819253354923193,6.2548763522155945e+29
48.50000000000036,6.5068092319833415,7.816953534311736,6.240423839055863e+29
48.600000000000364,6.506301746850691,7.814659738428492,6.2260343851414336e+29
48.700000000000365,6.50579580113197,7.812371938943345,6.211707586427919e+29
48.80000000000037,6.5052913869117255,7.810090107717457,6.197443042282348e+29
48.90000000000037,6.5047884963316065,7.807814216801582,6.18324035544745e+29
49.00000000000037,6.50428712158983,7.805544238434418,6.1690991320063755e+29
49.10000000000037,6.503787254940662,7.8032801450409455,6.155018981347867e+29
49.20000000000037,6.503288888693898,7.801021909230814,6.1409995161318575e+29
49.300000000000374,6.502792015214352,7.798769503796732,6.127040352255493e+29
49.400000000000375,6.50229662692135,7.796522901712866,6.113141108819587e+29
49.50000000000038,6.501802716288233,7.7942820761332765,6.0993014080954735e+29
49.60000000000038,6.501310275841861,7.792047000390358,6.085520875492287e+29
49.70000000000038,6.500819298162123,7.789817647993296,6.071799139524631e+29
49.80000000000038,6.5003297758814576,7.787593992626537,6.05813583178065e+29
49.90000000000038,6.49984170168437,7.785376008148296,6.044530586890493e+29
50.000000000000384,6.499355068306963,7.783163668589044,6.030983042495165e+29
50.100000000000385,6.498869868536468,7.780956948150047,6.017492839215752e+29
50.20000000000039,6.498386095210783,7.778755821201898,6.0040596206230265e+29
50.30000000000039,6.497903741218017,7.776560262283072,5.990683033207425e+29
50.40000000000039,6.497422799496034,7.7743702460984885,5.9773627263493834e+29
50.50000000000039,6.496943263032011,7.772185747518117,5.9640983522900375e+29
50.60000000000039,6.496465124861992,7.7700067415755445,5.950889566102274e+29
50.700000000000394,6.49598837807045,7.767833203466617,5.937736025662138e+29
50.800000000000395,6.49551301578986,7.765665108548058,5.924637391620571e+29
50.9000000000004,6.495039031200264,7.7635024323361055,5.911593327375504e+29
51.0000000000004,6.494566417528851,7.761345150505175,5.8986034990442776e+29
51.1000000000004,6.49409516804954,7.759193238886528,5.885667575436394e+29
51.2000000000004,6.493625276082562,7.7570466734669505,5.872785228026591e+29
51.3000000000004,6.493156734994054,7.7549054303874705,5.8599561309282464e+29
51.400000000000404,6.492689538195651,7.752769485942043,5.847179960867091e+29
51.500000000000405,6.492223679144088,7.750638816576288,5.834456397155232e+29
51.600000000000406,6.4917591513407995,7.748513398886235,5.821785121665495e+29
51.70000000000041,6.491295948331531,7.746393209617057,5.809165818806061e+29
51.80000000000041,6.4908340637059485,7.7442782256618425,5.796598175495406e+29
51.90000000000041,6.490373491097256,7.742168424060379,5.784081881137537e+29
52.00000000000041,6.489914224181814,7.740063781997922,5.771616627597512e+29
52.10000000000041,6.489456256678766,7.737964276804012,5.759202109177263e+29
52.200000000000415,6.488999582349663,7.735869885951283,5.746838022591688e+29
52.300000000000416,6.488544194998101,7.7337805870542855,5.734524066945027e+29
52.40000000000042,6.4880900884693515,7.731696357868321,5.722259943707518e+29
53.40000000000042,6.483618143477351,7.711128104634888,5.602295463573471e+29
54.40000000000042,6.479267806632118,7.691043355545675,5.487002554087389e+29
55.40000000000042,6.475033557849231,7.671422018266215,5.376118347581665e+29
56.40000000000042,6.4709102231644975,7.652245180913624,5.2693991615505966e+29
57.40000000000042,6.46689294728731,7.633495023212854,5.166618788932094e+29
58.40000000000042,6.462977168768627,7.6151547357523075,5.0675669673922806e+29
59.40000000000042,6.459158597494283,7.5972084464761345,4.972048006176704e+29
60.40000000000042,6.455433194250621,7.579641153655338,4.879879551971041e+29
61.40000000000042,6.451797152140689,7.562438664670115,4.790891477666076e+29
62.40000000000042,6.448246879656162,7.545587540014356,4.704924880015594e+29
63.40000000000042,6.444778985233438,7.529075042001267,4.621831173968775e+29
64.40000000000042,6.441390263142548,7.512889087708347,4.541471272997889e+29
65.40000000000042,6.438077680575041,7.497018205751708,4.463714846066962e+29
66.40000000000042,6.434838365812279,7.481451496524995,4.388439643029959e+29
67.40000000000042,6.431669597368903,7.466178595577727,4.315530881235591e+29
68.40000000000042,6.428568794017874,7.451189639842813,4.244880686972538e+29
69.40000000000042,6.425533505613716,7.436475236453578,4.176387586133197e+29
70.40000000000042,6.422561404639549,7.422026433917678,4.1099560391219905e+29
71.40000000000042,6.4196502784113925,7.407834695439124,4.0454960155994674e+29
72.40000000000042,6.416798021880162,7.3938918742008255,3.982922605147565e+29
73.40000000000042,6.414002630977958,7.380190190438697,3.9221556603741156e+29
74.40000000000042,6.411262196460635,7.366722210155105,3.8631194693544156e+29
75.40000000000042,6.408574898203498,7.353480825334133,3.805742454641525e+29
76.40000000000042,6.405938999911213,7.340459235534407,3.749956896370984e+29
77.40000000000042,6.403352844206855,7.3276509307469,3.695698677245028e+29
78.40000000000042,6.400814848068367,7.315049675415748,3.642907047410607e+29
79.40000000000042,6.3983234985837685,7.302649493529447,3.591524407448492e+29
80.40000000000042,6.395877348999094,7.290444654698245,3.541496107870629e+29
81.40000000000042,6.39347501503552,7.2784296611411605,3.49277026368272e+29
82.40000000000042,6.391115171454248,7.266599235512844,3.445297582711099e+29
83.40000000000042,6.38879654884969,7.2549483095065845,3.399031206519556e+29
84.40000000000042,6.3865179306532225,7.243472013175371,3.3539265628546836e+29
85.40000000000042,6.384278150331356,7.232165664917842,3.3099412286591616e+29
86.40000000000042,6.382076088763592,7.221024762080468,3.26703480278263e+29
87.40000000000042,6.379910671786471,7.210044972131435,3.2251687876006115e+29
88.40000000000042,6.377780867891534,7.199222124365303,3.184306478824412e+29
89.40000000000042,6.375685686065894,7.188552202100974,3.144412862850042e+29
90.40000000000042,6.373624173765097,7.178031335338426,3.1054545210527055e+29
91.40000000000042,6.371595415008802,7.167655793842535,3.067399540486107e+29
92.40000000000042,6.369598528590564,7.157421980624733,3.03021743049332e+29
93.40000000000042,6.367632666393735,7.147326425795631,2.9938790447788154e+29
94.40000000000042,6.3656970118061125,7.137365780763725,2.9583565085299728e+29
95.40000000000042,6.36379077822657,7.127536812757302,2.9236231502114148e+29
96.40000000000042,6.361913207657423,7.117836399648349,2.8896534376872186e+29
97.40000000000042,6.3600635693767655,7.108261525058843,2.856422918354794e+29
98.40000000000042,6.35824115868546,7.098809273731355,2.823908163000308e+29
99.40000000000042,6.356445295723872,7.08947682714707,2.792086713109211e+29
100.40000000000042,6.354675324353801,7.080261459375793,2.7609370313869686e+29
101.40000000000042,6.3529306111013994,7.071160533143326,2.7304384552646977e+29
102.40000000000042,6.351210544157186,7.062171496102925,2.7005711531822623e+29
103.40000000000042,6.349514532429545,7.05329187729834,2.6713160834576725e+29
104.40000000000042,6.347842004648354,7.044519283806803,2.6426549555664832e+29
105.40000000000042,6.346192408515634,7.035851397551218,2.614570193668472e+29
106.40000000000042,6.344565209900336,7.027285972271526,2.5870449022312788e+29
107.40000000000042,6.342959892074565,7.018820830645826,2.560062833612062e+29
108.40000000000042,6.341375954988759,7.0104538615525716,2.533608357468616e+29
109.40000000000042,6.339812914583478,7.00218301746569,2.507666431880938e+29
110.40000000000042,6.338270302135645,6.994006311975001,2.4822225760729908e+29
111.40000000000042,6.336747663637222,6.985921817424858,2.4572628446324137e+29
112.40000000000042,6.335244559204423,6.977927662664346,2.432773803133359e+29
113.40000000000042,6.333760562515707,6.970022030902831,2.4087425050743677e+29
114.40000000000042,6.33229526027692,6.9622031576650745,2.385156470049499e+29
115.40000000000042,6.330848251712031,6.954469328840389,2.3620036630766372e+29
116.40000000000042,6.329419148078034,6.946818878820832,2.339272475012232e+29
117.40000000000042,6.328007572202672,6.939250188723575,2.3169517039866104e+29
118.40000000000042,6.326613158043725,6.931761684692978,2.2950305377985046e+29
119.40000000000042,6.325235550268671,6.924351836278175,2.2734985372116314e+29
120.40000000000042,6.32387440385363,6.917019154882189,2.252345620099989e+29
121.40000000000042,6.322529383700546,6.909762192278867,2.2315620463921234e+29
122.40000000000042,6.321200164271635,6.902579539194109,2.2111384037678994e+29
123.40000000000042,6.319886429240175,6.895469823948174,2.1910655940643797e+29
124.40000000000042,6.31858787115681,6.88843171115586,2.171334820350238e+29
125.40000000000042,6.317304191130517,6.881463900481746,2.151937574630766e+29
126.40000000000042,6.316035098523521,6.874565125447667,2.1328656261479634e+29
127.40000000000042,6.314780310659414,6.867734152289884,2.1141110102424678e+29
128.40000000000043,6.313539552543817,6.860969778863488,2.09566601774618e+29
129.40000000000043,6.312312556596959,6.85427083359172,2.0775231848763945e+29
130.40000000000043,6.31109906239756,6.847636174458071,2.0596752836040653e+29
131.40000000000043,6.309898816437472,6.841064688039063,2.0421153124705177e+29
132.40000000000043,6.308711571886542,6.834555288575816,2.0248364878285085e+29
133.40000000000043,6.307537088367195,6.828106917082497,2.0078322354849826e+29
134.40000000000043,6.306375131738266,6.82171854049003,1.991096182724264e+29
135.40000000000043,6.305225473887636,6.8153891508233055,1.9746221506916756e+29
136.40000000000043,6.304087892533257,6.809117764410416,1.9584041471187794e+29
137.40000000000043,6.302962171032152,6.8029034211224175,1.942436359372548e+29
138.40000000000043,6.301848098197031,6.796745183642223,1.926713147811798e+29
139.40000000000043,6.300745468120154,6.790642136761344,1.911229039435208e+29
140.40000000000043,6.299654080004119,6.7845933867031665,1.895978721806125e+29
141.40000000000043,6.298573737999231,6.778598060471639,1.8809570372402435e+29
142.40000000000043,6.297504251047181,6.772655305224204,1.8661589772430017e+29
143.40000000000043,6.296445432730724,6.766764287667931,1.8515796771843103e+29
144.40000000000043,6.2953971011290975,6.760924193477834,1.837214411198912e+29
145.40000000000043,6.294359078678914,6.7551342267363825,1.8230585873013244e+29
146.40000000000043,6.2933311920403,6.749393609393346,1.8091077427049386e+29
147.40000000000043,6.292313271968028,6.743701580745052,1.7953575393354087e+29
148.40000000000043,6.291305153187435,6.738057396932259,1.781803759529018e+29
149.40000000000043,6.290306674274921,6.732460330455842,1.7684423019072068e+29
150.40000000000043,6.289317677542824,6.726909669709574,1.7552691774189262e+29
151.40000000000043,6.2883380089284735,6.721404718529248,1.742280505542925e+29
152.40000000000043,6.287367517887266,6.715944795757494,1.729472510642504e+29
153.40000000000043,6.286406057289574,6.710529234823635,1.7168415184656595e+29
154.40000000000043,6.285453483321332,6.705157383337983,1.704383952783914e+29
155.40000000000043,6.284509655388143,6.6998286026999505,1.692096332163484e+29
156.40000000000043,6.283574436022768,6.694542267719465,1.67997526686276e+29
157.40000000000043,6.282647690795845,6.689297766251132,1.6680174558503837e+29
158.40000000000043,6.281729288229715,6.684094498840622,1.6562196839385127e+29
159.40000000000043,6.28081909971522,6.678931878382858,1.644578819026117e+29
160.40000000000043,6.279916999431362,6.673809329791439,1.633091809447433e+29
161.40000000000043,6.279022864267697,6.6687262896789825,1.6217556814209302e+29
162.40000000000043,6.2781365737493635,6.663682206047845,1.610567536594397e+29
163.40000000000043,6.277258009964633,6.658676537990919,1.5995245496819415e+29
164.40000000000043,6.2763870574948895,6.653708755402041,1.5886239661889434e+29
165.40000000000043,6.275523603346933,6.648778338695697,1.5778631002211626e+29
166.40000000000043,6.274667536887527,6.643884778535659,1.5672393323744053e+29
167.40000000000043,6.273818749780097,6.639027575572186,1.5567501077013282e+29
168.40000000000043,6.272977135923492,6.634206240187524,1.5463929337521123e+29
169.40000000000043,6.272142591392742,6.6294202922493515,1.5361653786859071e+29
170.40000000000043,6.271315014381725,6.624669260871894,1.5260650694500884e+29
171.40000000000043,6.270494305147671,6.61995268418443,1.5160896900245113e+29
172.40000000000043,6.269680365957443,6.615270109106893,1.5062369797280771e+29
173.40000000000043,6.268873101035518,6.610621091132357,1.4965047315850546e+29
174.40000000000043,6.268072416513608,6.606005194116101,1.486890790748718e+29
175.40000000000043,6.267278220381863,6.601421990071071,1.4773930529799738e+29
176.40000000000043,6.2664904224415965,6.5968710589694695,1.4680094631787592e+29
177.40000000000043,6.265708934259472,6.592351988550272,1.4587380139660936e+29
178.40000000000043,6.264933669123102,6.587864374132453,1.449576744314762e+29
179.40000000000043,6.264164541998016,6.58340781843375,1.4405237382267027e+29
180.40000000000043,6.263401469485929,6.578981931394722,1.4315771234552519e+29
181.40000000000043,6.26264436978428,6.57458633000795,1.4227350702704904e+29
182.40000000000043,6.261893162646993,6.570220638152229,1.413995790266006e+29
183.40000000000043,6.261147769346408,6.565884486431489,1.405357535205466e+29
184.40000000000043,6.260408112636352,6.561577512018408,1.396818595907464e+29
185.40000000000043,6.259674116716299,6.557299358502441,1.3883773011671686e+29
186.40000000000043,6.258945707196598,6.5530496757421925,1.3800320167133702e+29
187.40000000000043,6.258222811064703,6.548828119721961,1.3717811441995834e+29
188.40000000000043,6.25750535665241,6.544634352412299,1.3636231202279133e+29
189.40000000000043,6.256793273604022,6.540468041634492,1.3555564154044585e+29
190.40000000000043,6.256086492845453,6.5363288609287995,1.3475795334250706e+29
191.40000000000043,6.255384946554205,6.5322164894263235,1.3396910101903408e+29
192.40000000000043,6.2546885681302085,6.528130611724432,1.3318894129487308e+29
193.40000000000043,6.253997292167491,6.524070917765583,1.3241733394668163e+29
194.40000000000043,6.253311054426645,6.520037102719428,1.3165414172256455e+29
195.40000000000043,6.2526297918080695,6.516028866868151,1.3089923026422636e+29
196.40000000000043,6.251953442325964,6.51204591549485,1.3015246803154927e+29
197.40000000000043,6.251281945083039,6.50808795877496,1.2941372622950881e+29
198.40000000000043,6.250615240245937,6.504154711670536,1.286828787373436e+29
199.40000000000043,6.249953269021317,6.500245893827364,1.2795980203989867e+29
200.40000000000043,6.249295973632608,6.4963612294747755,1.2724437516106514e+29
201.40000000000043,6.248643297297389,6.49250044732811,1.2653647959924198e+29
202.40000000000043,6.247995184205381,6.48866328049372,1.2583599926474906e+29
203.40000000000043,6.247351579497042,6.484849466376449,1.2514282041912299e+29
204.40000000000043,6.2467124292427245,6.481058746589502,1.2445683161623011e+29
205.40000000000043,6.246077680422404,6.4772908668666425,1.2377792364513387e+29
206.40000000000043,6.245447280905936,6.473545576976649,1.2310598947465591e+29
207.40000000000043,6.244821179433841,6.469822630639941,1.2244092419957282e+29
208.40000000000043,6.244199325598592,6.466121785447317,1.2178262498839256e+29
209.40000000000043,6.243581669826397,6.46244280278078,1.2113099103265717e+29
210.40000000000043,6.242968163359456,6.458785447736311,1.2048592349771955e+29
211.40000000000043,6.242358758238675,6.455149489048605,1.1984732547494529e+29
212.40000000000043,6.241753407286828,6.4515346990176745,1.1921510193529147e+29
213.40000000000043,6.241152064092159,6.447940853437261,1.1858915968421644e+29
214.40000000000043,6.240554682992391,6.444367731525048,1.1796940731787659e+29
215.40000000000043,6.239961219059156,6.440815115854543,1.1735575518056742e+29
216.40000000000043,6.239371628082807,6.4372827922886415,1.167481153233681e+29
217.40000000000043,6.2387858665576275,6.433770549914842,1.1614640146394991e+29
218.40000000000043,6.238203891667397,6.430278180981974,1.15550528947511e+29
219.40000000000043,6.237625661271332,6.426805480838498,1.1496041470880035e+29
220.40000000000043,6.237051133890367,6.423352247872254,1.1437597723519636e+29
221.40000000000043,6.2364802686937795,6.41991828345167,1.1379713653080581e+29
222.40000000000043,6.235913025486144,6.416503391868368,1.1322381408155054e+29
223.40000000000043,6.23534936469461,6.413107380281113,1.1265593282121042e+29
224.40000000000043,6.234789247356484,6.409730058661106,1.120934170983924e+29
225.40000000000043,6.23423263510712,6.406371239738538,1.1153619264439623e+29
226.40000000000043,6.233679490168102,6.403030738950418,1.1098418654194867e+29
227.40000000000043,6.233129775335707,6.399708374389586,1.1043732719477903e+29
228.40000000000043,6.232583453969651,6.3964039667549315,1.0989554429800989e+29
229.40000000000043,6.232040489982104,6.393117339302746,1.0935876880933763e+29
230.40000000000043,6.23150084782696,6.389848317799194,1.088269329209783e+29
231.40000000000043,6.230964492489369,6.386596730473881,1.0829997003235539e+29
232.40000000000043,6.23043138947551,6.383362407974463,1.0777781472350674e+29
233.40000000000043,6.229901504802611,6.380145183322291,1.0726040272918882e+29
234.40000000000043,6.229374804989194,6.376944891869062,1.0674767091365668e+29
235.40000000000043,6.228851257045554,6.373761371254432,1.0623955724609981e+29
236.40000000000043,6.228330828464458,6.370594461364586,1.0573600077671376e+29
237.40000000000043,6.227813487212052,6.3674440042917375,1.0523694161338845e+29
238.40000000000043,6.22729920171899,6.364309844294498,1.047423208989949e+29
239.40000000000043,6.226787940871754,6.361191827759166,1.0425208078925258e+29
240.40000000000043,6.226279674004175,6.358089803161821,1.0376616443116009e+29
241.40000000000043,6.2257743708891535,6.355003621031285,1.0328451594197247e+29
242.40000000000043,6.225272001730559,6.351933133912867,1.0280708038870951e+29
243.40000000000043,6.224772537155314,6.3488781963329135,1.0233380376817894e+29
244.40000000000043,6.2242759482056575,6.345838664764109,1.0186463298750002e+29
245.40000000000043,6.223782206331582,6.342814397591539,1.0139951584511253e+29
246.40000000000043,6.223291283383434,6.339805255079472,1.0093840101225779e+29
247.40000000000043,6.222803151604682,6.336811099338851,1.0048123801491731e+29
248.40000000000043,6.222317783624845,6.333831794295486,1.0002797721619667e+29
249.40000000000043,6.221835152452576,6.3308672056589135,9.957856979914146e+28
250.40000000000043,6.221355231468891,6.327917200891907,9.91329677499734e+28
251.40000000000043,6.220877994420555,6.324981649180646,9.86911238417341e+28
252.40000000000043,6.220403415413602,6.322060421405499,9.825299161832584e+28
253.40000000000043,6.219931468907009,6.319153390112406,9.781852537893737e+28
254.40000000000043,6.219462129706487,6.316260429484888,9.738768016284458e+28
255.40000000000043,6.218995372958422,6.313381415316588,9.69604117345752e+28
256.40000000000043,6.218531174143937,6.3105162249844255,9.65366765694276e+28
257.40000000000043,6.218069509073082,6.307664737422279,9.611643183933387e+28
258.40000000000043,6.21761035387915,6.304826833095193,9.569963539905777e+28
259.40000000000043,6.2171536850131055,6.302002393974147,9.528624577271805e+28
260.40000000000043,6.216699479238143,6.299191303511309,9.48762221406287e+28
261.40000000000043,6.216247713624345,6.2963934466157845,9.446952432644718e+28
262.40000000000043,6.215798365543461,6.293608709629893,9.406611278462238e+28
263.40000000000043,6.215351412663794,6.2908369803058655,9.366594858813409e+28
264.40000000000043,6.214906832945189,6.288078147783057,9.326899341651637e+28
265.40000000000043,6.214464604634129,6.285332102565576,9.287520954415708e+28
266.40000000000043,6.214024706258929,6.282598736500388,9.2484559828866e+28
267.40000000000043,6.213587116625029,6.2798779427558244,9.209700770070473e+28
268.40000000000043,6.213151814810388,6.27716961580054,9.171251715107125e+28
269.40000000000043,6.212718780160961,6.274473651382857,9.133105272203233e+28
270.40000000000043,6.212287992286279,6.271789946510532,9.09525794958974e+28
271.40000000000043,6.211859431055109,6.269118399430926,9.057706308502763e+28
272.40000000000043,6.21143307659121,6.266458909611515,9.020446962187368e+28
273.40000000000043,6.2110089092691645,6.2638113777208275,8.983476574923668e+28
274.40000000000043,6.210586909710301,6.261175705609729,8.946791861074634e+28
275.40000000000043,6.210167058778693,6.258551796293045,8.910389584155047e+28
276.40000000000043,6.209749337577242,6.2559395539315865,8.874266555921096e+28
277.40000000000043,6.20933372744383,6.253338883814452,8.838419635480019e+28
278.40000000000043,6.208920209947554,6.250749692341724,8.802845728419353e+28
279.40000000000043,6.208508766885034,6.248171887007462,8.767541785955228e+28
280.40000000000043,6.208099380276792,6.245605376383015,8.73250480409927e+28
281.40000000000043,6.207692032363698,6.243050070100658,8.697731822843594e+28
282.40000000000043,6.20728670560349,6.240505878837544,8.663219925363488e+28
283.40000000000043,6.2068833826673595,6.237972714299923,8.62896623723729e+28
284.40000000000043,6.2064820464366015,6.2354504892076825,8.594967925683065e+28
285.40000000000043,6.206082679999331,6.232939117279168,8.561222198811646e+28
286.40000000000043,6.205685266647258,6.2304385132162725,8.527726304895627e+28
287.40000000000043,6.2052897898725305,6.227948592689817,8.49447753165393e+28
288.40000000000043,6.2048962333646305,6.225469272325178,8.461473205551551e+28
289.40000000000043,6.204504581007335,6.223000469688204,8.428710691114114e+28
290.40000000000043,6.2041148168757285,6.220542103271367,8.396187390256863e+28
291.40000000000043,6.203726925233275,6.218094092480159,8.363900741627752e+28
292.40000000000043,6.203340890528947,6.215656357619771,8.331848219964285e+28
293.40000000000043,6.2029566973943995,6.213228819881959,8.300027335463755e+28
294.40000000000043,6.202574330641206,6.210811401332203,8.268435633166597e+28
295.40000000000043,6.202193775258143,6.208404024897041,8.237070692352503e+28
296.40000000000043,6.20181501640852,6.206006614351674,8.205930125948992e+28
297.40000000000043,6.201438039427563,6.203619094307758,8.175011579952179e+28
298.40000000000043,6.201062829819849,6.20124139020143,8.1443127328594e+28
299.40000000000043,6.200689373256776,6.198873428281541,8.113831295113441e+28
300.40000000000043,6.200317655574095,6.1965151355980925,8.083565008558084e+28
301.40000000000043,6.199947662769471,6.194166439990889,8.053511645904724e+28
302.40000000000043,6.199579381000101,6.19182727007836,8.023669010209754e+28
303.40000000000043,6.199212796580364,6.189497555246607,7.994034934362514e+28
304.40000000000043,6.198847895979524,6.1871772256386315,7.964607280583522e+28
305.40000000000043,6.198484665819467,6.184866212143733,7.93538393993276e+28
315.40000000000043,6.194941400012207,6.162253772260064,7.6539434722131e+28
325.40000000000043,6.191551514891641,6.140502084407203,7.390811226034923e+28
335.40000000000043,6.1883038367075764,6.119552875942201,7.144286812373012e+28
345.40000000000043,6.185188313422865,6.09935342982148,6.912872343054085e+28
355.40000000000043,6.182195873114183,6.079855910733473,6.695243304447658e+28
365.40000000000043,6.179318303695193,6.061016789452546,6.490224301741786e+28
375.40000000000043,6.176548150261003,6.042796348827936,6.296768751468956e+28
385.40000000000043,6.173878627075827,6.025158257984923,6.113941793975629e+28
395.40000000000043,6.171303541792537,6.008069203810333,5.940905846871513e+28
405.40000000000043,6.1688172299403,5.991498570774526,5.776908336290374e+28
415.40000000000043,6.166414498072,5.975418161724027,5.621271233203478e+28
425.40000000000043,6.1640905742474015,5.959801953550086,5.473382093080687e+28
435.40000000000043,6.161841064756565,5.944625882665905,5.332686353385233e+28
445.40000000000043,6.1596619161728325,5.929867656059923,5.198680688088729e+28
455.40000000000043,6.1575493819749,5.915506584374434,5.070907254153311e+28
465.40000000000043,6.155499993100229,5.9015234340182126,4.948948693689263e+28
475.40000000000043,6.153510531892737,5.887900295783179,4.832423778747305e+28
485.40000000000043,6.151578008990756,5.874620467817188,4.720983604592162e+28
495.40000000000043,6.149699642770045,5.861668351122697,4.61430825271866e+28
505.40000000000043,6.147872841013764,5.849029356016434,4.512103857507709e+28
515.4000000000004,6.146095184529132,5.836689818207532,4.414100020822294e+28
525.4000000000004,6.1443644124704315,5.824636923338755,4.320047527442562e+28
535.4000000000004,6.14267840916171,5.812858638993429,4.229716321374946e+28
545.4000000000004,6.141035192240921,5.801343653304549,4.142893709014082e+28
555.4000000000004,6.139432901971291,5.79008131941629,4.059382760105165e+28
565.4000000000004,6.13786979158613,5.779061605145278,3.979000881622531e+28
575.4000000000004,6.136344218550754,5.768275047271828,3.9015785431884778e+28
585.4000000000004,6.134854636640007,5.75771270996267,3.826958135618496e+28
595.4000000000004,6.133399588742707,5.747366146887799,3.754992946687963e+28
605.4000000000004,6.131977700315247,5.737227366647039,3.685546240346655e+28
615.4000000000004,6.130587673416084,5.727288801167436,3.6184904274231616e+28
625.4000000000004,6.129228281260991,5.717543276772313,3.553706317412476e+28
635.4000000000004,6.127898363246037,5.707983987657178,3.491082442268775e+28
645.4000000000004,6.126596820391414,5.698604471537676,3.4305144442665696e+28
655.4000000000004,6.125322611164563,5.68939858726092,3.371904520975865e+28
665.4000000000004,6.124074747645748,5.680360494194504,3.3151609212449506e+28
675.4000000000004,6.1228522920032695,5.67148463322752,3.2601974868179496e+28
685.4000000000004,6.121654353249131,5.662765709235588,3.206933234850296e+28
695.4000000000004,6.120480084249069,5.654198674877454,3.15529197713796e+28
705.4000000000004,6.1193286789636545,5.645778715604374,3.1052019723575327e+28
715.4000000000004,6.118199369899583,5.637501235775684,3.056595608034231e+28
725.4000000000004,6.117091425752433,5.629361845784652,3.0094091093221047e+28
735.4000000000004,6.116004149224077,5.621356350108192,2.9635822720024296e+28
745.4000000000004,6.114936874999604,5.613480736202547,2.919058217388634e+28
755.4000000000004,6.113888967870119,5.605731164174541,2.875783167074428e+28
765.4000000000004,6.112859820989114,5.598103957164668,2.8337062356805257e+28
775.4000000000004,6.111848854251276,5.5905955923843695,2.792779239948404e+28
785.4000000000004,6.110855512783685,5.583202692755123,2.7529565227001534e+28
795.4000000000004,6.10987926554027,5.575922019101808,2.7141947903345823e+28
805.4000000000004,6.108919603991252,5.568750462857141,2.6764529626636903e+28
815.4000000000004,6.10797604090005,5.561685039237741,2.6396920340126656e+28
825.4000000000004,6.107048109180824,5.5547228808560085,2.6038749446124163e+28
835.4000000000004,6.106135360830417,5.547861231735009,2.568966461407958e+28
845.4000000000004,6.105237365929025,5.541097441696433,2.5349330674901476e+28
855.4000000000004,6.104353711704407,5.534428961094251,2.501742859433421e+28
865.4000000000004,6.103484001654912,5.527853335868992,2.4693654518894673e+28
875.4000000000004,6.102627854726965,5.521368202899616,2.437771888847035e+28
885.4000000000004,6.101784904543078,5.514971285631942,2.406934561022111e+28
895.4000000000004,6.100954798676725,5.508660389964193,2.3768271288912994e+28
905.4000000000004,6.100137197970751,5.502433400371849,2.347424450924853e+28
915.4000000000004,6.099331775896247,5.4962882762554255,2.31870251661517e+28
925.4000000000004,6.098538217949085,5.490223048496037,2.2906383839319923e+28
935.4000000000004,6.0977562210814975,5.484235816204801,2.2632101208675394e+28
945.4000000000004,6.096985493166333,5.478324743653271,2.236396750763724e+28
955.4000000000004,6.096225752491766,5.472488057372937,2.2101782011397474e+28
965.4000000000004,6.09547672728445,5.466724043412876,2.184535255762046e+28
975.4000000000004,6.094738155259209,5.46103104474534,2.159449509720036e+28
985.4000000000004,6.094009783193557,5.455407458809896,2.134903327290581e+28
995.4000000000004,6.093291366525428,5.449851735187354,2.110879802391816e+28
1005.4000000000004,6.092583013801177,5.444362929932371,2.082200992338888e+28
1015.4000000000004,6.091886836709794,5.4389433640554845,2.0498833074691927e+28
1025.4000000000005,6.0912027260272605,5.433591803314705,2.0183766194379757e+28
1035.4000000000005,6.090530354323269,5.428306693859419,1.9876529621316724e+28
1045.4000000000005,6.089869406181015,5.423086532683644,1.9576855913748957e+28
1055.4000000000005,6.089219577644244,5.417929865476225,1.9284489204984843e+28
1065.4000000000005,6.088580575694786,5.412835284581886,1.899918459876292e+28
1075.4000000000005,6.087952117758653,5.407801427066502,1.8720707601517268e+28
1085.4000000000005,6.08733393123886,5.402826972880228,1.8448833588970335e+28
1095.4000000000005,6.086725753073312,5.397910643112747,1.8183347304684093e+28
1105.4000000000005,6.086127329316172,5.393051198335158,1.7924042388383643e+28
1115.4000000000005,6.085538414741279,5.388247437023444,1.767072093203522e+28
1125.4000000000005,6.084958772466248,5.383498194058824,1.7423193061814002e+28
1135.4000000000005,6.084388173596009,5.378802339300538,1.7181276544237605e+28
1145.4000000000005,6.08382639688462,5.374158776226988,1.6944796414870028e+28
1155.4000000000005,6.0832732284142415,5.369566440641345,1.6713584628119018e+28
1165.4000000000005,6.082728461290293,5.365024299438052,1.648747972675817e+28
1175.4000000000005,6.082191895351815,5.360531349426834,1.626632652990491e+28
1185.4000000000005,6.0816633368961615,5.356086616211045,1.6049975838276987e+28
1195.4000000000005,6.08114259841721,5.351689153117441,1.5838284155634476e+28
1205.4000000000005,6.0806294983562985,5.347338040174543,1.5631113425391912e+28
1215.4000000000005,6.080123860865183,5.343032383137047,1.5428330781456636e+28
1225.4000000000005,6.079625515580333,5.338771312553783,1.5229808312415414e+28
1235.4000000000005,6.079134297407938,5.334553982876988,1.503542283825222e+28
1245.4000000000005,6.078650046319031,5.3303795716106945,1.4845055698836235e+28
1255.4000000000005,6.078172607154174,5.32624727849622,1.465859255347093e+28
1265.4000000000005,6.07770182943719,5.3221563247328625,1.4475923190843262e+28
1275.4000000000005,6.077237567197449,5.318105952232005,1.4296941348756136e+28
1285.4000000000005,6.076779678800253,5.314095422902937,1.4121544543068564e+28
1295.4000000000005,6.076328026784889,5.310124017968793,1.3949633905305887e+28
1305.4000000000005,6.075882477709952,5.306191037311148,1.3781114028437727e+28
1315.4000000000005,6.075442902005544,5.302295798841804,1.3615892820353998e+28
1325.4000000000005,6.0750091738320116,5.298437637900478,1.345388136459971e+28
1335.4000000000005,6.07458117094487,5.294615906677107,1.329499378795736e+28
1345.4000000000005,6.074158774565604,5.2908299736576065,1.3139147134491951e+28
1355.4000000000005,6.073741869258051,5.287079223091929,1.2986261245698024e+28
1365.4000000000005,6.073330342810078,5.283363054483401,1.2836258646410565e+28
1375.4000000000005,6.0729240861202936,5.2796808820982974,1.268906443616285e+28
1385.4000000000005,6.072522993089543,5.276032134494736,1.2544606185693825e+28
1395.4000000000005,6.072126960516957,5.272416254069979,1.2402813838325777e+28
1405.4000000000005,6.071735888000319,5.268832696625297,1.226361961595027e+28
1415.4000000000005,6.071349677840551,5.265280930947593,1.2126957929375936e+28
1425.4000000000005,6.070968234950126,5.261760438407025,1.1992765292806687e+28
1435.4000000000005,6.0705914667651975,5.258270712569898,1.1860980242232665e+28
1445.4000000000005,6.070219283161295,5.254811258826143,1.1731543257529091e+28
1455.4000000000005,6.0698515963724,5.251381594030764,1.1604396688070322e+28
1465.4000000000005,6.069488320913248,5.247981246158561,1.1479484681677619e+28
1475.4000000000005,6.069129373504714,5.244609753971654,1.135675311672967e+28
1485.4000000000005,6.068774673002128,5.241266666699138,1.1236149537274798e+28
1495.4000000000005,6.068424140326397,5.237951543728434,1.111762309099299e+28
1505.4000000000005,6.0680776983977935,5.234663954307782,1.1001124469864484e+28
1515.4000000000005,6.067735272072301,5.231403477259418,1.0886605853409863e+28
1525.4000000000005,6.067396788080396,5.228169700702974,1.0774020854374004e+28
1535.4000000000005,6.067062174968161,5.224962221788687,1.0663324466733555e+28
1545.4000000000005,6.066731363040616,5.221780646439982,1.0554473015914123e+28
1555.4000000000005,6.066404284307186,5.2186245891050715,1.0447424111109688e+28
1565.4000000000005,6.066080872429197,5.215493672517155,1.034213659960265e+28
1575.4000000000005,6.065761062669317,5.2123875274629174,1.0238570522988404e+28
1585.4000000000005,6.065444791842866,5.209305792558936,1.0136687075213563e+28
1595.4000000000005,6.0651319982709,5.206248114035732,1.003644856234181e+28
1605.4000000000005,6.064822621735001,5.203214145529103,9.937818363965896e+27
1615.4000000000005,6.064516603433706,5.200203547878477,9.840760896188798e+27
1625.4000000000005,6.064213885940495,5.197215988932008,9.74524157610085e+27
1635.4000000000005,6.063914413163279,5.19425114335815,9.651226787683717e+27
1645.4000000000005,6.063618130305329,5.191308692463424,9.55868384907556e+27
1655.4000000000005,6.063324983827574,5.188388324016179,9.467580981135181e+27
1665.4000000000005,6.063034921412225,5.185489732076093,9.377887277246119e+27
1675.4000000000005,6.062747891927665,5.182612616829182,9.289572674304677e+27
1685.4000000000005,6.062463845394554,5.179756684428143,9.202607924838762e+27
1695.4000000000005,6.0621827329530955,5.17692164683778,9.116964570207017e+27
1705.4000000000005,6.061904506831431,5.174107221685357,9.032614914830354e+27
1715.4000000000005,6.061629120315101,5.171313132115696,8.949532001410293e+27
1725.4000000000005,6.061356527717539,5.168539106650786,8.867689587090883e+27
1735.4000000000005,6.061086684351562,5.165784879053826,8.78706212052299e+27
1745.4000000000005,6.060819546501806,5.163050188197458,8.707624719791897e+27
1755.4000000000005,6.060555071398085,5.1603347779360735,8.629353151170943e+27
1765.4000000000005,6.060293217189619,5.157638396982048,8.552223808665809e+27
1775.4000000000005,6.060033942920118,5.154960798785738,8.476213694315761e+27
1785.4000000000005,6.059777208503674,5.152301741419134,8.40130039921974e+27
1795.4000000000005,6.059522974701438,5.149660987463006,8.327462085256758e+27
1805.4000000000005,6.059271203099044,5.147038303897453,8.254677467471493e+27
1815.4000000000005,6.059021856084767,5.144433461995691,8.182925797097351e+27
1825.4000000000005,6.058774896828369,5.141846237221017,8.112186845190558e+27
1835.4000000000005,6.058530289260621,5.139276409126795,8.042440886850103e+27
1845.4000000000005,6.058287998053474,5.136723761259379,7.973668685999478e+27
1855.4000000000005,6.058047988600842,5.134188081063871,7.905851480707324e+27
1865.4000000000005,6.057810227,5.131669159792594,7.838970969025099e+27
1875.4000000000005,6.057574680033546,5.129166792416245,7.773009295320922e+27
1885.4000000000005,6.057341315151926,5.126680777537541,7.707949037089637e+27
1895.4000000000005,6.057110100456499,5.124210917307378,7.643773192220139e+27
1905.4000000000005,6.056881004683113,5.121757017343343,7.580465166701736e+27
1915.4000000000005,6.056653997186183,5.119318886650531,7.518008762752232e+27
1925.4000000000005,6.056429047923253,5.116896337544585,7.456388167351164e+27
1935.4000000000005,6.056206127440017,5.114489185576889,7.39558794116231e+27
1945.4000000000005,6.055985206855792,5.112097249461834,7.335593007830344e+27
1955.4000000000005,6.055766257849423,5.109720351006095,7.276388643637175e+27
1965.4000000000005,6.055549252645604,5.107358315039853,7.217960467504068e+27
1975.4000000000005,6.055334164001604,5.1050109693499035,7.16029443132635e+27
1985.4000000000005,6.055120965194377,5.102678144614561,7.103376810627979e+27
1995.4000000000005,6.054909630008058,5.100359674340364,7.047194195523874e+27
2005.4000000000005,6.054700132721807,5.098055394800445,6.991733481978366e+27
2015.4000000000005,6.05449244809802,5.095765144974575,6.936981863348664e+27
2025.4000000000005,6.054286551370866,5.0934887664908075,6.882926822202674e+27
2035.4000000000005,6.054082418235157,5.0912261035686495,6.829556122400976e+27
2045.4000000000005,6.053880024835536,5.088977002963749,6.776857801433172e+27
2055.4000000000005,6.053679347755967,5.086741313914036,6.72482016299925e+27
2065.4000000000005,6.053480364009523,5.084518888087256,6.673431769826976e+27
2075.4000000000005,6.053283051028462,5.082309579529884,6.6226814367167e+27
2085.4000000000005,6.053087386654572,5.0801132446173405,6.572558223805338e+27
2095.4000000000005,6.052893349129797,5.077929742005511,6.5230514300416e+27
2105.4000000000005,6.052700917087109,5.07575893258349,6.474150586864854e+27
2115.4000000000005,6.052510069541638,5.0736006794275355,6.425845452080383e+27
2125.4000000000005,6.052320785882043,5.071454847756195,6.378126003923983e+27
2135.4000000000005,6.052133045862118,5.069321304886559,6.330982435309241e+27
2145.4000000000005,6.051946829592624,5.0671999201916105,6.284405148251011e+27
2155.4000000000005,6.051762117533345,5.0650905650586555,6.238384748458921e+27
2165.4000000000005,6.051578890485351,5.062993112848769,6.19291204009495e+27
2175.4000000000005,6.051397129583476,5.060907438857261,6.147978020689386e+27
2185.4000000000005,6.051216816288987,5.0588334202751035,6.103573876209656e+27
2195.4000000000005,6.051037932382453,5.05677093615132,6.059690976276776e+27
2205.4000000000005,6.0508604599568026,5.054719867356274,6.016320869524332e+27
2215.4000000000005,6.050684381410559,5.052680096545872,5.973455279095152e+27
2225.4000000000005,6.0505096794412525,5.050651508126611,5.931086098270953e+27
2235.4000000000005,6.0503363370390115,5.048633988221486,5.889205386230481e+27
2245.4000000000005,6.050164337480307,5.046627424636693,5.847805363931798e+27
2255.4000000000005,6.049993664321869,5.044631706829161,5.806878410114561e+27
2265.4000000000005,6.049824301394754,5.042646725874823,5.766417057418279e+27
2275.4000000000005,6.0496562327985615,5.040672374437641,5.726413988612676e+27
2285.4000000000005,6.049489442895807,5.038708546739387,5.686862032936468e+27
2295.4000000000005,6.049323916306422,5.0367551385301015,5.647754162540969e+27
2305.4000000000005,6.049159637902412,5.034812047059258,5.609083489035069e+27
2315.4000000000005,6.048996592802629,5.0328791710475915,5.570843260128297e+27
2325.4000000000005,6.048834766367688,5.030956410659579,5.533026856368754e+27
2335.4000000000005,6.0486741441950045,5.029043667476563,5.495627787972848e+27
2345.4000000000005,6.048514712113956,5.02714084447047,5.458639691743865e+27
2355.4000000000005,6.048356456181162,5.0252478459781535,5.422056328076528e+27
2365.4000000000005,6.048199362675881,5.023364577676308,5.38587157804478e+27
2375.4000000000005,6.048043418095518,5.021490946556942,5.350079440570155e+27
2385.4000000000005,6.047888609151245,5.019626860903426,5.314674029668149e+27
2395.4000000000005,6.047734922763724,5.017772230267054,5.279649571770167e+27
2405.4000000000005,6.047582346058934,5.01592696544415,5.245000403118631e+27
2415.4000000000005,6.047430866364099,5.0140909784536625,5.210720967232983e+27
2425.4000000000005,6.047280471203714,5.0122641825152785,5.176805812444334e+27
2435.4000000000005,6.047131148295665,5.010446492027998,5.143249589496677e+27
2445.4000000000005,6.046982885547439,5.008637822549196,5.110047049212556e+27
2455.4000000000005,6.0468356710524285,5.0068380907741314,5.077193040221219e+27
2465.4000000000005,6.046689493086318,5.005047214515912,5.04468250674735e+27
2475.4000000000005,6.046544340103559,5.0032651126858845,5.012510486458508e+27
2485.4000000000005,6.046400200733922,5.001491705274454,4.980672108369497e+27
2495.4000000000005,6.046257063779137,4.9997269133323154,4.949162590801922e+27
2505.4000000000005,6.046114918209605,4.997970658952088,4.9179772393972953e+27
2515.4000000000005,6.045973753161183,4.996222865250335,4.887111445182042e+27
2525.4000000000005,6.045833557932057,4.994483456349979,4.8565606826828825e+27
2535.4000000000005,6.045694321979666,4.992752357363069,4.826320508091067e+27
2545.4000000000005,6.045556034917714,4.9910294943739375,4.796386557474014e+27
2555.4000000000005,6.045418686513241,4.989314794422686,4.7667545450329516e+27
2565.4000000000005,6.045282266683758,4.9876081854890355,4.7374202614051977e+27
2575.4000000000005,6.045146765494457,4.985909596476491,4.708379572009783e+27
2585.4000000000005,6.045012173155472,4.984218957196866,4.6796284154351093e+27
2595.4000000000005,6.044878480019208,4.982536198355092,4.651162801867474e+27
2605.4000000000005,6.044745676577728,4.980861251534371,4.622978811559211e+27
2615.4000000000005,6.0446137534601965,4.979194049181614,4.5950725933353587e+27
2625.4000000000005,6.04448270143038,4.977534524593178,4.567440363137689e+27
2635.4000000000005,6.044352511384204,4.975882611900904,4.540078402605079e+27
2645.4000000000005,6.044223174347365,4.9742382460584285,4.5129830576891343e+27
2655.4000000000005,6.044094681472985,4.9726013628277705,4.4861507373040966e+27
2665.4000000000005,6.043967024039333,4.9709718987662015,4.4595779120100385e+27
2675.4000000000005,6.04384019344758,4.969349791213356,4.43326111272842e+27
2685.4000000000005,6.043714181219614,4.967734978278624,4.4071969294890736e+27
2695.4000000000005,6.043588978995895,4.966127398828776,4.3813820102077616e+27
2705.4000000000005,6.043464578533359,4.9645269924758395,4.355813059493425e+27
2715.4000000000005,6.043340971703367,4.962933699565213,4.330486837484308e+27
2725.4000000000005,6.043218150489697,4.961347461164023,4.3054001587121634e+27
2735.4000000000005,6.043096106986575,4.959768219049696,4.280549890993739e+27
2745.4000000000005,6.042974833396757,4.958195915698752,4.2559329543488157e+27
2755.4000000000005,6.042854322029639,4.956630494275839,4.2315463199440563e+27
2765.4000000000005,6.042734565299416,4.955071898622945,4.2073870090619563e+27
2775.4000000000005,6.042615555723279,4.953520073248853,4.18345209209422e+27
2785.4000000000005,6.042497285919638,4.9519749633187695,4.1597386875588877e+27
2795.4000000000005,6.042379748606402,4.9504365146441724,4.136243961140585e+27
2805.4000000000005,6.042262936599275,4.948904673672839,4.112965124753249e+27
2815.4000000000005,6.042146842810096,4.947379387479078,4.089899435624753e+27
2825.4000000000005,6.042031460245218,4.9458606037541255,4.067044195402813e+27
2835.4000000000005,6.041916782003907,4.9443482707967465,4.044396749281642e+27
2845.4000000000005,6.041802801276786,4.942842337503994,4.021954485148764e+27
2855.4000000000005,6.041689511344304,4.941342753362152,3.9997148327514774e+27
2865.4000000000005,6.041576905575235,4.9398494684378385,3.9776752628824486e+27
2875.4000000000005,6.041464977425216,4.93836243336929,3.95583328658391e+27
2885.4000000000005,6.041353720435301,4.9368815993577915,3.934186454370005e+27
2895.4000000000005,6.041243128230555,4.935406918159268,3.9127323554667727e+27
2905.4000000000005,6.041133194518672,4.933938342076038,3.891468617069344e+27
2915.4000000000005,6.041023913088618,4.932475823948709,3.8703929036158816e+27
2925.4000000000005,6.040915277809306,4.931019317148236,3.8495029160778304e+27
2935.4000000000005,6.040807282628294,4.929568775568104,3.8287963912660714e+27
2945.4000000000005,6.040699921570507,4.9281241536166664,3.8082711011525605e+27
2955.4000000000005,6.040593188736989,4.926685406209625,3.787924852207051e+27
2965.4000000000005,6.040487078303674,4.9252524887626254,3.7677554847485273e+27
2975.4000000000005,6.040381584520186,4.923825357184018,3.747760872310966e+27
2985.4000000000005,6.040276701708656,4.922403967867712,3.727938921023062e+27
2995.4000000000005,6.040172424262569,4.920988277686186,3.70828756900157e+27
3005.4000000000005,6.040068746645629,4.919578243983611,3.6888047857579146e+27
3015.4000000000005,6.039965663390643,4.918173824569088,3.66948857161774e+27
3025.4000000000005,6.039863169098438,4.916774977710025,3.65033695715307e+27
3035.4000000000005,6.03976125843678,4.915381662125613,3.631348002626769e+27
3045.4000000000005,6.039659926139333,4.913993836980415,3.6125197974489946e+27
3055.4000000000005,6.039559167004623,4.91261146187809,3.593850459645342e+27
3065.4000000000005,6.039458975895033,4.911234496855197,3.5753381353364044e+27
3075.4000000000005,6.039359347735804,4.909862902375128,3.556980998228448e+27
3085.4000000000005,6.039260277514068,4.908496639322136,3.5387772491149463e+27
3095.4000000000005,6.039161760277891,4.907135668995468,3.5207251153887e+27
3105.4000000000005,6.0390637911353355,4.905779953103597,3.5028228505642847e+27
3115.4000000000005,6.0389663652535415,4.904429453758562,3.4850687338105755e+27
3125.4000000000005,6.0388694778578245,4.903084133470394,3.4674610694931096e+27
3135.4000000000005,6.038773124230787,4.901743955141637,3.449998186726038e+27
3145.4000000000005,6.038677299711453,4.9004088820619724,3.432678438933447e+27
3155.4000000000005,6.038581999694409,4.899078877902927,3.41550020341982e+27
3165.4000000000005,6.038487219628971,4.897753906712662,3.398461880949417e+27
3175.4000000000005,6.038392955018359,4.896433932910876,3.381561895334368e+27
3185.4000000000005,6.038299201418887,4.895118921283757,3.364798693031261e+27
3195.4000000000005,6.038205954439177,4.89380883697905,3.348170742746038e+27
3205.4000000000005,6.038113209739372,4.892503645501195,3.331676535046988e+27
3215.4000000000005,6.038020963030374,4.891203312706535,3.315314581985659e+27
3225.4000000000005,6.037929210073095,4.889907804798625,3.2990834167254937e+27
3235.4000000000005,6.037837946677716,4.888617088323597,3.282981593178011e+27
3245.4000000000005,6.037747168702964,4.887331130165621,3.267007685646361e+27
3255.4000000000005,6.0376568720554005,4.886049897542422,3.251160288476076e+27
3265.4000000000005,6.03756705268872,4.88477335800088,3.235438015712855e+27
3275.4000000000005,6.037477706603068,4.883501479412709,3.2198395007672174e+27
3285.4000000000005,6.037388829844359,4.882234229970187,3.204363396085866e+27
3295.4000000000005,6.037300418503624,4.880971578181967,3.1890083728296086e+27
3305.4000000000005,6.037212468716347,4.8797134928689605,3.173773120557685e+27
3315.4000000000005,6.037124976661834,4.878459943160276,3.158656346918353e+27
3325.4000000000005,6.03703793856258,4.877210898489226,3.1436567773455965e+27
3335.4000000000005,6.036951350683656,4.875966328589406,3.128773154761805e+27
3345.4000000000005,6.036865209332094,4.874726203490823,3.1140042392863025e+27
3355.4000000000005,6.036779510856296,4.873490493516093,3.099348807949586e+27
3365.4000000000005,6.036694251645447,4.8722591692767026,3.0848056544131444e+27
3375.4000000000005,6.036609428128938,4.871032201669314,3.070373588694736e+27
3385.4000000000005,6.036525036775797,4.869809561872154,3.0560514368990073e+27
3395.4000000000005,6.036441074094135,4.86859122134143,3.041838040953317e+27
3405.4000000000005,6.036357536630599,4.867377151807827,3.02773225834867e+27
3415.4000000000005,6.036274420969831,4.866167325273041,3.0137329618856336e+27
3425.4000000000005,6.03619172373394,4.864961714006382,2.999839039425134e+27
3435.4000000000005,6.036109441581982,4.8637602905414115,2.986049393644019e+27
3445.4000000000005,6.036027571209449,4.8625630276726515,2.97236294179529e+27
3455.4000000000005,6.035946109347766,4.861369898452335,2.958778615472887e+27
3465.4000000000005,6.035865052763795,4.860180876187202,2.94529536038095e+27
3475.4000000000005,6.03578439825935,4.858995934435346,2.931912136107433e+27
3485.4000000000005,6.03570414267072,4.857815047003125,2.918627915901998e+27
3495.4000000000005,6.035624282868193,4.856638187942094,2.905441686458078e+27
3505.4000000000005,6.035544815755602,4.855465331546002,2.892352447699039e+27
3515.4000000000005,6.035465738269863,4.854296452347826,2.8793592125683313e+27
3525.4000000000005,6.035387047380531,4.853131525116856,2.8664610068235586e+27
3535.4000000000005,6.035308740089356,4.851970524855819,2.8536568688343777e+27
3545.4000000000005,6.035230813429855,4.850813426798048,2.840945849384147e+27
3555.4000000000005,6.035153264466885,4.8496602064047,2.828327011475239e+27
3565.4000000000005,6.0350760902962195,4.848510839361991,2.81579943013795e+27
3575.4000000000005,6.0349992880441405,4.847365301578511,2.803362192242914e+27
3585.4000000000005,6.034922854867031,4.846223569182549,2.7910143963169684e+27
3595.4000000000005,6.034846787950978,4.845085618519461,2.778755152362377e+27
3605.4000000000005,6.034771084511377,4.84395142614909,2.7665835816793576e+27
3615.4000000000005,6.034695741792545,4.842820968843217,2.754498816691829e+27
3625.4000000000005,6.034620757067344,4.841694223583041,2.7425000007763287e+27
3635.4000000000005,6.034546127636805,4.840571167556712,2.730586288094015e+27
3645.4000000000005,6.034471850829756,4.839451778156888,2.718756843425707e+27
3655.4000000000005,6.034397924002466,4.83833603297833,2.707010842009884e+27
3665.4000000000005,6.034324344538282,4.8372239098155365,2.695347469383601e+27
3675.4000000000005,6.0342511098472835,4.836115386660408,2.683765921226239e+27
3685.4000000000005,6.034178217365931,4.835010441699942,2.672265403206055e+27
3695.4000000000005,6.034105664556732,4.833909053313972,2.66084513082945e+27
3705.4000000000005,6.034033448907898,4.832811200072928,2.649504329292922e+27
3715.4000000000005,6.033961567933024,4.831716860735632,2.638242233337634e+27
3725.4000000000005,6.033890019170755,4.830626014247132,2.6270580871065483e+27
3735.4000000000005,6.033818800184474,4.8295386397365565,2.6159511440040803e+27
3745.4000000000005,6.033747908561983,4.828454716515008,2.60492066655821e+27
3755.4000000000005,6.033677341915192,4.827374224073475,2.593965926285013e+27
3765.4000000000005,6.033607097879818,4.82629714208079,2.5830862035555546e+27
3775.4000000000005,6.0335371741150805,4.8252234503816,2.5722807874651026e+27
3785.4000000000005,6.033467568303409,4.824153128994377,2.561548975704613e+27
3795.4000000000005,6.033398278150149,4.823086158109454,2.5508900744344387e+27
3805.4000000000005,6.033329301383278,4.8220225180870795,2.5403033981602244e+27
3815.4000000000005,6.033260635753117,4.82096218945551,2.529788269610941e+27
3825.4000000000005,6.033192279032061,4.819905152909126,2.5193440196190125e+27
3835.4000000000005,6.033124229014298,4.818851389306577,2.508969987002497e+27
3845.4000000000005,6.033056483515541,4.817800879668935,2.4986655184492904e+27
3855.4000000000005,6.032989040372761,4.8167536051779045,2.4884299684032977e+27
3865.4000000000005,6.032921897443927,4.815709547174026,2.4782626989525443e+27
3875.4000000000005,6.032855052607748,4.814668687154922,2.4681630797191792e+27
3885.4000000000005,6.032788503763417,4.813631006773564,2.4581304877513525e+27
3895.4000000000005,6.03272224883036,4.812596487836563,2.448164307416905e+27
3905.4000000000005,6.032656285747991,4.811565112302475,2.4382639302988564e+27
3915.4000000000005,6.0325906124754685,4.810536862280143,2.4284287550926436e+27
3925.4000000000005,6.0325252269914555,4.8095117200270545,2.4186581875050832e+27
3935.4000000000005,6.032460127293883,4.808489667947717,2.4089516401550214e+27
3945.4000000000005,6.03239531139972,4.807470688592071,2.3993085324756408e+27
3955.4000000000005,6.03233077734474,4.806454764653892,2.389728290618388e+27
3965.4000000000005,6.032266523183297,4.80544187896926,2.380210347358499e+27
3975.4000000000005,6.032202546988104,4.804432014515008,2.3707541420020834e+27
3985.4000000000005,6.032138846850015,4.803425154407215,2.3613591202947433e+27
3995.4000000000005,6.032075420877803,4.802421281899709,2.352024734331698e+27
4005.4000000000005,6.032012267197953,4.801420380382593,2.3427504424693787e+27
4015.4000000000005,6.031949383954448,4.800422433380794,2.3335357092384773e+27
4025.4000000000005,6.0318867693085645,4.799427424552617,2.3243800052584128e+27
4035.4000000000005,6.031824421438667,4.798435337688344,2.3152828071531898e+27
4045.4000000000005,6.031762338540008,4.797446156708823,2.3062435974686286e+27
4055.4000000000005,6.031700518824528,4.79645986566409,2.297261864590932e+27
4065.4000000000005,6.031638960520661,4.795476448732016,2.288337102666577e+27
4075.4000000000005,6.031577661873143,4.794495890216949,2.2794688115234903e+27
4085.4000000000005,6.031516621142821,4.793518174548401,2.2706564965934994e+27
4095.4000000000005,6.0314558366064634,4.792543286279732,2.2618996688360264e+27
4105.400000000001,6.03139530655658,4.791571210086856,2.2531978446630015e+27
4115.400000000001,6.0313350293012356,4.7906019307669645,2.2445505458649827e+27
4125.400000000001,6.0312750031638735,4.789635433237278,2.2359572995384453e+27
4135.400000000001,6.031215226483137,4.788671702533785,2.2274176380142343e+27
4145.400000000001,6.031155697612694,4.787710723810029,2.2189310987871467e+27
4155.400000000001,6.031096414921068,4.786752482335898,2.210497224446633e+27
4165.400000000001,6.031037376791465,4.785796963496409,2.2021155626085887e+27
4175.400000000001,6.030978581621607,4.784844152790553,2.1937856658482204e+27
4185.400000000001,6.030920027823569,4.783894035830109,2.1855070916339705e+27
4195.400000000001,6.030861713823613,4.782946598338503,2.1772794022624718e+27
4205.400000000001,6.0308036380620305,4.782001826149667,2.169102164794525e+27
4215.400000000001,6.03074579899298,4.781059705206918,2.1609749509920706e+27
4225.400000000001,6.030688195084335,4.78012022156185,2.1528973372561437e+27
4235.400000000001,6.030630824817528,4.77918336137324,2.1448689045657917e+27
4245.400000000001,6.0305736866874,4.778249110905964,2.1368892384179385e+27
4255.400000000001,6.030516779202046,4.777317456529934,2.1289579287681766e+27
4265.400000000001,6.0304601008826735,4.77638838471904,2.121074569972475e+27
4275.400000000001,6.030403650263451,4.775461882050108,2.1132387607297806e+27
4285.400000000001,6.030347425891368,4.774537935201882,2.1054501040255004e+27
4295.400000000001,6.030291426326091,4.773616530953995,2.0977082070758536e+27
4305.400000000001,6.030235650139823,4.772697656185976,2.0900126812730668e+27
4315.400000000001,6.030180095917167,4.7717812978762515,2.082363142131409e+27
4325.400000000001,6.030124762254989,4.770867443101176,2.0747592092340465e+27
4335.400000000001,6.03006964776228,4.769956079034058,2.0672005061807027e+27
4345.400000000001,6.0300147510600315,4.769047192944207,2.0596866605361102e+27
4355.400000000001,6.029960070781094,4.768140772195995,2.052217303779242e+27
4365.400000000001,6.029905605570056,4.7672368042479185,2.044792071253307e+27
4375.400000000001,6.029851354083111,4.766335276651682,2.0374106021164977e+27
4385.400000000001,6.0297973149879365,4.7654361770512885,2.030072539293474e+27
4395.400000000001,6.029743486963565,4.76453949318214,2.022777529427577e+27
4405.400000000001,6.029689868700265,4.7636452128701485,2.0155252228337525e+27
4415.400000000001,6.029636458899415,4.762753324030866,2.0083152734521772e+27
4425.400000000001,6.029583256273392,4.76186381466861,2.0011473388025748e+27
4435.400000000001,6.029530259545446,4.760976672875611,1.9940210799392063e+27
4445.400000000001,6.029477467449587,4.760091886831171,1.9869361614065316e+27
4455.400000000001,6.029424878730469,4.7592094448008195,1.979892251195519e+27
4465.400000000001,6.029372492143279,4.758329335135493,1.9728890207006031e+27
4475.400000000001,6.029320306453623,4.757451546270719,1.9659261446772738e+27
4485.400000000001,6.029268320437414,4.756576066725806,1.9590033012002857e+27
4495.400000000001,6.029216532880766,4.755702885103054,1.95212017162248e+27
4505.400000000001,6.029164942579887,4.754831990086963,1.945276440534208e+27
4515.400000000001,6.029113548340967,4.753963370443444,1.9384717957233457e+27
4525.400000000001,6.029062348980079,4.753097015019069,1.9317059281358863e+27
4535.400000000001,6.029011343323074,4.752232912740304,1.9249785318371082e+27
4545.400000000001,6.028960530205475,4.751371052612749,1.9182893039733032e+27
4555.400000000001,6.028909908472381,4.750511423720402,1.911637944734057e+27
4565.400000000001,6.028859476978366,4.749654015224934,1.9050241573150725e+27
4575.400000000001,6.028809234587377,4.748798816364944,1.8984476478815284e+27
4585.400000000001,6.028759180172641,4.747945816455259,1.8919081255319631e+27
4595.400000000001,6.028709312616567,4.747095004886217,1.8854053022626767e+27
4605.400000000001,6.028659630810652,4.746246371122966,1.878938892932637e+27
4615.400000000001,6.028610133655386,4.745399904704781,1.872508615228892e+27
4625.400000000001,6.028560820060162,4.744555595244364,1.8661141896324684e+27
4635.400000000001,6.028511688943181,4.743713432427177,1.8597553393847562e+27
4645.400000000001,6.028462739231366,4.742873406010775,1.853431790454371e+27
4655.400000000001,6.02841396986027,4.742035505824136,1.8471432715044805e+27
4665.400000000001,6.028365379773988,4.741199721767012,1.8408895138605956e+27
4675.400000000001,6.028316967925074,4.740366043809286,1.8346702514788113e+27
4685.400000000001,6.028268733274448,4.739534461990324,1.828485220914496e+27
4695.400000000001,6.028220674791319,4.7387049664183465,1.8223341612914155e+27
4705.400000000001,6.0281727914530965,4.737877547269812,1.8162168142712953e+27
4715.400000000001,6.0281250822453085,4.737052194788783,1.8101329240237983e+27
4725.400000000001,6.02807754616152,4.736228899286322,1.8040822371969297e+27
4735.400000000001,6.028030182203255,4.735407651139902,1.798064502887845e+27
4745.400000000001,6.027982989379913,4.734588440792782,1.7920794726140688e+27
4755.400000000001,6.027935966708689,4.733771258753434,1.7861269002851063e+27
4765.400000000001,6.0278891132145045,4.7329560955949574,1.7802065421744512e+27
4775.400000000001,6.027842427929919,4.732142941954497,1.7743181568919753e+27
4785.400000000001,6.027795909895062,4.731331788532671,1.7684615053567013e+27
4795.400000000001,6.027749558157555,4.730522626093007,1.7626363507699443e+27
4805.400000000001,6.027703371772438,4.729715445461389,1.7568424585888265e+27
4815.400000000001,6.027657349802097,4.728910237525495,1.7510795965001484e+27
4825.400000000001,6.027611491316191,4.728106993234258,1.7453475343946186e+27
4835.400000000001,6.0275657953915776,4.727305703597319,1.7396460443414356e+27
4845.400000000001,6.027520261112249,4.726506359684499,1.733974900563211e+27
4855.400000000001,6.027474887569256,4.725708952625264,1.7283338794112344e+27
4865.400000000001,6.027429673860642,4.724913473608204,1.7227227593410741e+27
4875.400000000001,6.027384619091373,4.724119913880518,1.7171413208885034e+27
4885.400000000001,6.0273397223732745,4.723328264747499,1.711589346645754e+27
4895.400000000001,6.027294982824958,4.7225385175720245,1.7060666212380862e+27
4905.400000000001,6.027250399571762,4.721750663774065,1.7005729313006758e+27
4915.400000000001,6.0272059717456825,4.720964694830181,1.695108065455808e+27
4925.400000000001,6.02716169848531,4.720180602273032,1.6896718142903762e+27
4935.400000000001,6.027117578935768,4.719398377690897,1.6842639703336813e+27
4945.400000000001,6.027073612248648,4.718618012727191,1.6788843280355263e+27
4955.400000000001,6.027029797581946,4.71783949907999,1.673532683744601e+27
4965.400000000001,6.026986134100006,4.717062828501565,1.6682088356871532e+27
4975.400000000001,6.026942620973454,4.716287992797913,1.662912583945942e+27
4985.400000000001,6.026899257379143,4.715514983828297,1.6576437304394683e+27
4995.400000000001,6.026856042500091,4.7147437935048,1.6524020789014803e+27
5005.400000000001,6.026812975525421,4.71397441379186,1.6471874348607453e+27
