Time,Mass,Radius,Lx
23.0,11.419806757177295,6.41,1.3e+30
23.1,11.417521910100431,6.40413357756041,1.2752474159660922e+30
23.200000000000003,11.415283951022099,6.398352301278219,1.2510700187002163e+30
23.300000000000004,11.413091662760646,6.392654234031561,1.2274520488710872e+30
23.400000000000006,11.4109438666723,6.387037494004479,1.204378243952064e+30
23.500000000000007,11.408839421204018,6.381500252824734,1.1818338205272531e+30
23.60000000000001,11.406777220509326,6.376040733773332,1.159804457299554e+30
23.70000000000001,11.404756193124024,6.370657210062635,1.1382762787699839e+30
23.80000000000001,11.402775300698817,6.365348003180154,1.117235839559073e+30
23.900000000000013,11.400833536786084,6.360111481295153,1.0966701093425096e+30
24.000000000000014,11.398929925678166,6.354946057725499,1.0765664583745275e+30
24.100000000000016,11.397063521294678,6.349850189462119,1.0569126435737776e+30
24.200000000000017,11.395233406116498,6.344822375748672,1.0376967951476133e+30
24.30000000000002,11.3934386901642,6.339861156714143,1.0189074037318373e+30
24.40000000000002,11.391678510018824,6.334965112056089,1.0005333080240303e+30
24.50000000000002,11.389952027883007,6.330132859772519,9.825636828895939e+29
24.600000000000023,11.388258430680544,6.3253630549402935,9.64988027920604e+29
24.700000000000024,11.386596929192633,6.320654388538218,9.477961564284822e+29
24.800000000000026,11.384966757229074,6.316005586312938,9.309781848523675e+29
24.900000000000027,11.38336717083283,6.311415407685921,9.145245225658937e+29
25.00000000000003,11.38179744751641,6.306882644699835,8.9842586206586e+29
25.10000000000003,11.380256885528636,6.302406121002733,8.826731695270362e+29
25.20000000000003,11.378744803150415,6.297984690868525,8.672576757080504e+29
25.300000000000033,11.37726053801821,6.293617238252283,8.521708671939781e+29
25.400000000000034,11.375803446473974,6.289302675878988,8.37404477961903e+29
25.500000000000036,11.374372902940364,6.285039944364362,8.229504812563264e+29
25.600000000000037,11.372968299320124,6.280828011366564,8.088010817618802e+29
25.70000000000004,11.371589044418567,6.276665870767488,7.949487080613647e+29
25.80000000000004,11.370234563388143,6.2725525418825185,7.813860053676446e+29
25.90000000000004,11.368904297194156,6.268487068697649,7.68105828518451e+29
26.000000000000043,11.367597702100669,6.264468519132853,7.551012352236112e+29
26.100000000000044,11.366314249175776,6.260495984330742,7.423654795546813e+29
26.200000000000045,11.365053423815386,6.256568577969498,7.298920056673982e+29
26.300000000000047,11.363814725284728,6.2526854355991635,7.176744417477727e+29
26.40000000000005,11.362597666276844,6.248845714000391,7.057065941730487e+29
26.50000000000005,11.361401772487344,6.245048590564801,6.939824418791223e+29
26.60000000000005,11.360226582204735,6.241293262696127,6.824961309263782e+29
26.700000000000053,11.359071645915693,6.2375789472313485,6.712419692562433e+29
26.800000000000054,11.357936525924641,6.233904879881095,6.602144216310775e+29
26.900000000000055,11.356820795987058,6.230270314688566,6.494081047503424e+29
27.000000000000057,11.355724040955936,6.226674523506279,6.388177825362774e+29
27.10000000000006,11.354645856440868,6.223116795490007,6.284383615826022e+29
27.20000000000006,11.353585848479252,6.219596436609256,6.1826488676003266e+29
27.30000000000006,11.352543633219105,6.216112769173662,6.082925369726546e+29
27.400000000000063,11.351518836613035,6.212665131374738,5.9851662105945e+29
27.500000000000064,11.350511094122929,6.20925287684242,5.88932573835504e+29
27.600000000000065,11.34952005043491,6.205875374215847,5.795359522676454e+29
27.700000000000067,11.34854535918418,6.202532006727882,5.7032243177949045e+29
27.800000000000068,11.347586682689345,6.1992221718028535,5.612878026810644e+29
27.90000000000007,11.346643691695853,6.1959452806670985,5.524279667183711e+29
28.00000000000007,11.345716065128194,6.192700757971769,5.437389337384708e+29
28.100000000000072,11.344803489850516,6.189488041427518,5.3521681846580304e+29
28.200000000000074,11.343905660435341,6.186306581450651,5.268578373856659e+29
28.300000000000075,11.343022278940056,6.183155840820296,5.18658305730925e+29
28.400000000000077,11.342153054690893,6.1800352943462435,5.106146345681845e+29
28.500000000000078,11.34129770407411,6.176944428547053,5.027233279798007e+29
28.60000000000008,11.340455950334098,6.1738827413380815,4.9498098033826454e+29
28.70000000000008,11.339627523378157,6.170849741729114,4.873842736696151e+29
28.800000000000082,11.33881215958768,6.167844949531194,4.7992997510267955e+29
28.900000000000084,11.338009601635534,6.16486789507243,4.726149344010585e+29
29.000000000000085,11.337219598309355,6.161918118922369,4.6543608157490084e+29
29.100000000000087,11.336441904340603,6.158995171624737,4.5839042456962184e+29
29.200000000000088,11.335676280239118,6.156098613438218,4.514750470288339e+29
29.30000000000009,11.334922492132986,6.153228014084954,4.446871061288627e+29
29.40000000000009,11.334180311613531,6.150382952506613,4.3802383048232406e+29
29.500000000000092,11.333449515585249,6.147563016627666,4.3148251810833335e+29
29.600000000000094,11.332729886120477,6.144767803125692,4.2506053446701296e+29
29.700000000000095,11.33202121031867,6.141996917208452,4.187553105560535e+29
29.800000000000097,11.331323280170079,6.139249972397511,4.1256434106716715e+29
29.900000000000098,11.330635892423706,6.136526590318194,4.064851826003586e+29
30.0000000000001,11.329958848459361,6.133826400495678,4.0051545193401116e+29
30.1000000000001,11.329291954163692,6.131149040156968,3.94652824348869e+29
30.200000000000102,11.328635019810031,6.12849415403865,3.888950320040601e+29
30.300000000000104,11.327987859941949,6.125861394200138,3.832398623633823e+29
30.400000000000105,11.327350293260357,6.12325041984233,3.7768515667013476e+29
30.500000000000107,11.326722142514058,6.120660897131389,3.7222880846884595e+29
30.600000000000108,11.326103234393614,6.118092499027597,3.668687621723067e+29
30.70000000000011,11.325493399428424,6.115544905119048,3.616030116723792e+29
30.80000000000011,11.324892471886898,6.113017801460019,3.564295989931064e+29
30.900000000000112,11.324300289679615,6.110510880413948,3.513466129847021e+29
31.000000000000114,11.323716694265382,6.108023840500749,3.463521880570546e+29
31.100000000000115,11.323141530560072,6.105556386248457,3.414445029514244e+29
31.200000000000117,11.322574646848167,6.10310822804896,3.3662177954906755e+29
31.300000000000118,11.322015894696909,6.100679082017768,3.318822817155595e+29
31.40000000000012,11.321465128872958,6.098268669857621,3.27224314179641e+29
31.50000000000012,11.320922207261509,6.095876718725899,3.226462214454486e+29
31.600000000000122,11.320386990787734,6.093502961105626,3.181463867370334e+29
31.700000000000124,11.31985934334053,6.09114713468003,3.1372323097411212e+29
31.800000000000125,11.319339131698452,6.088808982210512,3.0937521177803094e+29
31.900000000000126,11.318826225457778,6.086488251417915,3.0510082250695967e+29
32.00000000000013,11.318320496962642,6.084184694867034,3.008985913193684e+29
32.10000000000013,11.31782182123715,6.081898069854191,2.967670802648728e+29
32.20000000000013,11.31733007591944,6.079628138297878,2.927048844015658e+29
32.30000000000013,11.316845141197593,6.07737466663229,2.887106309389852e+29
32.400000000000134,11.316366899747363,6.0751374257037085,2.847829784058959e+29
32.500000000000135,11.315895236671654,6.072916190669654,2.8092061584209465e+29
32.600000000000136,11.315430039441683,6.070710740900658,2.7712226201347297e+29
32.70000000000014,11.314971197839794,6.068520859884686,2.7338666464959975e+29
32.80000000000014,11.314518603903856,6.066346335134035,2.697125997031113e+29
32.90000000000014,11.314072151873194,6.064186958094666,2.6609887063022138e+29
33.00000000000014,11.31363173813602,6.062042524057931,2.6254430769168613e+29
33.10000000000014,11.3131972611783,6.059912832074566,2.5904776727358407e+29
33.200000000000145,11.312768621534016,6.0577976848709305,2.556081312272905e+29
33.300000000000146,11.3123457217368,6.055696888767395,2.5222430622804853e+29
33.40000000000015,11.311928466272866,6.053610253598846,2.4889522315155983e+29
33.50000000000015,11.311516761535213,6.051537592637217,2.4561983646803512e+29
33.60000000000015,11.31111051577908,6.049478722516007,2.423971236531668e+29
33.70000000000015,11.310709639078574,6.047433463156697,2.392260846155017e+29
33.80000000000015,11.310314043284482,6.045401637697079,2.3610574113971066e+29
33.900000000000155,11.309923641983184,6.043383072421358,2.330351363452682e+29
34.000000000000156,11.30953835045668,6.041377596692028,2.3001333416007166e+29
34.10000000000016,11.309158085643656,6.03938504288347,2.2703941880854615e+29
34.20000000000016,11.308782766101585,6.037405246317196,2.241124943137937e+29
35.20000000000016,11.305284728657059,6.018274683584114,1.9724385654005485e+29
36.20000000000016,11.302202345610958,6.000258338717543,1.7421866493711942e+29
37.20000000000016,11.299475906709786,5.983231583918771,1.5440272701971358e+29
38.20000000000016,11.297055710069714,5.967088555066585,1.3727972192536885e+29
39.20000000000016,11.294900152771792,5.951738779637399,1.2242695518811557e+29
40.20000000000016,11.292974228508795,5.937104492903416,1.0949655832563592e+29
41.20000000000016,11.291248336696652,5.923118486908518,9.820081249006436e+28
42.20000000000016,11.289697331905787,5.9097223749902845,8.830061849149738e+28
43.20000000000016,11.288295957603188,5.896859120317725,8.108803961522394e+28
44.20000000000016,11.286956990402759,5.8843744888126555,8.02940324157319e+28
45.20000000000016,11.285639567111836,5.8721899163382485,7.952530616378018e+28
46.20000000000016,11.284342876606344,5.860291721785055,7.878052278901066e+28
47.20000000000016,11.28306615511024,5.848667128299658,7.805844205827815e+28
48.20000000000016,11.281808682492121,5.8373041857863175,7.735791252901256e+28
49.20000000000016,11.28056977892193,5.8261917015067795,7.667786350697359e+28
50.20000000000016,11.279348801846167,5.815319177786044,7.601729787899381e+28
51.20000000000016,11.278145143245586,5.804676755970654,7.537528571019241e+28
52.20000000000016,11.276958227143982,5.794255165903008,7.4750958510962075e+28
53.20000000000016,11.275787507340759,5.784045680274426,7.414350409233034e+28
54.20000000000016,11.27463246534335,5.774040073303662,7.355216193951544e+28
55.20000000000016,11.273492608478543,5.764230583259449,7.297621904299398e+28
56.20000000000016,11.272367468164274,5.754609878406761,7.2415006134462055e+28
57.20000000000016,11.27125659832566,5.745171026009181,7.186789428194143e+28
58.20000000000016,11.270159573940926,5.735907464064821,7.13342918041525e+28
59.20000000000016,11.26907598970455,5.726812975492289,7.081364146930529e+28
60.20000000000016,11.26800545879634,5.717881664516758,7.030541794778202e+28
61.20000000000016,11.266947611746458,5.709107935035496,6.980912549190858e+28
62.20000000000016,11.265902095387466,5.700486470767492,6.932429581922888e+28
63.20000000000016,11.264868571885426,5.692012217013921,6.885048617848193e+28
64.20000000000016,11.263846717842956,5.683680363875483,6.838727757989975e+28
65.20000000000016,11.262836223467845,5.675486330789527,6.7934273173547985e+28
66.20000000000016,11.261836791801528,5.667425752264608,6.749109676126676e+28
67.20000000000016,11.260848138002258,5.659494464703249,6.7057391429372614e+28
68.20000000000016,11.259869988678348,5.651688494214945,6.663281829068743e+28
69.20000000000016,11.25890208126732,5.6440040453317355,6.6217055325692775e+28
70.20000000000016,11.25794416345716,5.636437490547452,6.580979631369268e+28
71.20000000000016,11.256995992646283,5.62898536060972,6.541074984582312e+28
72.20000000000016,11.256057335439111,5.6216443355008145,6.501963841258932e+28
73.20000000000016,11.25512796717446,5.614411236049655,6.463619755935858e+28
74.20000000000016,11.254207671484163,5.607283016122821,6.426017510389651e+28
75.20000000000016,11.25329623987965,5.600256755347387,6.389133041062096e+28
76.20000000000016,11.252393471364316,5.593329652322804,6.35294337167696e+28
77.20000000000016,11.251499172069812,5.586499018283029,6.317426550614078e+28
78.20000000000016,11.250613154914433,5.579762271173589,6.28256159264815e+28
79.20000000000016,11.249735239282037,5.573116930111505,6.248328424696587e+28
80.20000000000016,11.248865250720005,5.566560610198849,6.214707835253822e+28
81.20000000000016,11.248003020654888,5.560091017663201,6.181681427219114e+28
82.20000000000016,11.247148386124504,5.553705945300706,6.14923157385146e+28
83.20000000000016,11.246301189525338,5.547403268199408,6.1173413776091e+28
84.20000000000016,11.245461278374218,5.541180939722523,6.0859946316525555e+28
85.20000000000016,11.244628505083277,5.535036987732923,6.055175783809527e+28
86.20000000000016,11.24380272674732,5.528969511041717,6.0248699028173675e+28
87.20000000000016,11.242983804942797,5.522976676065214,5.995062646674647e+28
88.20000000000016,11.242171605537585,5.5170567136757445,5.965740232947524e+28
89.20000000000016,11.241365998510918,5.5112079162331185,5.936889410889582e+28
90.20000000000016,11.2405668577828,5.505428634784382,5.908497435245401e+28
91.20000000000016,11.239774061052298,5.499717276420632,5.8805520416188295e+28
92.20000000000016,11.23898748964417,5.494072301780431,5.853041423296429e+28
93.20000000000016,11.238207028363313,5.488492222690211,5.82595420942544e+28
94.20000000000016,11.237432565356542,5.482975599932769,5.799279444453494e+28
95.20000000000016,11.23666399198127,5.477521041135597,5.773006568744608e+28
96.20000000000016,11.23590120268067,5.472127198771459,5.747125400292577e+28
97.20000000000016,11.235144094864932,5.4667927682641295,5.721626117459003e+28
98.20000000000016,11.23439256879826,5.461516486192718,5.696499242668605e+28
99.20000000000016,11.233646527491288,5.456297128588572,5.671735626999636e+28
100.20000000000016,11.232905876598581,5.451133509319015,5.647326435611772e+28
101.20000000000016,11.232170524320946,5.446024478552737,5.623263133958111e+28
102.20000000000016,11.231440381312282,5.440968921301921,5.599537474731818e+28
103.20000000000016,11.23071536059072,5.435965756036573,5.576141485501516e+28
104.20000000000016,11.229995377453795,5.431013933366797,5.553067456992791e+28
105.20000000000016,11.229280349397461,5.426112434789089,5.530307931976215e+28
106.20000000000016,11.228570196038712,5.42126027149294,5.507855694725086e+28
107.20000000000016,11.227864839041635,5.416456483224335,5.485703761008584e+28
108.20000000000016,11.227164202046701,5.411700137202899,5.463845368588465e+28
109.20000000000016,11.226468210603134,5.406990327089707,5.442273968189562e+28
110.20000000000016,11.225776792104183,5.4023261720029705,5.420983214916366e+28
111.20000000000016,11.225089875725164,5.3977068155788945,5.399966960089835e+28
112.20000000000016,11.224407392364116,5.393131425075337,5.3792192434802735e+28
113.20000000000016,11.223729274584938,5.388599190515878,5.358734285913752e+28
114.20000000000016,11.223055456562907,5.384109323872191,5.338506482230947e+28
115.20000000000016,11.222385874032412,5.379661058282658,5.318530394578712e+28
116.20000000000016,11.221720464236844,5.375253647305323,5.298800746015911e+28
117.20000000000016,11.221059165880503,5.370886364203403,5.2793124144162154e+28
118.20000000000016,11.220401919082429,5.366558501261663,5.260060426651704e+28
119.20000000000016,11.219748665332085,5.362269369132078,5.241039953042042e+28
120.20000000000016,11.219099347446775,5.358018296207291,5.2222463020550335e+28
121.20000000000016,11.218453909530728,5.35380462802047,5.203674915245157e+28
122.20000000000016,11.217812296935778,5.349627726670228,5.185321362417539e+28
123.20000000000016,11.21717445622355,5.345486970269398,5.167181337005577e+28
124.20000000000016,11.216540335129093,5.341381752416444,5.149250651651116e+28
125.20000000000016,11.215909882525882,5.337311481688419,5.131525233976755e+28
126.20000000000016,11.215283048392147,5.33327558115447,5.1140011225404865e+28
127.20000000000016,11.214659783778444,5.329273487908829,5.096674462963395e+28
128.20000000000016,11.214040040776437,5.3253046526224175,5.0795415042217625e+28
129.20000000000016,11.213423772488811,5.3213685391121555,5.062598595095341e+28
130.20000000000016,11.212810933000295,5.317464623927167,5.045842180764077e+28
131.20000000000016,11.212201477349717,5.313592395951066,5.029268799546013e+28
132.20000000000016,11.211595361503074,5.309751356019607,5.012875079769445e+28
133.20000000000016,11.21099254232755,5.3059410165529926,4.996657736772887e+28
134.20000000000016,11.210392977566457,5.302160901202139,4.980613570026666e+28
135.20000000000016,11.209796625815052,5.298410544508319,4.964739460370381e+28
136.20000000000016,11.209203446497192,5.294689491575533,4.94903236736072e+28
137.20000000000016,11.208613399842804,5.2909972977550925,4.933489326724474e+28
138.20000000000016,11.208026446866118,5.287333528341822,4.918107447911821e+28
139.20000000000016,11.207442549344643,5.283697758281414,4.902883911745264e+28
140.20000000000016,11.206861669798858,5.2800895718884195,4.887815968159797e+28
141.20000000000016,11.206283771472581,5.276508562574455,4.8729009340301725e+28
142.20000000000016,11.205708818313989,5.272954332586128,4.858136191081284e+28
143.20000000000016,11.20513677495727,5.26942649275231,4.843519183877955e+28
144.20000000000016,11.204567606704876,5.265924662240371,4.829047417890579e+28
145.20000000000016,11.204001279510354,5.262448468320946,4.814718457633229e+28
146.20000000000016,11.203437759961739,5.258997546140931,4.8005299248710645e+28
147.20000000000016,11.202877015265466,5.255571538504334,4.786479496893992e+28
148.20000000000016,11.20231901323082,5.2521700956606825,4.772564904853705e+28
149.20000000000016,11.201763722254853,5.248792875100648,4.75878393216135e+28
150.20000000000016,11.201211111307796,5.2454395413586115,4.745134412943242e+28
151.20000000000016,11.200661149918922,5.242109765821914,4.731614230552146e+28
152.20000000000016,11.200113808162845,5.238803226546461,4.71822131613176e+28
153.20000000000016,11.199569056646247,5.235519608078498,4.704953647232186e+28
154.20000000000016,11.199026866495009,5.232258601282259,4.69180924647424e+28
155.20000000000016,11.198487209341739,5.22901990317329,4.678786180260578e+28
156.20000000000016,11.197950057313674,5.2258032167572095,4.665882557531724e+28
157.20000000000016,11.197415383020948,5.222608250873698,4.653096528565124e+28
158.20000000000016,11.196883159545209,5.219434720045522,4.640426283815511e+28
159.20000000000016,11.19635336042858,5.216282344332386,4.627870052794897e+28
160.20000000000016,11.195825959662939,5.213150849189446,4.615426102990581e+28
161.20000000000016,11.195300931679519,5.2100399653302825,4.603092738819682e+28
162.20000000000016,11.194778251338809,5.2069494285942035,4.590868300618725e+28
163.20000000000016,11.194257893920746,5.203878979817663,4.578751163666912e+28
164.20000000000016,11.193739835115197,5.2008283647097056,4.566739737241744e+28
165.20000000000016,11.193224051012708,5.197797333731236,4.554832463705739e+28
166.20000000000016,11.192710518095513,5.194785641977981,4.54302781762304e+28
167.20000000000016,11.192199213228806,5.191793049067048,4.531324304904764e+28
168.20000000000016,11.191690113652253,5.188819319026902,4.519720461981986e+28
169.20000000000016,11.191183196971743,5.185864220190657,4.508214855005308e+28
170.20000000000016,11.190678441151364,5.182927525092574,4.496806079070008e+28
171.20000000000016,11.190175824505616,5.180009010367641,4.485492757465815e+28
172.20000000000016,11.189675325691812,5.177108456654107,4.474273540950362e+28
173.20000000000016,11.189176923702714,5.174225648498905,4.463147107045476e+28
174.20000000000016,11.18868059785935,5.171360374265838,4.452112159355423e+28
175.20000000000016,11.18818632780403,5.168512426046421,4.441167426906324e+28
176.20000000000016,11.187694093493555,5.165681599573322,4.430311663505967e+28
177.20000000000016,11.187203875192605,5.162867694136285,4.419543647123253e+28
178.20000000000016,11.186715653467294,5.160070512500456,4.408862179286601e+28
179.20000000000016,11.186229409178907,5.157289860827023,4.398266084500595e+28
180.20000000000016,11.185745123477794,5.154525548596125,4.387754209680246e+28
181.20000000000016,11.185262777797428,5.1517773885319045,4.377325423602229e+28
182.20000000000016,11.184782353848615,5.149045196529667,4.366978616372513e+28
183.20000000000016,11.184303833613848,5.146328791585066,4.35671269890977e+28
184.20000000000016,11.18382719934182,5.143627995725252,4.346526602444064e+28
185.20000000000016,11.183352433542064,5.140942633941897,4.336419278030246e+28
186.20000000000016,11.182879518979732,5.138272534126079,4.3263896960755575e+28
187.20000000000016,11.182408438670512,5.135617527004918,4.316436845880972e+28
188.20000000000016,11.181939175875668,5.132977446079938,4.306559735195777e+28
189.20000000000016,11.1814717140972,5.130352127567081,4.296757389784967e+28
190.20000000000016,11.181006037073134,5.127741410338338,4.287028853008998e+28
191.20000000000016,11.180542128772922,5.1251451358649245,4.2773731854155054e+28
192.20000000000016,11.180079973392957,5.122563148161974,4.26778946434256e+28
193.20000000000016,11.179619555352192,5.119995293734675,4.258276783533104e+28
194.20000000000016,11.179160859287878,5.117441421525838,4.2488342527601775e+28
195.20000000000016,11.178703870051397,5.114901382864819,4.239460997462585e+28
196.20000000000016,11.178248572704195,5.112375031417775,4.2301561583906605e+28
197.20000000000016,11.177794952513812,5.109862223139197,4.220918891261809e+28
198.20000000000016,11.177342994950015,5.107362816224698,4.211748366425479e+28
199.20000000000016,11.176892685681013,5.104876671065009,4.202643768537305e+28
200.20000000000016,11.176444010569762,5.102403650201129,4.1936042962420805e+28
201.20000000000016,11.175996955670367,5.099943618280635,4.1846291618653136e+28
202.20000000000016,11.175551507224558,5.097496442015075,4.175717591113066e+28
203.20000000000016,11.17510765165825,5.095061990138433,4.166868822779833e+28
204.20000000000016,11.174665375578183,5.092640133366631,4.1580821084642e+28
205.20000000000016,11.174224665768644,5.090230744358041,4.149356712292029e+28
206.20000000000016,11.17378550918826,5.087833697674965,4.140691910646954e+28
207.20000000000016,11.17334789296686,5.085448869746063,4.132086991907938e+28
208.20000000000016,11.172911804402414,5.0830761388297026,4.123541256193695e+28
209.20000000000016,11.172477230958046,5.080715384978207,4.115054015113745e+28
210.20000000000016,11.172044160259103,5.078366490002951,4.1066245915259175e+28
211.20000000000016,11.171612580090295,5.076029337440323,4.0982523193000895e+28
212.20000000000016,11.1711824783929,5.073703812518479,4.089936543087987e+28
213.20000000000016,11.170753843262027,5.071389802124909,4.081676618098848e+28
214.20000000000016,11.170326662943944,5.069087194774769,4.073471909880787e+28
215.20000000000016,11.169900925833465,5.066795880579961,4.065321794107675e+28
216.20000000000016,11.169476620471386,5.064515751218936,4.057225656371395e+28
217.20000000000016,11.169053735541985,5.062246699907224,4.049182891979278e+28
218.20000000000016,11.168632259870577,5.059988621368626,4.041192905756604e+28
219.20000000000016,11.168212182421115,5.057741411807095,4.0332551118539885e+28
220.20000000000016,11.167793492293844,5.055504968879259,4.025368933559535e+28
221.20000000000016,11.167376178723012,5.053279191667574,4.017533803115597e+28
222.20000000000016,11.166960231074622,5.051063980654105,4.0097491615400315e+28
223.20000000000016,11.166545638844234,5.048859237694885,4.002014458451795e+28
224.20000000000016,11.166132391654813,5.046664865994875,3.994329151900787e+28
225.20000000000016,11.165720479254627,5.044480770083483,3.986692708201778e+28
226.20000000000016,11.16530989151518,5.042306855790626,3.979104601772353e+28
227.20000000000016,11.164900618429197,5.040143030223346,3.971564314974714e+28
228.20000000000016,11.16449265010864,5.03798920174293,3.96407133796126e+28
229.20000000000016,11.16408597678278,5.035845279942551,3.9566251685238363e+28
230.20000000000016,11.16368058879629,5.033711175625391,3.9492253119465282e+28
231.20000000000016,11.163276476607399,5.03158680078327,3.941871280861932e+28
232.20000000000016,11.162873630786063,5.029472068575707,3.9345625951107775e+28
233.20000000000016,11.162472042012181,5.027366893309468,3.9272987816048374e+28
234.20000000000016,11.162071701073854,5.0252711904185485,3.920079374193007e+28
235.20000000000016,11.161672598865666,5.0231848764445886,3.912903913530486e+28
236.20000000000016,11.16127472638701,5.021107869017708,3.905771946950968e+28
237.20000000000016,11.160878074740442,5.019040086837759,3.8986830283417647e+28
238.20000000000016,11.16048263513007,5.016981449655976,3.8916367180217707e+28
239.20000000000016,11.160088398859973,5.014931878257013,3.884632582622214e+28
240.20000000000016,11.159695357332652,5.012891294441371,3.877670194970093e+28
241.20000000000016,11.159303502047509,5.010859621008174,3.8707491339742505e+28
242.20000000000016,11.158912824599364,5.008836781738349,3.8638689845140027e+28
243.20000000000016,11.158523316676987,5.0068227013781055,3.85702933733025e+28
244.20000000000016,11.158134970061672,5.004817305622801,3.850229788919026e+28
245.20000000000016,11.15774777662583,5.002820521101123,3.8434699414273926e+28
246.20000000000016,11.157361728331615,5.000832275359603,3.8367494025516435e+28
247.20000000000016,11.156976817229568,4.998852496847441,3.83006778543774e+28
248.20000000000016,11.156593035457291,4.996881114901656,3.823424708583936e+28
249.20000000000016,11.156210375238157,4.994918059732526,3.816819795745513e+28
250.20000000000016,11.15582882888002,4.992963262409328,3.810252675841602e+28
251.20000000000016,11.155448388773975,4.991016654846376,3.803722982864008e+28
252.20000000000016,11.155069047393122,4.989078169789332,3.797230355788007e+28
253.20000000000016,11.154690797291368,4.987147740801785,3.7907744384850574e+28
254.20000000000016,11.154313631102236,4.985225302252113,3.784354879637376e+28
255.20000000000016,11.15393754153771,4.983310789300608,3.7779713326543347e+28
256.20000000000016,11.153562521387094,4.981404137886839,3.7716234555906297e+28
257.20000000000016,11.153188563515892,4.979505284717278,3.7653109110661856e+28
258.20000000000016,11.152815660864709,4.977614167253175,3.7590333661877387e+28
259.20000000000016,11.15244380644818,4.975730723698659,3.7527904924720676e+28
260.20000000000016,11.1520729933539,4.973854892989075,3.746581965770832e+28
261.20000000000016,11.151703214741392,4.971986614779553,3.7404074661969645e+28
262.20000000000016,11.151334463841087,4.970125829433792,3.7342666780526056e+28
263.20000000000016,11.150966733953318,4.968272478013073,3.7281592897585087e+28
264.20000000000016,11.150600018447337,4.966426502265468,3.722084993784909e+28
265.20000000000016,11.150234310760347,4.964587844615259,3.7160434865838083e+28
266.20000000000016,11.149869604396553,4.962756448152573,3.7100344685226383e+28
267.20000000000016,11.149505892926234,4.9609322566232095,3.704057643819277e+28
268.20000000000016,11.149143169984814,4.959115214418634,3.698112720478379e+28
269.20000000000016,11.148781429271976,4.957305266566204,3.6921994102289984e+28
270.20000000000016,11.148420664550766,4.955502358719555,3.6863174284634553e+28
271.20000000000016,11.14806086964673,4.953706437149158,3.6804664941774397e+28
272.20000000000016,11.14770203844706,4.951917448733083,3.6746463299113e+28
273.20000000000016,11.147344164899748,4.950135340947902,3.6688566616925117e+28
274.20000000000016,11.146987243012768,4.948360061859782,3.6630972189792735e+28
275.20000000000016,11.146631266853262,4.946591560115735,3.657367734605232e+28
276.20000000000016,11.146276230546745,4.944829784935035,3.6516679447252783e+28
277.20000000000016,11.145922128276316,4.943074686100779,3.6459975887624224e+28
278.20000000000016,11.145568954281899,4.941326213951626,3.640356409355694e+28
288.20000000000016,11.14208704142772,4.92419541600364,3.5854949065548657e+28
298.20000000000016,11.138692014374515,4.907676489206786,3.5332899948155643e+28
308.20000000000016,11.135378942955882,4.891727792709757,3.4835302222345385e+28
318.20000000000016,11.132143325912516,4.876311766280926,3.4360271412506075e+28
328.20000000000016,11.128981041393311,4.861394416145728,3.3906121755303967e+28
338.20000000000016,11.125888304490925,4.846944879127428,3.3471339943192347e+28
348.20000000000016,11.122861630635205,4.832935051228667,3.305456299742424e+28
358.20000000000016,11.119897803892613,4.819339269568845,3.2654559523111633e+28
368.20000000000016,11.11699384939651,4.806134038752328,3.227021375093307e+28
378.20000000000016,11.114147009273227,4.793297794434723,3.1900511887986797e+28
388.20000000000016,11.111354721540591,4.780810698190221,3.154453039238244e+28
398.20000000000016,11.108614601545295,4.768654458844159,3.1201425858615967e+28
408.20000000000016,11.10592442557796,4.756812176283649,3.0870426258152486e+28
418.20000000000016,11.103282116363712,4.745268204441913,3.055082332537166e+28
428.20000000000016,11.100685730174106,4.734008030704365,3.0241965915695083e+28
438.20000000000016,11.098133445345885,4.723018169433976,2.9943254192278296e+28
448.20000000000016,11.095623552024557,4.712286067681058,2.9654134521615477e+28
458.20000000000016,11.093154442977903,4.701800021444543,2.9374094977933e+28
468.20000000000016,11.090724605347027,4.691549101101365,2.9102661372237377e+28
478.20000000000016,11.088332613221395,4.681523084827285,2.8839393735036297e+28
488.20000000000016,11.085977120940143,4.671712399004809,2.858388319261987e+28
498.20000000000016,11.083656857035296,4.662108064757895,2.83357491858071e+28
508.20000000000016,11.081370618743772,4.652701649874088,2.809463698757657e+28
518.2000000000002,11.079117267024724,4.643485225476637,2.7860215482284246e+28
528.2000000000002,11.076895722026846,4.634451326895322,2.7632175174447333e+28
538.2000000000002,11.074704958957327,4.62559291825786,2.7410226399517675e+28
548.2000000000002,11.072544004310096,4.6169033603860115,2.7194097712826026e+28
558.2000000000002,11.07041193241616,4.608376381633683,2.6983534436065466e+28
568.2000000000002,11.068307862283277,4.6000060513498795,2.677829734339427e+28
578.2000000000002,11.066230954696058,4.591786755688496,2.657816147155283e+28
588.2000000000002,11.064180409550938,4.58371317552061,2.638291504037036e+28
598.2000000000002,11.062155463403323,4.575780266234162,2.61923584717376e+28
608.2000000000002,11.0601553872068,4.567983239231008,2.600630349658551e+28
618.2000000000002,11.058179484226438,4.560317544953352,2.582457234067297e+28
628.2000000000002,11.056227088110235,4.5527788572905825,2.564699698107936e+28
638.2000000000002,11.054297561104374,4.545363059234152,2.5473418466245806e+28
648.2000000000002,11.0523902923995,4.538066229662757,2.530368629323274e+28
658.2000000000002,11.050504696596544,4.53088463115275,2.513765783657955e+28
668.2000000000002,11.048640212281772,4.52381469871997,2.4975197823778956e+28
678.2000000000002,11.046796300701754,4.516853029409015,2.4816177852927637e+28
688.2000000000002,11.044972444529915,4.509996372654658,2.466047594859576e+28
698.2000000000002,11.04316814671708,4.503241621347826,2.4507976152381006e+28
708.2000000000002,11.04138292941919,4.496585803545298,2.4358568144984967e+28
718.2000000000002,11.039616332995978,4.490026074768382,2.4212146896978343e+28
728.2000000000002,11.03786791507503,4.483559710841114,2.4068612345711567e+28
738.2000000000002,11.036137249676068,4.477184101223344,2.3927869096084462e+28
748.2000000000002,11.034423926390886,4.470896742798292,2.3789826143116622e+28
758.2000000000002,11.032727549614647,4.464695234077961,2.365439661446249e+28
768.2000000000002,11.031047737824734,4.458577269793162,2.3521497531195453e+28
778.2000000000002,11.029384122903625,4.452540635838022,2.3391049585345775e+28
788.2000000000002,11.027736349502561,4.446583204541426,2.326297693282062e+28
798.2000000000002,11.026104074443078,4.440702930240471,2.3137207000462473e+28
808.2000000000002,11.024486966153708,4.434897845133051,2.3013670306117115e+28
818.2000000000002,11.02288470413937,4.429166055388782,2.2892300290685123e+28
828.2000000000002,11.021296978481175,4.4235057374992195,2.2773033161223258e+28
838.2000000000002,11.019723489364559,4.417915134849922,2.265580774424514e+28
848.2000000000002,11.018163946633832,4.412392554498437,2.2540565348445355e+28
858.2000000000002,11.016618069371356,4.406936364143527,2.242724963613863e+28
868.2000000000002,11.015085585499733,4.401544989272223,2.2315806502766405e+28
878.2000000000002,11.013566231405484,4.396216910472334,2.2206183963878203e+28
888.2000000000002,11.012059751582838,4.3909506608990565,2.209833204904489e+28
898.2000000000002,11.010565898296335,4.3857448238852115,2.199220270220601e+28
908.2000000000002,11.009084431261059,4.3805980306854675,2.188774968799415e+28
918.2000000000002,11.007615117339386,4.375508958345645,2.178492850361657e+28
928.2000000000002,11.006157730253236,4.370476327688888,2.1683696295907772e+28
938.2000000000002,11.00471205031087,4.365498901411097,2.158401178319767e+28
948.2000000000002,11.003277864147353,4.360575482278621,2.1485835181667654e+28
958.2000000000002,11.001854964477866,4.355704911421654,2.1389128135892634e+28
968.2000000000002,11.000443149863091,4.350886066717359,2.1293853653290102e+28
978.2000000000002,10.999042224485988,4.346117861257113,2.1199976042218704e+28
988.2000000000002,10.997651997939261,4.341399241892656,2.110746085348817e+28
998.2000000000002,10.996272285022938,4.336729187856365,2.1016274825060105e+28
1008.2000000000002,10.994907913790797,4.332113363680922,2.073068625875237e+28
1018.2000000000002,10.99356728462293,4.327562195606969,2.040980912377799e+28
1028.2000000000003,10.992250158047021,4.323074647188768,2.0096962381473532e+28
1038.2000000000003,10.990955885268098,4.31864916033396,1.9791869859487824e+28
1048.2000000000003,10.989683841739268,4.314284230622542,1.9494267420271022e+28
1058.2000000000003,10.98843342602469,4.3099784049426075,1.9203902328162314e+28
1068.2000000000003,10.987204058726444,4.305730279252266,1.8920532655360522e+28
1078.2000000000003,10.985995181471102,4.30153849645988,1.8643926724051247e+28
1088.2000000000003,10.984806255952154,4.297401744415305,1.837386258217864e+28
1098.2000000000003,10.98363676302471,4.2933187540052895,1.8110127510545695e+28
1108.2000000000003,10.982486201849161,4.289288297346756,1.7852517559105643e+28
1118.2000000000003,10.981354089080718,4.285309186072055,1.76008371104708e+28
1128.2000000000003,10.980239958101977,4.2813802697006995,1.7354898468814794e+28
1138.2000000000003,10.979143358295866,4.277500434092499,1.7114521472481315e+28
1148.2000000000003,10.978063854356469,4.273668599977291,1.6879533128738284e+28
1158.2000000000003,10.977001025635467,4.2698837215568535,1.6649767269231638e+28
1168.2000000000003,10.975954465522047,4.266144785174848,1.6425064224798917e+28
1178.2000000000003,10.974923780854274,4.262450808050886,1.6205270518400143e+28
1188.2000000000003,10.973908591360082,4.258800837075128,1.5990238575012968e+28
1198.2000000000003,10.972908529126144,4.255193947660015,1.5779826447421495e+28
1208.2000000000003,10.971923238093003,4.251629242645927,1.5573897556903953e+28
1218.2000000000003,10.970952373574969,4.248105851257867,1.537232044789435e+28
1228.2000000000003,10.969995601803332,4.244622928110298,1.5174968555757684e+28
1238.2000000000003,10.969052599491619,4.241179652257596,1.4981719986877788e+28
1248.2000000000003,10.968123053421623,4.237775226287631,1.4792457310311768e+28
1258.2000000000003,10.967206660049065,4.234408875456188,1.460706736031579e+28
1268.2000000000003,10.9663031251278,4.231079846860073,1.4425441049093922e+28
1278.2000000000003,10.96541216335155,4.22778740864687,1.42474731891651e+28
1288.2000000000003,10.96453349801222,4.22453084925944,1.4073062324783507e+28
1298.2000000000003,10.963666860673898,4.221309476713392,1.3902110571884973e+28
1308.2000000000003,10.962811990861699,4.2181226179058,1.3734523466066353e+28
1318.2000000000003,10.96196863576467,4.214969617953619,1.3570209818137042e+28
1328.2000000000003,10.961136549952014,4.21184983956028,1.340908157681139e+28
1338.2000000000003,10.960315495101943,4.208762662409056,1.3251053698138347e+28
1348.2000000000003,10.959505239742489,4.205707482581877,1.3096044021290409e+28
1358.2000000000003,10.958705559003688,4.202683712002346,1.2943973150357662e+28
1368.2000000000003,10.957916234380518,4.199690777901758,1.2794764341814936e+28
1378.2000000000003,10.957137053506086,4.196728122307018,1.2648343397350675e+28
1388.2000000000003,10.956367809934518,4.193795201549396,1.2504638561765382e+28
1398.2000000000003,10.95560830293308,4.190891485793131,1.2363580425665343e+28
1408.2000000000003,10.95485833728308,4.188016458582943,1.2225101832694042e+28
1418.2000000000003,10.954117723089105,4.185169616409545,1.2089137791059194e+28
1428.2000000000003,10.953386275596195,4.182350468292338,1.1955625389127893e+28
1438.2000000000003,10.952663815014562,4.179558535378472,1.1824503714875888e+28
1448.2000000000003,10.951950166351502,4.176793350557527,1.1695713778989629e+28
1458.2000000000003,10.95124515925015,4.174054458091102,1.1569198441431563e+28
1468.2000000000003,10.950548627834745,4.17134141325663,1.1444902341290298e+28
1478.2000000000003,10.94986041056212,4.16865378200477,1.1322771829747413e+28
1488.2000000000003,10.949180350079098,4.165991140629787,1.1202754906002535e+28
1498.2000000000003,10.94850829308554,4.163353075452313,1.1084801156007307e+28
1508.2000000000003,10.94784409020278,4.160739182513976,1.0968861693867255e+28
1518.2000000000003,10.947187595847195,4.158149067283347,1.0854889105778724e+28
1528.2000000000003,10.946538668108678,4.155582344372726,1.074283739637525e+28
1538.2000000000003,10.945897168633797,4.153038637265296,1.0632661937364947e+28
1548.2000000000003,10.945262962513421,4.150517578052192,1.0524319418346894e+28
1558.2000000000003,10.944635918174622,4.1480188071790725,1.0417767799700725e+28
1568.2000000000003,10.944015907276658,4.145541973201774,1.0312966267449401e+28
1578.2000000000003,10.943402804610853,4.14308673255068,1.0209875190000557e+28
1588.2000000000003,10.942796488004229,4.140652749303443,1.010845607667692e+28
1598.2000000000003,10.942196838226678,4.1382396949656854,1.0008671537951101e+28
1608.2000000000003,10.941603738901579,4.1358472482593776,9.910485247304562e+27
1618.2000000000003,10.941017076419657,4.133475094918557,9.81386190463483e+27
1628.2000000000003,10.940436739855999,4.131122927492117,9.718767201138961e+27
1638.2000000000003,10.93986262089004,4.128790445153331,9.625167785605125e+27
1648.2000000000003,10.939294613728439,4.126477353515888,9.533031232047602e+27
1658.2000000000003,10.938732615030696,4.1241833644561545,9.44232600862394e+27
1668.2000000000003,10.938176523837411,4.12190819594141,9.353021447776059e+27
1678.2000000000003,10.937626241501057,4.1196515718638445,9.265087717540164e+27
1688.2000000000003,10.937081671619197,4.1174132218800565,9.178495793973025e+27
1698.2000000000003,10.936542719970001,4.115192881255862,9.093217434644924e+27
1708.2000000000003,10.936009294450015,4.112990290716208,9.009225153151967e+27
1718.2000000000003,10.93548130501405,4.110805196299973,8.92649219460291e+27
1728.2000000000003,10.934958663617147,4.108637349219487,8.844992512037791e+27
1738.2000000000003,10.934441284158487,4.106486505724584,8.764700743737816e+27
1748.2000000000003,10.933929082427214,4.104352426971003,8.685592191387908e+27
1758.2000000000003,10.933421976050077,4.102234878892998,8.607642799055237e+27
1768.2000000000003,10.932919884440807,4.100133632079979,8.530829132948767e+27
1778.2000000000003,10.932422728751185,4.098048461657042,8.45512836192663e+27
1788.2000000000003,10.931930431823716,4.095979147169229,8.380518238719636e+27
1798.2000000000003,10.931442918145867,4.093925472469417,8.306977081840796e+27
1808.2000000000003,10.930960113805785,4.0918872256096535,8.234483758152151e+27
1818.2000000000003,10.930481946449458,4.089864198735862,8.163017666061527e+27
1828.2000000000003,10.930008345239257,4.0878561879857465,8.09255871932316e+27
1838.2000000000003,10.929539240813806,4.085862993389827,8.023087331417304e+27
1848.2000000000003,10.929074565249136,4.083884418775453,7.954584400485144e+27
1858.2000000000003,10.928614252021061,4.08192027167372,7.887031294796352e+27
1868.2000000000003,10.928158235968754,4.07997036322917,7.82040983872776e+27
1878.2000000000003,10.927706453259454,4.0780345081121725,7.754702299232503e+27
1888.2000000000003,10.927258841354282,4.0761125244339125,7.689891372780007e+27
1898.2000000000003,10.926815338975118,4.074204233663876,7.625960172748022e+27
1908.2000000000003,10.926375886072485,4.072309460549747,7.562892217248806e+27
1918.2000000000003,10.925940423794444,4.070428033039654,7.500671417372266e+27
1928.2000000000003,10.925508894456419,4.068559782206652,7.439282065829773e+27
1938.2000000000003,10.925081241511945,4.066704542175394,7.37870882598292e+27
1948.2000000000003,10.9246574095243,4.064862150050899,7.318936721242327e+27
1958.2000000000003,10.924237344138993,4.063032445849354,7.259951124822163e+27
1968.2000000000003,10.92382099205706,4.061215272430878,7.201737749836708e+27
1978.2000000000003,10.923408301009177,4.059410475434181,7.144282639725867e+27
1988.2000000000003,10.92299921973052,4.0576179032130675,7.087572158997119e+27
1998.2000000000003,10.922593697936374,4.055837406774698,7.031592984271906e+27
2008.2000000000003,10.92219168629845,4.054068839719582,6.976332095624994e+27
2018.2000000000003,10.921793136421902,4.052312058183219,6.921776768205801e+27
2028.2000000000003,10.921398000823,4.050566920779348,6.867914564131203e+27
2038.2000000000003,10.92100623290745,4.048833288544754,6.814733324639695e+27
2048.2000000000003,10.920617786949341,4.04711102488557,6.762221162497273e+27
2058.2000000000003,10.920232618070688,4.045399995525037,6.710366454645768e+27
2068.2000000000003,10.919850682221556,4.043700068452678,6.659157835084782e+27
2078.2000000000003,10.919471936160749,4.042011113874819,6.608584187978664e+27
2088.2000000000003,10.919096337437038,4.040333004166458,6.558634640980432e+27
2098.2000000000003,10.918723844370923,4.038665613824376,6.509298558764773e+27
2108.2000000000003,10.918354416036895,4.037008819421532,6.460565536762617e+27
2118.2000000000003,10.917988012246186,4.0353624995626,6.412425395090096e+27
2128.2000000000003,10.917624593530011,4.033726534840733,6.364868172664972e+27
2138.2000000000003,10.917264121123253,4.0321008077954055,6.317884121503872e+27
2148.2000000000003,10.916906556948604,4.030485202871364,6.271463701193999e+27
2158.2000000000003,10.916551863601136,4.02887960637865,6.225597573533159e+27
2168.2000000000003,10.916200004333282,4.027283906453627,6.180276597332255e+27
2178.2000000000003,10.915850943040235,4.025697993021014,6.135491823374592e+27
2188.2000000000003,10.915504644245727,4.02412175775689,6.09123448952656e+27
2198.2000000000003,10.915161073088193,4.022555094052626,6.0474960159945e+27
2208.2000000000003,10.9148201953073,4.020997896979729,6.004268000722715e+27
2218.2000000000003,10.914481977230833,4.019450063255562,5.961542214927851e+27
2228.2000000000003,10.914146385761933,4.017911491209938,5.919310598764951e+27
2238.2000000000003,10.913813388366652,4.016382080752516,5.877565257120796e+27
2248.2000000000003,10.913482953061854,4.0148617333410295,5.83629845553021e+27
2258.2000000000003,10.913155048403413,4.013350351950283,5.795502616211193e+27
2268.2000000000003,10.912829643474728,4.011847841041908,5.755170314214961e+27
2278.2000000000003,10.912506707875524,4.010354106534865,5.715294273687039e+27
2288.2000000000003,10.912186211710944,4.0088690557766515,5.675867364235732e+27
2298.2000000000003,10.911868125580925,4.007392597515219,5.636882597404457e+27
2308.2000000000003,10.911552420569832,4.0059246418715535,5.59833312324453e+27
2318.2000000000003,10.911239068236359,4.004465100312917,5.560212226985092e+27
2328.2000000000003,10.910928040603693,4.003013885626733,5.522513325797053e+27
2338.2000000000003,10.91061931014991,4.001570911895085,5.485229965648011e+27
2348.2000000000003,10.910312849798617,4.000136094469822,5.448355818245161e+27
2358.2000000000003,10.91000863290983,3.998709349948247,5.411884678063446e+27
2368.2000000000003,10.909706633271073,3.9972905961493765,5.375810459456165e+27
2378.2000000000003,10.909406825088693,3.995879752090758,5.340127193845427e+27
2388.2000000000003,10.909109182979401,3.9944767379658237,5.304829026989942e+27
2398.2000000000003,10.908813681962,3.9930814751217585,5.269910216327684e+27
2408.2000000000003,10.908520297449334,3.9916938860378988,5.235365128391074e+27
2418.2000000000003,10.908229005240415,3.990313894304605,5.201188236292424e+27
2428.2000000000003,10.907939781512754,3.988941424602635,5.167374117277445e+27
2438.2000000000003,10.907652602814865,3.9875764026829708,5.1339174503447e+27
2448.2000000000003,10.907367446058952,3.9862187553471085,5.100813013928969e+27
2458.2000000000003,10.907084288513776,3.9848684104278056,5.068055683646562e+27
2468.2000000000003,10.906803107797678,3.983525296770238,5.035640430100665e+27
2478.2000000000003,10.906523881871783,3.982189344213589,5.0035623167449e+27
2488.2000000000003,10.906246589033346,3.980860483573061,4.971816497803318e+27
2498.2000000000003,10.905971207909271,3.9795386466222586,4.9403982162451156e+27
2508.2000000000003,10.905697717449767,3.978223766075985,4.909302801812433e+27
2518.2000000000003,10.905426096922161,3.9769157755734104,4.87852566909962e+27
2528.2000000000003,10.905156325904848,3.9756146096615974,4.848062315682446e+27
2538.2000000000003,10.904888384281383,3.9743202037794063,4.817908320295748e+27
2548.2000000000003,10.904622252234713,3.9730324942417354,4.7880593410580995e+27
2558.2000000000003,10.904357910241528,3.9717514182241045,4.758511113742074e+27
2568.2000000000003,10.904095339066753,3.970476913747574,4.7292594500888e+27
2578.2000000000003,10.903834519758163,3.9692089196639904,4.700300236165475e+27
2588.2000000000003,10.903575433641114,3.967947375641537,4.671629430764594e+27
2598.2000000000003,10.903318062313392,3.966692222150606,4.643243063843675e+27
2608.2000000000003,10.90306238764019,3.9654434004499586,4.615137235004311e+27
2618.2000000000003,10.90280839174918,3.9642008525731827,4.587308112009406e+27
2628.2000000000003,10.902556057025702,3.9629645213154396,4.559751929337483e+27
2638.2000000000003,10.902305366108072,3.96173435022048,4.532464986773037e+27
2648.2000000000003,10.902056301882967,3.9605102835679413,4.5054436480318513e+27
2658.2000000000003,10.901808847480932,3.9592922663608956,4.478684339420325e+27
2668.2000000000003,10.901562986271982,3.9580802443136673,4.4521835485278227e+27
2678.2000000000003,10.901318701861292,3.956874163839904,4.425937822951121e+27
2688.2000000000003,10.90107597808499,3.9556739720408807,4.399943769050044e+27
2698.2000000000003,10.900834799006033,3.9544796166940523,4.374198050733415e+27
2708.2000000000003,10.90059514891018,3.9532910462418416,4.348697388274477e+27
2718.2000000000003,10.900357012302043,3.952108209780646,4.323438557154958e+27
2728.2000000000003,10.900120373901231,3.950931057050077,4.298418386936989e+27
2738.2000000000003,10.899885218638566,3.949759538422408,4.273633760162108e+27
2748.2000000000003,10.899651531652392,3.948593604892243,4.249081611276591e+27
2758.2000000000003,10.899419298284949,3.947433208066387,4.224758925582399e+27
2768.2000000000003,10.899188504078834,3.946278300153918,4.2006627382130395e+27
2778.2000000000003,10.898959134773532,3.9451288339564585,4.17679013313366e+27
2788.2000000000003,10.898731176302016,3.9439847628586384,4.1531382421647096e+27
2798.2000000000003,10.898504614787425,3.9428460408187487,4.1297042440285443e+27
2808.2000000000003,10.898279436539806,3.941712622359574,4.106485363418347e+27
2818.2000000000003,10.898055628052923,3.94058446255941,4.0834788700887696e+27
2828.2000000000003,10.89783317600114,3.9394615170432545,4.060682077967705e+27
2838.2000000000003,10.897612067236354,3.9383437419741676,4.038092344288636e+27
2848.2000000000003,10.897392288785005,3.9372310940448,4.015707068743014e+27
2858.2000000000003,10.897173827845137,3.9361235304690916,3.993523692652124e+27
2868.2000000000003,10.89695667178352,3.935021008974113,3.971539698157936e+27
2878.2000000000003,10.896740808132842,3.9339234877920863,3.9497526074324403e+27
2888.2000000000003,10.896526224588936,3.9328309256525404,3.928159981904969e+27
2898.2000000000003,10.896312909008081,3.93174328177462,3.9067594215070565e+27
2908.2000000000003,10.896100849404357,3.93066051585955,3.8855485639343585e+27
2918.2000000000003,10.895890033947035,3.929582588083223,3.8645250839252074e+27
2928.2000000000003,10.89568045095804,3.928509459088948,3.843686692555357e+27
2938.2000000000003,10.895472088909449,3.9274410899803205,3.823031136548512e+27
2948.2000000000003,10.895264936421052,3.92637744231423,3.8025561976022304e+27
2958.2000000000003,10.895058982257947,3.9253184780940042,3.7822596917288034e+27
2968.2000000000003,10.89485421532819,3.92426415976266,3.762139468610736e+27
2978.2000000000003,10.894650624680493,3.923214450196313,3.7421934109704577e+27
2988.2000000000003,10.894448199501962,3.922169312697678,3.722419433953895e+27
2998.2000000000003,10.89424692911588,3.9211287109897026,3.7028154845275606e+27
3008.2000000000003,10.894046802979535,3.920092609209317,3.6833795408888215e+27
3018.2000000000003,10.893847810682084,3.9190609719012905,3.6641096118890133e+27
3028.2000000000003,10.893649941942472,3.91803376401222,3.645003736469071e+27
3038.2000000000003,10.893453186607372,3.917010950884594,3.6260599831073824e+27
3048.2000000000003,10.89325753464918,3.9159924982509997,3.607276449279542e+27
3058.2000000000003,10.893062976164035,3.914978372228403,3.588651260929723e+27
3068.2000000000003,10.892869501369894,3.9139685393125605,3.5701825719533737e+27
3078.2000000000003,10.892677100604622,3.912962966372503,3.5518685636909637e+27
3088.2000000000003,10.892485764324137,3.911961620645143,3.5337074444325083e+27
3098.2000000000003,10.892295483100577,3.9109644697299553,3.515697448932605e+27
3108.2000000000003,10.89210624762051,3.909971481583774,3.497836837935725e+27
3118.2000000000003,10.891918048683172,3.90898262451566,3.4801238977115233e+27
3128.2000000000003,10.891730877198732,3.9079978671818725,3.462556939599905e+27
3138.2000000000003,10.891544724186613,3.907017178580928,3.445134299565624e+27
3148.2000000000003,10.891359580773813,3.9060405280487425,3.4278543377621884e+27
3158.2000000000003,10.891175438193274,3.905067885253848,3.410715438104839e+27
3168.2000000000003,10.890992287782286,3.904099220192717,3.39371600785239e+27
3178.2000000000003,10.890810120980904,3.903134503185148,3.3768544771977224e+27
3188.2000000000003,10.890628929330406,3.9021737048697314,3.360129298866719e+27
3198.2000000000003,10.890448704471778,3.901216796199406,3.3435389477254435e+27
3208.2000000000003,10.890269438144218,3.900263748437076,3.3270819203953756e+27
3218.2000000000003,10.890091122183678,3.8993145331513195,3.310756734876499e+27
3228.2000000000003,10.889913748521426,3.898369122212149,3.29456193017807e+27
3238.2000000000003,10.889737309182633,3.89742748778687,3.278496065956881e+27
3248.2000000000003,10.889561796284994,3.896489602335987,3.262557722162848e+27
3258.2000000000003,10.889387202037357,3.895555438609191,3.2467454986917485e+27
3268.2000000000003,10.889213518738394,3.894624969641407,3.2310580150449403e+27
3278.2000000000003,10.889040738775288,3.893698168748916,3.215493909995917e+27
3288.2000000000003,10.888868854622437,3.892775009525538,3.200051841263519e+27
3298.2000000000003,10.888697858840196,3.8918554658388724,3.1847304851916607e+27
3308.2000000000003,10.888527744073624,3.8909395118266143,3.1695285364354315e+27
3318.2000000000003,10.888358503051263,3.890027121892913,3.1544447076534057e+27
3328.2000000000003,10.888190128583942,3.8891182707048157,3.1394777292060347e+27
3338.2000000000003,10.888022613563589,3.888212933188746,3.124626348859983e+27
3348.2000000000003,10.887855950962075,3.8873110845270515,3.1098893314982664e+27
3358.2000000000003,10.887690133830075,3.8864127001546076,3.0952654588360635e+27
3368.2000000000003,10.887525155295942,3.885517755755476,3.080753529142078e+27
3378.2000000000003,10.88736100856461,3.8846262272596133,3.0663523569653274e+27
3388.2000000000003,10.887197686916513,3.88373809083964,3.0520607728672215e+27
3398.2000000000003,10.887035183706518,3.882853322907655,3.0378776231588386e+27
3408.2000000000003,10.886873492362879,3.881971900112111,3.023801769643261e+27
3418.2000000000003,10.886712606386213,3.881093799334724,3.00983208936287e+27
3428.2000000000003,10.886552519348488,3.880218997687451,2.9959674743514857e+27
3438.2000000000003,10.886393224892025,3.879347472509499,2.98220683139125e+27
3448.2000000000003,10.886234716728529,3.878479201364396,2.9685490817741406e+27
3458.2000000000003,10.886076988638123,3.877614162037099,2.9549931610680257e+27
3468.2000000000003,10.885920034468409,3.8767523325311513,2.9415380188871454e+27
3478.2000000000003,10.88576384813353,3.8758936910658814,2.928182618666941e+27
3488.2000000000003,10.88560842361327,3.8750382160736554,2.9149259374431176e+27
3498.2000000000003,10.885453754952145,3.8741858861971554,2.9017669656348744e+27
3508.2000000000003,10.885299836258527,3.8733366802867195,2.8887047068321815e+27
3518.2000000000003,10.885146661703773,3.872490577397716,2.8757381775870443e+27
3528.2000000000003,10.884994225521371,3.8716475567879445,2.86286640720865e+27
3538.2000000000003,10.8848425220061,3.8708075979151033,2.8500884375623274e+27
3548.2000000000003,10.884691545513203,3.8699706804342746,2.8374033228722273e+27
3558.2000000000003,10.884541290457577,3.8691367841954607,2.8248101295276496e+27
3568.2000000000003,10.884391751312968,3.868305889241148,2.8123079358929446e+27
3578.2000000000003,10.884242922611193,3.867477975803921,2.7998958321208987e+27
3588.2000000000003,10.884094798941357,3.8666530243041,2.7875729199695477e+27
3598.2000000000003,10.883947374949093,3.865831015347421,2.7753383126223307e+27
3608.2000000000003,10.883800645335821,3.865011929722755,2.763191134511529e+27
3618.2000000000003,10.883654604858,3.864195748399851,2.751130521144908e+27
3628.2000000000003,10.883509248326408,3.86338245252712,2.7391556189355e+27
3638.2000000000003,10.883364570605432,3.8625720234294607,2.727265585034467e+27
3648.2000000000003,10.883220566612355,3.8617644426060957,2.7154595871669764e+27
3658.2000000000003,10.883077231316676,3.8609596917284614,2.7037368034710226e+27
3668.2000000000003,10.88293455973942,3.8601577526381154,2.69209642233914e+27
3678.2000000000003,10.882792546952476,3.85935860734469,2.680537642262944e+27
3688.2000000000003,10.882651188077933,3.8585622380238553,2.6690596716804493e+27
3698.2000000000003,10.882510478287433,3.8577686270153357,2.657661728826094e+27
3708.2000000000003,10.882370412801533,3.8569777568209354,2.6463430415834306e+27
3718.2000000000003,10.882230986889073,3.8561896101026023,2.6351028473404174e+27
3728.2000000000003,10.882092195866562,3.855404169680525,2.623940392847264e+27
3738.2000000000003,10.881954035097566,3.8546214185312513,2.6128549340767777e+27
3748.2000000000003,10.881816499992105,3.8538413397858275,2.6018457360871583e+27
3758.2000000000003,10.88167958600607,3.8530639167279843,2.590912072887195e+27
3768.2000000000003,10.881543288640636,3.8522891327923303,2.580053227303814e+27
3778.2000000000003,10.881407603441685,3.851516971562575,2.569268490851935e+27
3788.2000000000003,10.881272525999256,3.850747416769791,2.558557163606578e+27
3798.2000000000003,10.881138051946975,3.849980452290684,2.547918554077197e+27
3808.2000000000003,10.881004176961518,3.849216062145901,2.5373519790841706e+27
3818.2000000000003,10.880870896762069,3.8484542304983513,2.526856763637431e+27
3828.2000000000003,10.880738207109786,3.847694941651557,2.516432240817166e+27
3838.2000000000003,10.880606103807285,3.8469381800480282,2.506077751656578e+27
3848.2000000000003,10.880474582698124,3.8461839302676677,2.495792645026635e+27
3858.2000000000003,10.880343639666291,3.845432177026176,2.4855762775227905e+27
3868.2000000000003,10.880213270635714,3.844682905173508,2.4754280133536314e+27
3878.2000000000003,10.880083471569762,3.843936099692327,2.465347224231408e+27
3888.2000000000003,10.879954238470761,3.843191745696496,2.4553332892644207e+27
3898.2000000000003,10.879825567379521,3.842449828429581,2.44538559485122e+27
3908.2000000000003,10.879697454374863,3.8417103332633826,2.4355035345765855e+27
3918.2000000000003,10.879569895573157,3.840973245696482,2.4256865091092522e+27
3928.2000000000003,10.879442887127864,3.840238551352809,2.415933926101348e+27
3938.2000000000003,10.879316425229087,3.8395062359802337,2.40624520008951e+27
3948.2000000000003,10.87919050610313,3.838776285449171,2.3966197523976497e+27
3958.2000000000003,10.879065126012062,3.838048685751211,2.3870570110413298e+27
3968.2000000000003,10.87894028125328,3.8373234229977635,2.3775564106337303e+27
3978.2000000000003,10.878815968159094,3.836600483418722,2.3681173922931654e+27
3988.2000000000003,10.878692183096302,3.835879853361148,2.3587394035521252e+27
3998.2000000000003,10.878568922465785,3.8351615192879738,2.349421898267816e+27
4008.2000000000003,10.878446182702097,3.8344454677767166,2.340164336534166e+27
4018.2000000000003,10.878323960273065,3.8337316855182184,2.330966184595272e+27
4028.2000000000003,10.878202251679394,3.833020159315399,2.3218269147602592e+27
4038.2000000000003,10.878081053454283,3.8323108760820235,2.312746005319525e+27
4048.2000000000003,10.87796036216304,3.8316038228414966,2.303722940462348e+27
4058.2000000000003,10.877840174402705,3.8308989867256553,2.2947572101958273e+27
4068.2000000000003,10.877720486801671,3.8301963549735953,2.2858483102651362e+27
4078.2000000000003,10.877601296019328,3.8294959149305035,2.2769957420750566e+27
4088.2000000000003,10.877482598745697,3.828797654046509,2.2681990126127812e+27
4098.200000000001,10.87736439170107,3.8281015598755497,2.25945763437195e+27
4108.200000000001,10.877246671635662,3.8274076200742524,2.2507711252779074e+27
4118.200000000001,10.877129435329266,3.8267158224008284,2.2421390086141452e+27
4128.200000000001,10.877012679590909,3.8260261547139875,2.233560812949926e+27
4138.200000000001,10.876896401258513,3.8253386049718565,2.2250360720690508e+27
4148.200000000001,10.876780597198568,3.8246531612309225,2.2165643248997578e+27
4158.200000000001,10.8766652643058,3.8239698116449836,2.2081451154457307e+27
4168.200000000001,10.87655039950285,3.8232885444641216,2.199777992718193e+27
4178.200000000001,10.876435999739956,3.8226093480336707,2.191462510669074e+27
4188.200000000001,10.876322061994633,3.821932210793218,2.1831982281252208e+27
4198.200000000001,10.876208583271376,3.821257121275615,2.1749847087236442e+27
4208.200000000001,10.87609556060134,3.8205840681059873,2.1668215208477745e+27
4218.200000000001,10.87598299104205,3.8199130400007704,2.1587082375647106e+27
4228.200000000001,10.875870871677094,3.8192440257667535,2.1506444365634475e+27
4238.200000000001,10.875759199615837,3.818577014300142,2.1426297000940597e+27
4248.200000000001,10.875647971993132,3.8179119945856184,2.1346636149078264e+27
4258.200000000001,10.875537185969028,3.817248955695428,2.1267457721982831e+27
4268.200000000001,10.875426838728494,3.816587886788465,2.1188757675431798e+27
4278.200000000001,10.875316927481142,3.81592877710939,2.1110532008473314e+27
4288.200000000001,10.87520744946095,3.815271615987732,2.1032776762863457e+27
4298.200000000001,10.875098401925992,3.8146163928370207,2.0955488022512114e+27
4308.200000000001,10.874989782158178,3.8139630971539287,2.087866191293731e+27
4318.200000000001,10.874881587462978,3.8133117185174115,2.0802294600727876e+27
4328.200000000001,10.874773815169176,3.812662246587871,2.0726382293014246e+27
4338.200000000001,10.874666462628605,3.8120146711063296,2.06509212369473e+27
4348.200000000001,10.8745595272159,3.811368981893603,2.0575907719185084e+27
4358.200000000001,10.874453006328247,3.810725168849498,2.0501338065387265e+27
4368.200000000001,10.874346897385132,3.8100832219520067,2.0427208639717222e+27
4378.200000000001,10.874241197828107,3.8094431312565247,2.035351584435156e+27
4388.200000000001,10.874135905120546,3.808804886895065,2.028025611899706e+27
4398.200000000001,10.874031016747407,3.8081684790754897,2.020742594041477e+27
4408.200000000001,10.873926530215002,3.8075338980807536,2.0135021821951245e+27
4418.200000000001,10.873822443050765,3.8069011342681507,2.006304031307673e+27
4428.200000000001,10.873718752803025,3.80627017806857,1.9991477998930257e+27
4438.200000000001,10.873615457040785,3.8056410199857678,1.99203314998714e+27
4448.200000000001,10.873512553353494,3.8050136505956402,1.9849597471038743e+27
4458.200000000001,10.873410039350835,3.8043880605455107,1.9779272601914782e+27
4468.200000000001,10.873307912662504,3.8037642405534213,1.9709353615897309e+27
4478.200000000001,10.873206170938003,3.8031421814074413,1.9639837269877013e+27
4488.200000000001,10.873104811846426,3.802521873964972,1.9570720353821336e+27
4498.200000000001,10.87300383307625,3.801903309152067,1.9501999690364363e+27
4508.200000000001,10.872903232335135,3.801286477962761,1.9433672134402734e+27
4518.200000000001,10.87280300734972,3.8006713714584106,1.93657345726974e+27
4528.200000000001,10.872703155865421,3.8000579807670265,1.9298183923481198e+27
4538.200000000001,10.87260367564624,3.799446297082637,1.9231017136072092e+27
4548.200000000001,10.872504564474559,3.798836311664637,1.9164231190492004e+27
4558.200000000001,10.872405820150963,3.798228015837164,1.9097823097091162e+27
4568.200000000001,10.872307440494039,3.7976214009884655,1.9031789896177833e+27
4578.200000000001,10.872209423340195,3.797016458570288,1.8966128657653395e+27
4588.200000000001,10.87211176654347,3.796413180097259,1.8900836480652634e+27
4598.200000000001,10.87201446797536,3.7958115571462896,1.8835910493189163e+27
4608.200000000001,10.871917525524623,3.7952115813559715,1.877134785180595e+27
4618.200000000001,10.871820937097118,3.7946132444259946,1.8707145741230771e+27
4628.200000000001,10.871724700615617,3.794016538116563,1.8643301374036588e+27
4638.200000000001,10.87162881401964,3.793421454247817,1.8579811990306743e+27
4648.200000000001,10.871533275265275,3.792827984699263,1.8516674857304863e+27
4658.200000000001,10.871438082325014,3.7922361214092155,1.845388726914946e+27
4668.200000000001,10.871343233187586,3.791645856374243,1.8391446546493102e+27
4678.200000000001,10.871248725857793,3.791057181648614,1.8329350036206074e+27
4688.200000000001,10.87115455835634,3.790470089343751,1.82675951110645e+27
4698.200000000001,10.87106072871968,3.789884571627707,1.8206179169442838e+27
4708.200000000001,10.870967234999855,3.789300620724621,1.8145099635010633e+27
4718.200000000001,10.870874075264336,3.7887182289142025,1.808435395643354e+27
4728.200000000001,10.87078124759587,3.788137388531213,1.8023939607078476e+27
4738.200000000001,10.870688750092325,3.7875580919649474,1.796385408472287e+27
4748.200000000001,10.87059658086654,3.7869803316587354,1.7904094911267954e+27
4758.200000000001,10.870504738046172,3.786404100109436,1.7844659632456007e+27
4768.200000000001,10.870413219773553,3.7858293898669437,1.778554581759148e+27
4778.200000000001,10.870322024205542,3.785256193533703,1.772675105926601e+27
4788.200000000001,10.87023114951338,3.7846845037642183,1.7668272973087147e+27
4798.200000000001,10.870140593882548,3.7841143132645825,1.7610109197410848e+27
4808.200000000001,10.870050355512623,3.7835456147919957,1.7552257393077612e+27
4818.200000000001,10.869960432617146,3.7829784011543093,1.7494715243152212e+27
4828.200000000001,10.869870823423478,3.7824126652095513,1.7437480452666988e+27
4838.200000000001,10.869781526172666,3.78184839986548,1.73805507483686e+27
4848.200000000001,10.869692539119312,3.7812855980791267,1.7323923878468254e+27
4858.200000000001,10.869603860531432,3.7807242528563467,1.7267597612395285e+27
4868.200000000001,10.869515488690338,3.780164357251385,1.7211569740554068e+27
4878.200000000001,10.869427421890496,3.779605904366436,1.715583807408422e+27
4888.200000000001,10.869339658439404,3.779048887351206,1.7100400444624017e+27
4898.200000000001,10.869252196657465,3.778493299402493,1.7045254704076996e+27
4908.200000000001,10.869165034877861,3.777939133763763,1.6990398724381676e+27
4918.200000000001,10.869078171446432,3.777386383724731,1.6935830397284355e+27
4928.200000000001,10.868991604721549,3.7768350426209447,1.6881547634114968e+27
4938.200000000001,10.868905333073997,3.776285103833383,1.6827548365565884e+27
4948.200000000001,10.868819354886856,3.7757365607880446,1.6773830541473677e+27
4958.200000000001,10.868733668555382,3.7751894069555547,1.6720392130603787e+27
4968.200000000001,10.868648272486892,3.7746436358507642,1.6667231120438017e+27
4978.200000000001,10.868563165100644,3.77409924103236,1.6614345516964852e+27
4988.200000000001,10.86847834482773,3.7735562161024836,1.6561733344472538e+27
4998.200000000001,10.868393810110959,3.7730145547063367,1.6509392645344884e+27
5008.200000000001,10.868309559404747,3.7724742505318165,1.6457321479859731e+27
