Time,Mass,Radius,Lx
23.0,17.64555492954335,10.27,1.3e+30
24.0,17.621580701353434,10.223872452301004,1.3e+30
25.0,17.59793378240367,10.179653055380722,1.3e+30
26.0,17.574596890390122,10.13718558711916,1.3e+30
27.0,17.551554300210867,10.096332031804923,1.3e+30
28.0,17.528791651481523,10.056969872059675,1.3e+30
29.0,17.50629578584988,10.018989864579451,1.3e+30
30.0,17.484054608630224,9.98229419977035,1.3e+30
31.0,17.46205697043425,9.946794968594945,1.3e+30
32.0,17.44029256535825,9.912412877213333,1.3e+30
33.0,17.41875184296697,9.87907616296996,1.3e+30
34.0,17.397425931844065,9.846719675111842,1.3e+30
35.0,17.376306572894343,9.815284091150936,1.3e+30
36.0,17.35538606091137,9.784715245594985,1.3e+30
37.0,17.334657193185524,9.754963552293573,1.3e+30
38.0,17.314113224137195,9.725983505193078,1.3e+30
39.0,17.293747825129113,9.697733245095183,1.3e+30
40.0,17.27355504874918,9.670174182241066,1.3e+30
41.0,17.253529296967343,9.643270666325385,1.3e+30
42.0,17.23366529266227,9.61698969697913,1.3e+30
43.0,17.213958054089634,9.591300668921718,1.3e+30
44.0,17.194402871926865,9.566175146928272,1.3e+30
45.0,17.174995288581815,9.541586666531554,1.3e+30
46.0,17.155731079496835,9.5175105570139,1.3e+30
47.0,17.136606236216668,9.493923783769864,1.3e+30
48.0,17.117616951019862,9.470804807556071,1.3e+30
49.0,17.09875960293979,9.448133458507847,1.3e+30
50.0,17.080030745023894,9.425890823105984,1.3e+30
51.0,17.06142709269893,9.404059142531988,1.3e+30
52.0,17.042945513126433,9.38262172106532,1.3e+30
53.0,17.024583015446744,9.361562843357751,1.3e+30
54.0,17.006336741822054,9.340867699574638,1.3e+30
55.0,16.988203959199506,9.320522317524015,1.3e+30
56.0,16.9701820517244,9.300513501007014,1.3e+30
57.0,16.952268513741537,9.280828773719053,1.3e+30
58.0,16.934460943329608,9.26145632811411,1.3e+30
59.0,16.916757036319535,9.242384978715444,1.3e+30
60.0,16.89915458075297,9.223604119417885,1.3e+30
61.0,16.881651451741778,9.205103684379917,1.3e+30
62.0,16.864245606693384,9.186874112150228,1.3e+30
63.0,16.846935080870498,9.168906312713661,1.3e+30
64.0,16.82971798325683,9.151191637176657,1.3e+30
65.0,16.812592492703306,9.133721849843099,1.3e+30
66.0,16.795556854331693,9.116489102458331,1.3e+30
67.0,16.77860937617485,9.099485910422958,1.3e+30
68.0,16.761748426034686,9.08270513079869,1.3e+30
69.0,16.74497242854078,9.066139941947045,1.3e+30
70.0,16.72827986239409,9.049783824657883,1.3e+30
71.0,16.711669257781633,9.033630544639117,1.3e+30
72.0,16.69513919394931,9.017674136251745,1.3e+30
73.0,16.678688296921084,9.001908887385635,1.3e+30
74.0,16.662315237353862,8.98632932538161,1.3e+30
75.0,16.64601872851823,8.970930203914323,1.3e+30
76.0,16.629797524396114,8.955706490758526,1.3e+30
77.0,16.613650417887147,8.940653356368365,1.3e+30
78.0,16.597576239116183,8.925766163205928,1.3e+30
79.0,16.581573853835028,8.911040455760936,1.3e+30
80.0,16.565642161912052,8.896471951208627,1.3e+30
81.0,16.549780095903763,8.882056530657646,1.3e+30
82.0,16.533986619702986,8.867790230943848,1.3e+30
83.0,16.51826072725862,8.853669236929749,1.3e+30
84.0,16.502601441362383,8.839689874272787,1.3e+30
85.0,16.487007812498277,8.82584860262861,1.3e+30
86.0,16.471478917750844,8.812142009258437,1.3e+30
87.0,16.456013859768543,8.798566803012092,1.3e+30
88.0,16.440611765778876,8.78511980866053,1.3e+30
89.0,16.425271786652107,8.77179796155389,1.3e+30
90.0,16.409993096010687,8.758598302582886,1.3e+30
91.0,16.394774889381623,8.745517973423164,1.3e+30
92.0,16.379616383389322,8.732554212043844,1.3e+30
93.0,16.36451681498653,8.7197043484628,1.3e+30
94.0,16.349475440721168,8.70696580073266,1.3e+30
95.0,16.334491536037053,8.694336071142699,1.3e+30
96.0,16.31956439460658,8.681812742622794,1.3e+30
97.0,16.3046933276936,8.669393475336808,1.3e+30
98.0,16.289877663544797,8.657076003453458,1.3e+30
99.0,16.275116746808063,8.644858132083813,1.3e+30
100.0,16.260409937976362,8.63273773437517,1.3e+30
101.0,16.245756612855764,8.620712748751876,1.3e+30
102.0,16.23115616205633,8.608781176294265,1.3e+30
103.0,16.216607990504684,8.596941078247523,1.3e+30
104.0,16.202111516977137,8.585190573652845,1.3e+30
105.0,16.187666173652296,8.57352783709376,1.3e+30
106.0,16.17327140568218,8.561951096550995,1.3e+30
107.0,16.1589266707809,8.55045863135967,1.3e+30
108.0,16.144631438830036,8.539048770263017,1.3e+30
109.0,16.130385191499872,8.527719889557252,1.3e+30
110.0,16.116187421885737,8.516470411322505,1.3e+30
111.0,16.102037634158677,8.505298801735062,1.3e+30
112.0,16.087935343229802,8.494203569456536,1.3e+30
113.0,16.073880074427652,8.483183264095725,1.3e+30
114.0,16.05987136318795,8.472236474739363,1.3e+30
115.0,16.045908754755164,8.461361828547993,1.3e+30
116.0,16.031991803895366,8.450557989413644,1.3e+30
117.0,16.018120074619794,8.43982365667598,1.3e+30
118.0,16.004293139918715,8.429157563893995,1.3e+30
119.0,15.990510581505042,8.418558477670315,1.3e+30
120.0,15.976771989567329,8.408025196525484,1.3e+30
121.0,15.963076962531694,8.397556549819695,1.3e+30
122.0,15.949425106832285,8.3871513967196,1.3e+30
123.0,15.9358160366899,8.376808625207936,1.3e+30
124.0,15.922249373898447,8.36652715113388,1.3e+30
125.0,15.90872474761885,8.356305917302155,1.3e+30
126.0,15.895241794180132,8.346143892598972,1.3e+30
127.0,15.881800156887342,8.33604007115307,1.3e+30
128.0,15.868399485836045,8.325993471530166,1.3e+30
129.0,15.855039437733108,8.316003135959239,1.3e+30
130.0,15.84171967572351,8.30606812958914,1.3e+30
131.0,15.82843986922294,8.296187539774147,1.3e+30
132.0,15.815199693755932,8.286360475387081,1.3e+30
133.0,15.80199883079933,8.276586066158758,1.3e+30
134.0,15.78883696763086,8.26686346204255,1.3e+30
135.0,15.775713797182599,8.257191832602945,1.3e+30
136.0,15.76262901789916,8.247570366427011,1.3e+30
137.0,15.749582333600404,8.237998270557734,1.3e+30
138.0,15.736573453348491,8.228474769948301,1.3e+30
139.0,15.723602091319123,8.218999106936364,1.3e+30
140.0,15.710667966676791,8.20957054073745,1.3e+30
141.0,15.697770803453908,8.200188346956661,1.3e+30
142.0,15.684910330433642,8.1908518171179,1.3e+30
143.0,15.67208628103634,8.181560258209853,1.3e+30
144.0,15.659298393209395,8.172312992248049,1.3e+30
145.0,15.646546409320433,8.163109355852274,1.3e+30
146.0,15.633830076053684,8.153948699838764,1.3e+30
147.0,15.621149144309452,8.14483038882648,1.3e+30
148.0,15.608503369106533,8.135753800856964,1.3e+30
149.0,15.5958925094875,8.126718327027183,1.3e+30
150.0,15.583316328426754,8.117723371134801,1.3e+30
151.0,15.570774592741214,8.108768349335465,1.3e+30
152.0,15.558267073003591,8.099852689811524,1.3e+30
153.0,15.545793543458124,8.09097583245179,1.3e+30
154.0,15.533353781938715,8.082137228541898,1.3e+30
155.0,15.520947569789355,8.073336340464794,1.3e+30
156.0,15.508574691786793,8.064572641411033,1.3e+30
157.0,15.496234936065342,8.05584561509846,1.3e+30
158.0,15.483928094043769,8.047154755500905,1.3e+30
159.0,15.471653960354184,8.038499566585578,1.3e+30
160.0,15.459412332772878,8.029879562058806,1.3e+30
161.0,15.447203012153025,8.021294265119803,1.3e+30
162.0,15.435025802359206,8.012743208222192,1.3e+30
163.0,15.422880510203674,8.004225932842957,1.3e+30
164.0,15.410766945384328,7.995741989258546,1.3e+30
165.0,15.398684920424312,7.987290936327909,1.3e+30
166.0,15.386634250613213,7.978872341282166,1.3e+30
167.0,15.374614753949787,7.9704857795206845,1.3e+30
168.0,15.362626251086176,7.962130834413328,1.3e+30
169.0,15.350668565273558,7.953807097108655,1.3e+30
170.0,15.338741522309201,7.945514166347865,1.3e+30
171.0,15.326844950484858,7.937251648284263,1.3e+30
172.0,15.314978680536473,7.929019156308078,1.3e+30
173.0,15.303142545595156,7.920816310876408,1.3e+30
174.0,15.291336381139383,7.912642739348154,1.3e+30
175.0,15.27956002494839,7.90449807582374,1.3e+30
176.0,15.267813317056719,7.896381960989455,1.3e+30
177.0,15.25609609970988,7.888294041966285,1.3e+30
178.0,15.244408217321112,7.880233972163047,1.3e+30
179.0,15.232749516429173,7.872201411133684,1.3e+30
180.0,15.221119845657176,7.864196024438609,1.3e+30
181.0,15.209519055672404,7.856217483509935,1.3e+30
182.0,15.197946999147085,7.848265465520459,1.3e+30
183.0,15.186403530720108,7.840339653256288,1.3e+30
184.0,15.174888506959642,7.832439734992992,1.3e+30
185.0,15.16340178632663,7.8245654043751305,1.3e+30
186.0,15.151943229139157,7.816716360299107,1.3e+30
187.0,15.140512697537615,7.808892306799178,1.3e+30
188.0,15.129110055450711,7.801092952936539,1.3e+30
189.0,15.117735168562236,7.793318012691408,1.3e+30
190.0,15.1063879042786,7.785567204857978,1.3e+30
191.0,15.095068131697117,7.777840252942184,1.3e+30
192.0,15.08377572157499,7.770136885062138,1.3e+30
193.0,15.072510546299016,7.762456833851207,1.3e+30
194.0,15.061272479855965,7.7547998363636275,1.3e+30
195.0,15.050061397803612,7.747165633982565,1.3e+30
196.0,15.038877177242423,7.739553972330562,1.3e+30
197.0,15.02771969678786,7.731964601182293,1.3e+30
198.0,15.016588836543306,7.724397274379539,1.3e+30
199.0,15.005484478073567,7.716851749748361,1.3e+30
200.0,14.994406504378961,7.709327789018339,1.3e+30
201.0,14.98335479986997,7.701825157743878,1.3e+30
202.0,14.97232925034243,7.694343625227464,1.3e+30
203.0,14.961329742953264,7.686882964444871,1.3e+30
204.0,14.950356166196725,7.679442951972177,1.3e+30
205.0,14.939408409881143,7.67202336791464,1.3e+30
206.0,14.928486365106172,7.664623995837287,1.3e+30
207.0,14.91758992424051,7.6572446226972115,1.3e+30
208.0,14.906718980900083,7.64988503877753,1.3e+30
209.0,14.89587342992669,7.642545037622918,1.3e+30
210.0,14.885053167367088,7.635224415976735,1.3e+30
211.0,14.87425809045251,7.6279229737196275,1.3e+30
212.0,14.863488097578598,7.620640513809612,1.3e+30
213.0,14.852743088285758,7.61337684222358,1.3e+30
214.0,14.842022963239902,7.606131767900198,1.3e+30
215.0,14.831327624213595,7.598905102684128,1.3e+30
216.0,14.820656974067562,7.591696661271589,1.3e+30
217.0,14.810010916732594,7.584506261157152,1.3e+30
218.0,14.799389357191785,7.577333722581793,1.3e+30
219.0,14.78879220146315,7.570178868482145,1.3e+30
220.0,14.778219356582566,7.5630415244409175,1.3e+30
221.0,14.767670730587069,7.555921518638428,1.3e+30
222.0,14.757146232498457,7.548818681805269,1.3e+30
223.0,14.746645772307236,7.541732847176043,1.3e+30
224.0,14.736169260956864,7.53466385044411,1.3e+30
225.0,14.725716610328304,7.527611529717406,1.3e+30
226.0,14.715287733224876,7.520575725475192,1.3e+30
227.0,14.704882543357405,7.513556280525814,1.3e+30
228.0,14.69450095532964,7.506553039965365,1.3e+30
229.0,14.684142884623968,7.499565851137273,1.3e+30
230.0,14.673808247587383,7.492594563592796,1.3e+30
231.0,14.663496961417732,7.485639029052324,1.3e+30
232.0,14.653208944150215,7.478699101367596,1.3e+30
233.0,14.64294411464414,7.471774636484676,1.3e+30
234.0,14.63270239256992,7.464865492407759,1.3e+30
235.0,14.622483698396318,7.457971529163746,1.3e+30
236.0,14.612287953377928,7.451092608767571,1.3e+30
237.0,14.60211507954288,7.444228595188282,1.3e+30
238.0,14.59196499968078,7.437379354315816,1.3e+30
239.0,14.581837637330866,7.430544753928501,1.3e+30
240.0,14.571732916770378,7.42372466366122,1.3e+30
241.0,14.561706681167442,7.416942413402749,1.2844672346620165e+30
242.0,14.551813235042774,7.410220884922078,1.269183229129245e+30
243.0,14.54205023439278,7.4035592862921025,1.2541429960944086e+30
244.0,14.532415386332067,7.396956837758001,1.2393416681912428e+30
245.0,14.522906447782917,7.3904127715469805,1.224774494634076e+30
246.0,14.51352122420286,7.38392633168014,1.2104368379647861e+30
247.0,14.50425756834912,7.377496773786458,1.1963241709032838e+30
248.0,14.495113379078763,7.371123364918979,1.1824320732978219e+30
249.0,14.486086600183398,7.3648053833732074,1.1687562291715844e+30
250.0,14.477175219257349,7.35854211850773,1.1552924238621415e+30
251.0,14.468377266598212,7.352332870567118,1.142036541250493e+30
252.0,14.459690814138808,7.346176950507093,1.1289845610765539e+30
253.0,14.451113974409507,7.340073679822002,1.1161325563380528e+30
254.0,14.442644899529988,7.334022390374592,1.1034766907699375e+30
255.0,14.434281780229504,7.32802242422809,1.0910132164014872e+30
256.0,14.426022844894765,7.3220731334806235,1.0787384711884467e+30
257.0,14.417866358644567,7.316173880101944,1.066648876717594e+30
258.0,14.409810622430339,7.310324035772476,1.0547409359812557e+30
259.0,14.401853972161817,7.304522981724688,1.043011231219377e+30
260.0,14.393994777857037,7.298770108586776,1.0314564218268452e+30
261.0,14.386231442815925,7.29306481622864,1.0200732423238525e+30
262.0,14.378562402816733,7.2874065136101756,1.0088585003871654e+30
263.0,14.370986125334646,7.281794618631837,9.97809074940249e+29
264.0,14.363501108781847,7.276228557987476,9.86921914300273e+29
265.0,14.356105881768421,7.270707767019438,9.76194034380097e+29
266.0,14.348799002383432,7.265231689575911,9.656225169434025e+29
267.0,14.341579057495569,7.25979977787048,9.552045079112098e+29
268.0,14.334444662072787,7.254411492343905,9.449372157180817e+29
269.0,14.327394458520338,7.2490663015280905,9.348179097163752e+29
270.0,14.32042711603666,7.243763681912208,9.248439186269674e+29
271.0,14.31354132998658,7.238503117810982,9.150126290349335e+29
272.0,14.306735821291303,7.233284101235094,9.053214839287144e+29
273.0,14.300009335834714,7.228106131763697,8.957679812813632e+29
274.0,14.293360643885462,7.222968716418997,8.863496726725061e+29
275.0,14.286788539534403,7.2178713695429195,8.770641619497121e+29
276.0,14.280291840146914,7.212813612675776,8.67909103928e+29
277.0,14.273869385829656,7.207794974436965,8.588822031262668e+29
278.0,14.267520038911348,7.202814990407653,8.499812125394603e+29
279.0,14.261242683437159,7.197873203015407,8.412039324453583e+29
280.0,14.25503622467629,7.192969161420763,8.325482092448627e+29
281.0,14.248899588642395,7.188102421405711,8.240119343347493e+29
282.0,14.242831721626434,7.183272545264057,8.155930430118526e+29
283.0,14.23683158974162,7.178479101693643,8.072895134077068e+29
284.0,14.230898178480105,7.173721665690392,7.990993654526835e+29
285.0,14.225030492281055,7.168999818444181,7.91020659868719e+29
286.0,14.219227554109796,7.164313147236447,7.830514971897375e+29
287.0,14.213488405047716,7.15966124533961,7.751900168089198e+29
288.0,14.207812103892604,7.155043711918156,7.674343960519892e+29
289.0,14.20219772676913,7.150460151931483,7.597828492757175e+29
290.0,14.196644366749197,7.145910176038363,7.522336269908814e+29
291.0,14.191151133481853,7.141393400503109,7.447850150089217e+29
292.0,14.185717152832508,7.136909447103317,7.374353336115894e+29
293.0,14.180341566531208,7.132457943039249,7.301829367428829e+29
294.0,14.175023531829686,7.128038520844752,7.230262112226009e+29
295.0,14.169762221166948,7.123650818299755,7.159635759808663e+29
296.0,14.164556821843183,7.1192944783442655,7.089934813129903e+29
297.0,14.159406535701716,7.114969148993881,7.021144081540704e+29
298.0,14.154310578818832,7.110674483256762,6.953248673727363e+29
299.0,14.149268181201213,7.106410139052064,6.886233990834747e+29
300.0,14.144278586490799,7.102175779129787,6.820085719769847e+29
301.0,14.139341051676858,7.097971070992033,6.754789826680338e+29
302.0,14.134454846815078,7.093795686815637,6.690332550602994e+29
303.0,14.129619254753475,7.089649303376147,6.626700397277004e+29
304.0,14.124833570864935,7.085531601973157,6.563880133117363e+29
305.0,14.120097102786218,7.081442268356918,6.501858779343712e+29
306.0,14.115409170163241,7.077380992656263,6.440623606260096e+29
307.0,14.110769104402463,7.073347469307777,6.380162127681303e+29
308.0,14.106176248428218,7.069341396986218,6.320462095501564e+29
309.0,14.10162995644584,7.065362478536169,6.261511494401512e+29
310.0,14.097129593710406,7.061410420904858,6.203298536689475e+29
311.0,14.09267453630096,7.0574849350761895,6.145811657273257e+29
312.0,14.088264170900072,7.053585736005919,6.0890395087586905e+29
313.0,14.083897894578584,7.049712542557959,6.032970956671398e+29
314.0,14.079575114585412,7.045865077441821,5.977595074798263e+29
315.0,14.075295248142254,7.042043067151125,5.9229011406452495e+29
316.0,14.071057722243108,7.0382462419032255,5.8688786310082964e+29
317.0,14.066861973458428,7.0344743355798585,5.8155172176541475e+29
318.0,14.062707447743838,7.030727085668849,5.762806763108028e+29
319.0,14.058593600253259,7.0270042332068385,5.710737316545211e+29
320.0,14.054519895156343,7.023305522723009,5.659299109783595e+29
321.0,14.050485805460102,7.019630702183788,5.608482553374502e+29
322.0,14.046490812834621,7.015979522938538,5.558278232788992e+29
323.0,14.04253440744275,7.012351739666174,5.5086769046970675e+29
324.0,14.038616087773669,7.008747110322728,5.459669493337238e+29
325.0,14.03473536048024,7.005165396089813,5.411247086973971e+29
326.0,14.030891740220031,7.001606361324013,5.36340093444064e+29
327.0,14.027084749499924,6.998069773507121,5.316122441765654e+29
328.0,14.02331391852422,6.994555403197266,5.26940316887952e+29
329.0,14.019578785046157,6.991063023980892,5.223234826400658e+29
330.0,14.015878894222737,6.987592412425556,5.17760927249785e+29
331.0,14.01221379847279,6.984143348033552,5.132518509827274e+29
332.0,14.008583057338193,6.980715613196354,5.087954682542132e+29
333.0,14.00498623734817,6.977308993149821,5.043910073372929e+29
334.0,14.001422911886577,6.973923275930208,5.000377100776548e+29
335.0,13.997892661062115,6.970558252330905,4.957348316152278e+29
336.0,13.994395071581401,6.96721371585997,4.914816401123043e+29
337.0,13.990929736624802,6.9638894626983365,4.8727741648801144e+29
338.0,13.987496255724988,6.960585291658793,4.831214541589632e+29
339.0,13.984094234648131,6.957301004145641,4.790130587859331e+29
340.0,13.980723285277671,6.954036404115056,4.749515480263897e+29
341.0,13.97738302550061,6.95079129803613,4.709362512927425e+29
342.0,13.974073079096243,6.947565494852574,4.6696650951615045e+29
343.0,13.9707930756273,6.944358805945095,4.630416749157489e+29
344.0,13.967542650333403,6.9411710450944,4.591611107731561e+29
345.0,13.964321444026819,6.9380020284448385,4.553241912121222e+29
346.0,13.96112910299042,6.934851574468672,4.51530300983191e+29
347.0,13.957965278877824,6.931719503930939,4.477788352532437e+29
348.0,13.954829628615647,6.92860563985494,4.4406919939980284e+29
349.0,13.951721814307819,6.925509807488281,4.4040080880997476e+29
350.0,13.948641503141918,6.922431834269528,4.367730886839109e+29
351.0,13.945588367297479,6.919371549795391,4.331854738426773e+29
352.0,13.942562083856208,6.916328785788496,4.296374085404192e+29
353.0,13.93956233471409,6.913303376065683,4.261283462807125e+29
354.0,13.936588806495314,6.910295156506841,4.226577496369984e+29
355.0,13.933641190467991,6.907303965024282,4.19225090076999e+29
356.0,13.930719182461623,6.9043296415326125,4.158298477910139e+29
357.0,13.927822482786262,6.901372027919125,4.124715115240021e+29
358.0,13.924950796153352,6.89843096801469,4.0914957841135555e+29
359.0,13.922103831598182,6.895506307565112,4.058635538182727e+29
360.0,13.919281302403935,6.892597894202998,4.0261295118264325e+29
361.0,13.916482926027282,6.889705577420072,3.993972918613588e+29
362.0,13.913708424025499,6.886829208539963,3.962161049799646e+29
363.0,13.910957521985052,6.883968640691446,3.930689272855705e+29
364.0,13.908229949451645,6.88112372878212,3.899553030029431e+29
365.0,13.90552543986166,6.878294329472533,3.8687478369370064e+29
366.0,13.902843730474995,6.875480301150738,3.838269281185354e+29
367.0,13.90018456230924,6.872681503907254,3.808113021023908e+29
368.0,13.897547680075174,6.869897799510463,3.778274784025233e+29
369.0,13.894932832113552,6.86712905138239,3.7487503657937614e+29
370.0,13.892339770333145,6.864375124574913,3.719535628702023e+29
371.0,13.889768250150016,6.861635885746329,3.690626500653667e+29
372.0,13.887218030427999,6.85891120313833,3.6620189738726696e+29
373.0,13.884688873420341,6.856200946553347,3.633709103718077e+29
374.0,13.882180544712515,6.853504987332267,3.605693007523708e+29
375.0,13.879692813166134,6.850823198332517,3.577966863462195e+29
376.0,13.877225450863975,6.8481554539065,3.55052690943282e+29
377.0,13.874778233056077,6.845501629880381,3.523369441972554e+29
378.0,13.872350938106884,6.8428616035332315,3.496490815189784e+29
379.0,13.869943347443417,6.840235253576493,3.469887439720184e+29
380.0,13.867555245504454,6.83762246013379,3.443555781704206e+29
381.0,13.865186419690678,6.83502310472106,3.417492361785701e+29
382.0,13.862836660315809,6.832437070227019,3.391693754131172e+29
383.0,13.860505760558647,6.8298642408939045,3.366156585469188e+29
384.0,13.858193516416058,6.827304502298583,3.340877534149483e+29
385.0,13.855899726656842,6.824757741333917,3.31585332922129e+29
386.0,13.853624192776492,6.822223846190447,3.291080749530478e+29
387.0,13.851366718952804,6.8197027063383775,3.266556622835048e+29
388.0,13.849127112002332,6.817194212509822,3.2422778249385746e+29
389.0,13.84690518133767,6.8146982566813605,3.218241278841181e+29
390.0,13.84470073892553,6.812214732056868,3.1944439539076535e+29
391.0,13.842513599245622,6.809743533050602,3.1708828650523066e+29
392.0,13.840343579250291,6.8072845552705665,3.1475550719402047e+29
393.0,13.838190498324918,6.8048376955021475,3.1244576782043998e+29
394.0,13.836054178249059,6.802402851692001,3.1015878306787976e+29
395.0,13.833934443158302,6.799979922932188,3.0789427186463114e+29
396.0,13.83183111950684,6.797568809444568,3.056519573101971e+29
397.0,13.829744036030727,6.795169412565448,3.0343156660306316e+29
398.0,13.827673023711824,6.79278163473044,3.0123283096989795e+29
399.0,13.8256179157424,6.790405379459598,2.990554855961498e+29
400.0,13.823578547490383,6.788040551342748,2.9689926955800967e+29
401.0,13.821554756465252,6.785687056025077,2.947639257557098e+29
402.0,13.819546382284553,6.783344800192932,2.92649200848128e+29
403.0,13.817553266641022,6.78101369155984,2.905548451886703e+29
404.0,13.815575253270303,6.778693638852744,2.8848061276240226e+29
405.0,13.81361218791926,6.776384551798472,2.8642626112440253e+29
406.0,13.81166391831485,6.774086341110383,2.843915513393118e+29
407.0,13.809730294133567,6.771798918475234,2.8237624792205118e+29
408.0,13.80781116697144,6.769522196540272,2.8038011877968405e+29
409.0,13.80590639031455,6.76725608890048,2.7840293515439747e+29
410.0,13.804015819510097,6.765000510086052,2.764444715675781e+29
411.0,13.802139311737966,6.762755375550059,2.7450450576495934e+29
412.0,13.80027672598281,6.760520601656275,2.7258281866281677e+29
413.0,13.79842792300663,6.758296105667226,2.7067919429518936e+29
414.0,13.796592765321828,6.756081805732405,2.6879341976210392e+29
415.0,13.794771117164752,6.753877620876647,2.6692528517878216e+29
416.0,13.792962844469695,6.751683470988716,2.6507458362580888e+29
417.0,13.791167814843364,6.749499276810047,2.6324111110024094e+29
418.0,13.78938589753978,6.747324959923652,2.614246664676372e+29
419.0,13.787616963435633,6.745160442743199,2.5962505141498977e+29
420.0,13.785860885006059,6.743005648502276,2.578420704045374e+29
421.0,13.784117536300837,6.740860501243768,2.5607553062844294e+29
422.0,13.782386792921008,6.738724925809448,2.5432524196431628e+29
423.0,13.780668531995891,6.736598847829693,2.525910169315647e+29
424.0,13.778962632160502,6.7344821937133545,2.5087267064855467e+29
425.0,13.77726897353335,6.732374890637788,2.491700207905661e+29
426.0,13.775587437694636,6.730276866539036,2.474828875485247e+29
427.0,13.773917907664808,6.728188050102139,2.4581109358849456e+29
428.0,13.772260267883489,6.7261083707516125,2.4415446401191625e+29
429.0,13.770614404188764,6.724037758642044,2.425128263165747e+29
430.0,13.768980203796826,6.7219761446488455,2.4088601035828147e+29
431.0,13.76735755528195,6.719923460359134,2.3927384831325737e+29
432.0,13.765746348556835,6.717879638062749,2.3767617464120036e+29
433.0,13.764146474853245,6.715844610743401,2.360928260490253e+29
434.0,13.762557826703006,6.713818312069952,2.3452364145526132e+29
435.0,13.760980297919303,6.711800676387817,2.329684619550939e+29
436.0,13.759413783578303,6.709791638710504,2.3142713078603783e+29
437.0,13.757858180001072,6.707791134711265,2.2989949329422903e+29
438.0,13.756313384735812,6.705799100714875,2.283853969013221e+29
439.0,13.754779296540374,6.7038154736895255,2.268846910719819e+29
440.0,13.753255815365085,6.701840191238851,2.2539722728195645e+29
441.0,13.751742842335837,6.699873191594044,2.2392285898672016e+29
442.0,13.750240279737465,6.697914413606103,2.2246144159067567e+29
443.0,13.748748030997408,6.6959637967382015,2.2101283241690305e+29
444.0,13.747266000669626,6.694021281058134,2.195768906774453e+29
445.0,13.74579409441878,6.692086807230911,2.1815347744412e+29
446.0,13.744332219004692,6.69016031651142,2.167424556198458e+29
447.0,13.742880282267027,6.688241750737227,2.153436899104747e+29
448.0,13.741438193110257,6.686331052321455,2.139570467971186e+29
449.0,13.740005861488847,6.68442816424578,2.1258239450896185e+29
450.0,13.73858319839269,6.682533030053522,2.11219602996549e+29
451.0,13.737170115832777,6.680645593842829,2.0986854390553945e+29
452.0,13.735766526827103,6.678765800259965,2.0852909055091887e+29
453.0,13.73437234538679,6.6768935944926895,2.0720111789165917e+29
454.0,13.732987486502441,6.67502892226373,2.0588450250581797e+29
455.0,13.731611866130715,6.673171729824347,2.045791225660687e+29
456.0,13.730245401181106,6.671321963947994,2.0328485781565382e+29
466.0,13.717066675503233,6.653221417245806,1.909281660759372e+29
476.0,13.704718692161645,6.635808624958898,1.7956151215222123e+29
486.0,13.693132225872027,6.619038073930053,1.6908720363033458e+29
496.0,13.682245168364394,6.602868290167949,1.594189286065247e+29
506.0,13.672001663812708,6.587261402968094,1.5048023504472181e+29
516.0,13.662351364737109,6.572182763446522,1.4220323836667749e+29
526.0,13.653248789535152,6.55760060986653,1.3452751940091931e+29
536.0,13.644652766052854,6.543485773310154,1.2739918167989918e+29
546.0,13.636525948248186,6.529811418223021,1.2077004259333586e+29
556.0,13.628834395153145,6.516552813178022,1.1459693736215665e+29
566.0,13.621547203103317,6.503687127888279,1.0884111841097193e+29
576.0,13.614636183652259,6.491193253075222,1.034677356587472e+29
586.0,13.608075580782783,6.479051640282657,9.84453856513388e+28
596.0,13.601841822016267,6.4672441591372785,9.374571943137403e+28
606.0,13.595913298842763,6.4557539699029025,8.934310066403688e+28
616.0,13.5902701725796,6.444565409470142,8.521430687792433e+28
626.0,13.58489420233895,6.433663889173664,8.133826779109969e+28
636.0,13.57976859226536,6.423035803042904,7.769583561606598e+28
646.0,13.574877855608706,6.41266844527466,7.426958300759169e+28
656.0,13.570207693539235,6.4025499358724804,7.104362496153432e+28
666.0,13.565744886900335,6.392669153532125,6.800346151319598e+28
676.0,13.561477199339848,6.383015674967998,6.513583853831176e+28
686.0,13.557393290469411,6.37357971997516,6.242862434318185e+28
696.0,13.55348263787939,6.364352101607668,5.9870700054702385e+28
706.0,13.549735466989258,6.355324180928697,5.745186209595561e+28
716.0,13.54614268784392,6.346487825852522,5.516273526667177e+28
726.0,13.542695838078679,6.337835373654844,5.2994695146939425e+28
736.0,13.53938703137232,6.329359596776914,5.093979871253384e+28
746.0,13.536208910791238,6.321053671591702,4.8990722195727e+28
756.0,13.533154606499815,6.312911149837799,4.714070535024418e+28
766.0,13.530217697374885,6.30492593245946,4.538350138631038e+28
776.0,13.527392176116582,6.297092245620032,4.371333193413918e+28
786.0,13.524672417495237,6.2894046186811075,4.212484647397738e+28
796.0,13.522053149415331,6.2818578639622125,4.061308573979794e+28
806.0,13.519529426513646,6.274447058115257,3.9173448663503696e+28
816.0,13.517096606040376,6.2671675249654015,3.7801662478390167e+28
826.0,13.514750325799705,6.260014819685269,3.649375564573998e+28
836.0,13.512486483950727,6.2529847141830786,3.524603330773467e+28
846.0,13.510301220491037,6.246073183597183,3.405505500417887e+28
856.0,13.508190900264218,6.239276393800379,3.291761442052527e+28
866.0,13.506152097349162,6.232590689826679,3.1830720960951407e+28
876.0,13.50418158070392,6.2260125851419446,3.0791582963272913e+28
886.0,13.502276300949822,6.2195387516871,2.979759239271049e+28
896.0,13.500433378193263,6.213166010629646,2.884631086932776e+28
906.0,13.498650090792788,6.206891323765108,2.7935456899639366e+28
916.0,13.496923864988325,6.20071178551548,2.7062894196726867e+28
926.0,13.49525226531753,6.194624615476663,2.6226620985426135e+28
936.0,13.493632985751546,6.188627151471197,2.5424760199969236e+28
946.0,13.4920638414889,6.182716843066549,2.465555049104938e+28
956.0,13.490542761352167,6.17689124552272,2.391733796778231e+28
966.0,13.489067780737159,6.171148014136159,2.3208568607592745e+28
976.0,13.48763703506911,6.165484898949844,2.2527781273775397e+28
986.0,13.486248753724501,6.159899739801936,2.1873601286465013e+28
996.0,13.484901254380938,6.154390461687829,2.124473449808763e+28
1006.0,13.483590346214418,6.148953824077919,2.080238534050367e+28
1016.0,13.482302958560341,6.143582361708567,2.047970320826778e+28
1026.0,13.48103742641837,6.1382741400938965,2.0165113907848677e+28
1036.0,13.479793167316698,6.133027780459262,1.985833853020707e+28
1046.0,13.478569619809067,6.127841947483693,1.9559110345853038e+28
1056.0,13.477366242521436,6.122715347519398,1.9267174162990732e+28
1066.0,13.476182513250519,6.117646726900645,1.8982285725176503e+28
1076.0,13.475017928110892,6.11263487033677,1.8704211145714307e+28
1086.0,13.473872000727637,6.107678599384311,1.8432726376230965e+28
1096.0,13.472744261471684,6.102776770993746,1.8167616707073525e+28
1106.0,13.471634256735237,6.097928276126476,1.7908676297353471e+28
1116.0,13.470541548244828,6.093132038438066,1.7655707732629234e+28
1126.0,13.469465712409718,6.088387013024006,1.7408521608371218e+28
1136.0,13.468406339703558,6.083692185224471,1.7166936137493276e+28
1146.0,13.467363034077296,6.079046569484827,1.6930776780362817e+28
1156.0,13.466335412401524,6.074449208268767,1.6699875895819163e+28
1166.0,13.465323103936523,6.069899171021273,1.647407241183789e+28
1176.0,13.464325749828424,6.065395553178645,1.6253211514577818e+28
1186.0,13.463343002629966,6.06093747522311,1.6037144354638651e+28
1196.0,13.46237452584447,6.056524081779614,1.58257277694411e+28
1206.0,13.461419993491717,6.052154540752612,1.5618824020718504e+28
1216.0,13.46047908969449,6.047828042500722,1.5416300546180216e+28
1226.0,13.459551508284655,6.043543799047297,1.5218029724472542e+28
1236.0,13.458636952427693,6.039301043325077,1.5023888652623675e+28
1246.0,13.457735134264675,6.035099028453169,1.4833758935214826e+28
1256.0,13.456845774570747,6.030937027044727,1.4647526484571544e+28
1266.0,13.455968602429222,6.026814330543784,1.4465081331316832e+28
1276.0,13.45510335492047,6.022730248589793,1.4286317444671937e+28
1286.0,13.454249776824794,6.018684108408509,1.4111132561931504e+28
1296.0,13.453407620338593,6.0146752542279085,1.3939428026577673e+28
1306.0,13.45257664480309,6.010703046717939,1.377110863453287e+28
1316.0,13.45175661644499,6.006766862452965,1.3606082488083443e+28
1326.0,13.450947308128468,6.002866093395781,1.3444260857036612e+28
1336.0,13.450148499117873,5.999000146402203,1.3285558046701256e+28
1346.0,13.449359974850664,5.995168442745275,1.3129891272308992e+28
1356.0,13.448581526720004,5.991370417658118,1.297718053951633e+28
1366.0,13.447812951866583,5.987605519894641,1.2827348530651153e+28
1376.0,13.44705405297918,5.983873211307198,1.268032049638773e+28
1386.0,13.44630463810355,5.980172966440492,1.2536024152554e+28
1396.0,13.445564520459238,5.976504272140939,1.2394389581792988e+28
1406.0,13.444833518263911,5.972866627180817,1.2255349139817228e+28
1416.0,13.444111454564883,5.969259541896545,1.2118837366010765e+28
1426.0,13.44339815707746,5.965682537840424,1.198479089814816e+28
1436.0,13.442693458029803,5.962135147445309,1.1853148391013531e+28
1446.0,13.441997194013977,5.958616913701581,1.172385043871566e+28
1456.0,13.441309205842941,5.955127389845925,1.1596839500507073e+28
1466.0,13.440629338413157,5.9516661390613965,1.147205982992629e+28
1476.0,13.439957440572586,5.9482327341882755,1.13494574070929e+28
1486.0,13.439293364993825,5.944826757445274,1.1228979873994956e+28
1496.0,13.438636968052133,5.941447800160622,1.1110576472617342e+28
1506.0,13.437988109708156,5.938095462512674,1.09941979857684e+28
1516.0,13.437346653395105,5.934769353279558,1.0879796680470157e+28
1526.0,13.436712465910217,5.931469089597586,1.0767326253785032e+28
1536.0,13.436085417310299,5.928194296727968,1.0656741780959038e+28
1546.0,13.435465380811172,5.9249446078315895,1.0547999665768057e+28
1556.0,13.434852232690858,5.92171966375142,1.0441057592960117e+28
1566.0,13.434245852196325,5.9185191128023344,1.0335874482692366e+28
1576.0,13.433646121453664,5.915342610567997,1.0232410446866979e+28
1586.0,13.433052925381535,5.912189819704544,1.0130626747275404e+28
1596.0,13.432466151607736,5.909060409750795,1.003048575546525e+28
1606.0,13.431885690388789,5.905954056944722,9.931950914248564e+27
1616.0,13.43131143453239,5.902870444045972,9.834986700774765e+27
1626.0,13.430743279322613,5.899809260164131,9.7395585910953e+27
1636.0,13.430181122447761,5.896770200592609,9.64563302615111e+27
1646.0,13.429624863930748,5.8937529666478365,9.553177379117452e+27
1656.0,13.4290744060619,5.890757265513624,9.462159924044078e+27
1666.0,13.428529653334099,5.887782810090476,9.372549805731906e+27
1676.0,13.427990512380148,5.88482931884967,9.284317010790384e+27
1686.0,13.427456891912295,5.881896515691917,9.197432339822534e+27
1696.0,13.4269287026638,5.878984129810435,9.111867380687356e+27
1706.0,13.426405857332494,5.876091895558302,9.027594482791838e+27
1716.0,13.425888270526235,5.873219552319862,8.9445867323671e+27
1726.0,13.425375858710174,5.8703668443861154,8.862817928685596e+27
1736.0,13.424868540155794,5.867533520833893,8.782262561178295e+27
1746.0,13.424366234891625,5.864719335408697,8.702895787412863e+27
1756.0,13.423868864655574,5.86192404641108,8.624693411895728e+27
1766.0,13.423376352848827,5.859147416586419,8.547631865662721e+27
1776.0,13.42288862449123,5.856389213018009,8.471688186624687e+27
1786.0,13.422405606178135,5.853649207023267,8.396840000636091e+27
1796.0,13.421927226038608,5.850927174053053,8.323065503256128e+27
1806.0,13.421453413694998,5.848222893593913,8.250343442173336e+27
1816.0,13.420984100223768,5.8455361490731725,8.17865310026605e+27
1826.0,13.420519218117578,5.8428667277667845,8.107974279272351e+27
1836.0,13.420058701248553,5.840214420709833,8.038287284044374e+27
1846.0,13.419602484832708,5.837579022609605,7.96957290736302e+27
1856.0,13.419150505395464,5.834960331761128,7.901812415290236e+27
1866.0,13.418702700738244,5.832358149965112,7.834987533037026e+27
1876.0,13.41825900990609,5.829772282448207,7.769080431326421e+27
1886.0,13.41781937315627,5.827202537785492,7.704073713231512e+27
1896.0,13.417383731927849,5.824648727825124,7.639950401469611e+27
1906.0,13.416952028812164,5.8221106676150765,7.576693926134409e+27
1916.0,13.416524207524205,5.819588175331907,7.514288112848826e+27
1926.0,13.416100212874843,5.817081072211472,7.452717171322038e+27
1936.0,13.41567999074389,5.814589182481541,7.391965684294853e+27
1946.0,13.415263488053954,5.812112333296236,7.332018596858367e+27
1956.0,13.41485065274507,5.809650354672231,7.272861206131409e+27
1966.0,13.414441433750067,5.807203079426696,7.214479151283005e+27
1976.0,13.414035780970664,5.804770343116873,7.156858403886614e+27
1986.0,13.413633645254256,5.802351983981271,7.099985258593509e+27
1996.0,13.413234978371362,5.799947842882412,7.043846324113192e+27
2006.0,13.412839732993739,5.79755776325109,6.988428514489258e+27
2016.0,13.412447862673105,5.795181591032096,6.933719040659615e+27
2026.0,13.412059321820477,5.792819174631338,6.879705402290438e+27
2036.0,13.411674065686094,5.790470364864351,6.826375379873673e+27
2046.0,13.4112920503399,5.78813501490613,6.773717027078361e+27
2056.0,13.41091323265258,5.78581298024225,6.721718663346397e+27
2066.0,13.410537570277123,5.783504118621236,6.670368866723815e+27
2076.0,13.410165021630897,5.781208290008152,6.619656466918973e+27
2086.0,13.409795545878218,5.778925356539336,6.56957053857943e+27
2096.0,13.409429102913402,5.776655182478319,6.520100394779596e+27
2106.0,13.409065653344278,5.774397634172813,6.471235580711595e+27
2116.0,13.40870515847615,5.772152580012788,6.422965867572066e+27
2126.0,13.408347580296198,5.769919890389577,6.375281246637913e+27
2136.0,13.407992881458288,5.767699437656015,6.328171923524333e+27
2146.0,13.40764102526821,5.765491096087529,6.281628312618668e+27
2156.0,13.407291975669295,5.763294741844199,6.235641031683915e+27
2166.0,13.406945697228414,5.761110252933737,6.190200896625976e+27
2176.0,13.406602155122357,5.758937509175366,6.145298916418929e+27
2186.0,13.406261315124567,5.7567763921645625,6.100926288182867e+27
2196.0,13.405923143592222,5.754626785238661,6.057074392409042e+27
2206.0,13.405587607453652,5.7524885734432605,6.013734788327242e+27
2216.0,13.405254674196089,5.75036164349945,5.970899209410571e+27
2226.0,13.404924311853726,5.748245883771796,5.92855955901293e+27
2236.0,13.404596488996097,5.746141184237095,5.886707906134728e+27
2246.0,13.404271174716733,5.744047436453843,5.845336481312483e+27
2256.0,13.403948338622133,5.74196453353245,5.804437672628175e+27
2266.0,13.403627950820999,5.739892370106107,5.764004021834329e+27
2276.0,13.403309981913749,5.737830842302362,5.724028220590995e+27
2286.0,13.402994402982289,5.735779847715324,5.684503106810909e+27
2296.0,13.402681185580056,5.733739285378533,5.645421661109278e+27
2306.0,13.402370301722287,5.731709055738424,5.606777003354735e+27
2316.0,13.402061723876553,5.729689060628406,5.568562389318185e+27
2326.0,13.401755424953512,5.727679203243538,5.530771207416329e+27
2336.0,13.401451378297896,5.725679388115747,5.493396975546813e+27
2346.0,13.40114955767972,5.723689521089644,5.456433338012039e+27
2356.0,13.400849937285702,5.7217095092988375,5.419874062528792e+27
2366.0,13.400552491710899,5.719739261142806,5.383713037320936e+27
2376.0,13.400257195950532,5.717778686264268,5.347944268292523e+27
2386.0,13.399964025392025,5.715827695527057,5.312561876278791e+27
2396.0,13.399672955807228,5.713886200994477,5.277560094372544e+27
2406.0,13.39938396334482,5.71195411590814,5.242933265323592e+27
2416.0,13.399097024522902,5.71003135466726,5.208675839008921e+27
2426.0,13.398812116221766,5.708117832808387,5.174782369971414e+27
2436.0,13.398529215676824,5.706213466985604,5.141247515024973e+27
2446.0,13.39824830047172,5.7043181749511245,5.108066030923993e+27
2456.0,13.397969348531584,5.702431875536313,5.075232772095216e+27
2466.0,13.397692338116467,5.700554488633124,5.042742688430023e+27
2476.0,13.397417247814905,5.698685935175918,5.010590823135349e+27
2486.0,13.397144056537648,5.696826137123667,4.978772310641401e+27
2496.0,13.396872743511526,5.694975017442545,4.9472823745644894e+27
2506.0,13.39660328827346,5.693132500088868,4.916116325723273e+27
2516.0,13.396335670664607,5.691298509992405,4.88526956020685e+27
2526.0,13.396069870824643,5.689472973040032,4.8547375574931044e+27
2536.0,13.39580586918617,5.687655816059716,4.8245158786158183e+27
2546.0,13.395543646469248,5.685846966804845,4.794600164379124e+27
2556.0,13.395283183676066,5.684046353938872,4.764986133617852e+27
2566.0,13.395024462085708,5.682253907020272,4.735669581502454e+27
2576.0,13.394767463249057,5.680469556487811,4.706646377887174e+27
2586.0,13.3945121689838,5.678693233646111,4.677912465700207e+27
2596.0,13.39425856136955,5.676924870651513,4.6494638593746184e+27
2606.0,13.394006622743074,5.675164400498215,4.6212966433188403e+27
2616.0,13.393756335693622,5.673411757004701,4.5934069704256056e+27
2626.0,13.393507683058369,5.671666874800431,4.56579106061819e+27
2636.0,13.39326064791794,5.669929689312804,4.5384451994329284e+27
2646.0,13.393015213592049,5.668200136754375,4.5113657366369186e+27
2656.0,13.392771363635227,5.666478154110326,4.484549084879961e+27
2666.0,13.392529081832633,5.664763679126188,4.457991718379715e+27
2676.0,13.392288352195967,5.663056650295798,4.431690171639168e+27
2686.0,13.392049158959468,5.6613570068495,4.405641038195483e+27
2696.0,13.39181148657599,5.659664688742561,4.3798409693993563e+27
2706.0,13.391575319713176,5.657979636643832,4.354286673224023e+27
2716.0,13.391340643249695,5.65630179192461,4.328974913103094e+27
2726.0,13.39110744227157,5.654631096647731,4.3039025067964126e+27
2736.0,13.390875702068586,5.652967493556853,4.2790663252831594e+27
2746.0,13.390645408130762,5.651310926065966,4.2544632916814594e+27
2756.0,13.390416546144905,5.649661338249085,4.2300903801937524e+27
2766.0,13.390189101991234,5.648018674830144,4.2059446150772347e+27
2776.0,13.389963061740072,5.646382881173092,4.1820230696386727e+27
2786.0,13.38973841164861,5.644753903272148,4.1583228652529415e+27
2796.0,13.38951513815773,5.643131687742272,4.134841170404635e+27
2806.0,13.389293227888906,5.641516181809798,4.111575199752125e+27
2816.0,13.389072667641155,5.639907333303231,4.0885222132134794e+27
2826.0,13.388853444388056,5.638305090644238,4.06567951507363e+27
2836.0,13.388635545274832,5.636709402838795,4.0430444531122483e+27
2846.0,13.388418957615489,5.635120219468487,4.020614417751757e+27
2856.0,13.388203668890004,5.633537490681989,3.998386841224957e+27
2866.0,13.387989666741587,5.6319611671866845,3.976359196761746e+27
2876.0,13.387776938973985,5.63039120024045,3.954528997794424e+27
2886.0,13.38756547354884,5.628827541643577,3.932893797181104e+27
2896.0,13.387355258583103,5.627270143730852,3.911451186446752e+27
2906.0,13.3871462823465,5.625718959363773,3.890198795041391e+27
2916.0,13.386938533259046,5.624173941922907,3.869134289615032e+27
2926.0,13.38673199988861,5.622635045300381,3.848255373308898e+27
2936.0,13.38652667094852,5.621102223892521,3.8275597850625135e+27
2946.0,13.386322535295227,5.619575432592605,3.807045298936256e+27
2956.0,13.386119581926005,5.6180546267837475,3.7867097234489793e+27
2966.0,13.3859177999767,5.616539762331928,3.7665509009303117e+27
2976.0,13.38571717871952,5.615030795579118,3.746566706887267e+27
2986.0,13.385517707560872,5.613527683336541,3.726755049384797e+27
2996.0,13.385319376039233,5.612030382878053,3.70711386843994e+27
3006.0,13.385122173823067,5.6105388519336294,3.687641135429216e+27
3016.0,13.384926090708783,5.609053048682975,3.6683348525089405e+27
3026.0,13.38473111661873,5.607572931749241,3.6491930520481335e+27
3036.0,13.384537241599224,5.60609846019284,3.6302137960737066e+27
3046.0,13.384344455818624,5.604629593505385,3.6113951757276255e+27
3056.0,13.384152749565436,5.603166291603731,3.5927353107357526e+27
3066.0,13.383962113246453,5.601708514824097,3.574232348888073e+27
3076.0,13.383772537384932,5.600256223916312,3.5558844655300344e+27
3086.0,13.383584012618806,5.598809380038151,3.537689863064726e+27
3096.0,13.383396529698928,5.597367944749765,3.5196467704656205e+27
3106.0,13.38321007948734,5.5959318800082,3.501753442799633e+27
3116.0,13.383024652955589,5.594501148162021,3.4840081607602497e+27
3126.0,13.382840241183064,5.593075711946019,3.466409230210462e+27
3136.0,13.382656835355363,5.591655534476006,3.448954981735298e+27
3146.0,13.382474426762691,5.590240579243697,3.4316437702036904e+27
3156.0,13.382293006798296,5.588830810111672,3.4144739743394823e+27
3166.0,13.382112566956918,5.587426191308438,3.3974439963013364e+27
3176.0,13.381933098833276,5.5860266874235585,3.3805522612713427e+27
3186.0,13.381754594120581,5.584632263402856,3.3637972170521103e+27
3196.0,13.381577044609076,5.5832428845437185,3.347177333672156e+27
3206.0,13.381400442184596,5.581858516490454,3.330691102999377e+27
3216.0,13.381224778827166,5.580479125229747,3.314337038362432e+27
3226.0,13.381050046609612,5.579104677086164,3.2981136741798326e+27
3236.0,13.380876237696205,5.577735138717752,3.282019565596575e+27
3246.0,13.380703344341319,5.576370477111697,3.26605328812813e+27
3256.0,13.380531358888124,5.575010659580052,3.2502134373116224e+27
3266.0,13.3803602737673,5.573655653755548,3.2344986283640285e+27
3276.0,13.380190081495764,5.572305427587443,3.21890749584724e+27
3286.0,13.380020774675428,5.570959949337472,3.2034386933398244e+27
3296.0,13.379852345991981,5.569619187575834,3.1880908931153344e+27
3306.0,13.379684788213686,5.568283111177258,3.1728627858270147e+27
3316.0,13.379518094190193,5.566951689317122,3.1577530801987597e+27
3326.0,13.379352256851387,5.565624891467641,3.142760502722182e+27
3336.0,13.379187269206247,5.5643026873941075,3.127883797359651e+27
3346.0,13.37902312434172,5.562985047151198,3.113121725253161e+27
3356.0,13.378859815421627,5.561671941079329,3.0984730644389166e+27
3366.0,13.37869733568558,5.560363339801077,3.083936609567475e+27
3376.0,13.37853567844791,5.5590592142176565,3.069511171629353e+27
3386.0,13.378374837096631,5.557759535505435,3.055195577685957e+27
3396.0,13.378214805092405,5.5564642751125195,3.04098867060572e+27
3406.0,13.378055575967533,5.555173404755398,3.026889308805337e+27
3416.0,13.377897143324963,5.553886896415611,3.012896365995977e+27
3426.0,13.377739500837313,5.552604722336497,2.9990087309343674e+27
3436.0,13.377582642245907,5.5513268550199735,2.985225307178641e+27
3446.0,13.377426561359831,5.550053267223369,2.9715450128488417e+27
3456.0,13.377271252055007,5.548783931956313,2.957966780391986e+27
3466.0,13.377116708273274,5.5475188224776595,2.944489556351583e+27
3476.0,13.376962924021496,5.546257912292459,2.931112301141512e+27
3486.0,13.376809893370673,5.545001175148986,2.9178339888241644e+27
3496.0,13.376657610455071,5.5437485850358055,2.9046536068927605e+27
3506.0,13.376506069471374,5.542500116178875,2.891570156057749e+27
3516.0,13.376355264677834,5.541255743038706,2.878582650037197e+27
3526.0,13.376205190393447,5.5400154403075454,2.8656901153510934e+27
3536.0,13.376055840997147,5.5387791829066275,2.8528915911194754e+27
3546.0,13.37590721092699,5.537546945983439,2.8401861288642944e+27
3556.0,13.375759294679378,5.536318704909041,2.827572792314953e+27
3566.0,13.37561208680828,5.535094435275426,2.815050657217421e+27
3576.0,13.37546558192447,5.533874112892908,2.802618811146866e+27
3586.0,13.375319774694773,5.5326577137875645,2.790276353323714e+27
3596.0,13.375174659841337,5.531445214198694,2.778022394433079e+27
3606.0,13.37503023214089,5.530236590576337,2.765856056447481e+27
3616.0,13.374886486424039,5.529031819578808,2.7537764724527927e+27
3626.0,13.374743417574559,5.527830878070283,2.741782786477333e+27
3636.0,13.374601020528704,5.526633743118402,2.729874153324064e+27
3646.0,13.374459290274523,5.52544039199193,2.7180497384058014e+27
3656.0,13.374318221851187,5.524250802158429,2.7063087175833986e+27
3666.0,13.374177810348334,5.523064951281974,2.6946502770068264e+27
3676.0,13.374038050905414,5.521882817220903,2.683073612959101e+27
3686.0,13.373898938711049,5.52070437802559,2.671577931702988e+27
3696.0,13.373760469002407,5.519529611936262,2.660162449330446e+27
3706.0,13.37362263706458,5.518358497380841,2.6488263916147267e+27
3716.0,13.373485438229967,5.517191012972804,2.6375689938651044e+27
3726.0,13.373348867877679,5.516027137509095,2.626389500784163e+27
3736.0,13.373212921432948,5.514866849968057,2.6152871663275944e+27
3746.0,13.37307759436654,5.513710129507384,2.6042612535664613e+27
3756.0,13.372942882194183,5.512556955462115,2.5933110345518694e+27
3766.0,13.372808780476,5.511407307342647,2.5824357901820007e+27
3776.0,13.37267528481595,5.51026116483278,2.571634810071467e+27
3786.0,13.372542390861287,5.5091185077877896,2.560907392422926e+27
3796.0,13.372410094302017,5.507979316232518,2.5502528439009273e+27
3806.0,13.372278390870358,5.506843570359504,2.5396704795079345e+27
3816.0,13.372147276340227,5.505711250527124,2.5291596224624844e+27
3826.0,13.37201674652672,5.504582337257777,2.51871960407944e+27
3836.0,13.371886797285601,5.503456811236077,2.508349763652297e+27
3846.0,13.371757424512806,5.502334653307074,2.498049448337503e+27
3856.0,13.371628624143945,5.501215844474508,2.4878180130407447e+27
3866.0,13.371500392153818,5.500100365899078,2.4776548203051775e+27
3876.0,13.371372724555938,5.498988198896732,2.4675592402015438e+27
3886.0,13.371245617402058,5.497879324936997,2.457530650220153e+27
3896.0,13.371119066781707,5.496773725641303,2.447568435164687e+27
3906.0,13.370993068821727,5.495671382781357,2.4376719870477912e+27
3916.0,13.37086761968583,5.4945722782775235,2.4278407049884168e+27
3926.0,13.370742715574147,5.493476394197231,2.418073995110888e+27
3936.0,13.370618352722795,5.492383712753395,2.4083712704456495e+27
3946.0,13.370494527403439,5.491294216302878,2.398731950831673e+27
3956.0,13.370371235922873,5.490207887344938,2.3891554628204808e+27
3966.0,13.370248474622596,5.489124708519734,2.379641239581766e+27
3976.0,13.370126239878399,5.488044662606823,2.3701887208105699e+27
3986.0,13.370004528099964,5.486967732523703,2.3607973526359917e+27
3996.0,13.369883335730453,5.48589390132434,2.3514665875314004e+27
4006.0,13.369762659246119,5.4848231521977455,2.342195884226122e+27
4016.0,13.369642495155913,5.4837554684665655,2.33298470761857e+27
4026.0,13.369522840001103,5.48269083358567,2.323832528690797e+27
4036.0,13.36940369035489,5.48162923114079,2.3147388244244372e+27
4046.0,13.369285042822035,5.480570644847141,2.3057030777180166e+27
4056.0,13.369166894038496,5.479515058548092,2.2967247773056017e+27
4066.0,13.369049240671062,5.4784624562138315,2.287803417676766e+27
4076.0,13.36893207941699,5.47741282194006,2.278938498997844e+27
4086.0,13.368815407003659,5.4763661399467,2.270129527034459e+27
4096.0,13.368699220188217,5.475322394576617,2.261376013075289e+27
4106.0,13.368583515757244,5.47428157029436,2.2526774738570538e+27
4116.0,13.368468290526407,5.473243651684921,2.2440334314907047e+27
4126.0,13.368353541340127,5.472208623452502,2.235443413388785e+27
4136.0,13.368239265071255,5.471176470419307,2.2269069521939523e+27
4146.0,13.368125458620742,5.470147177524335,2.218423585708626e+27
4156.0,13.368012118917322,5.4691207298222135,2.2099928568257553e+27
4166.0,13.367899242917197,5.4680971124820195,2.2016143134606772e+27
4176.0,13.367786827603723,5.46707631078613,2.1932875084840457e+27
4186.0,13.367674869987102,5.46605831012908,2.185011999655818e+27
4196.0,13.367563367104086,5.465043096016446,2.1767873495602734e+27
4206.0,13.36745231601767,5.464030654063727,2.1686131255420475e+27
4216.0,13.367341713816804,5.463020969995254,2.160488899643167e+27
4226.0,13.367231557616096,5.462014029643102,2.1524142485410605e+27
4236.0,13.36712184455553,5.461009818946027,2.1443887534875348e+27
4246.0,13.367012571800185,5.460008323948401,2.1364120002486937e+27
4256.0,13.36690373653995,5.459009530799177,2.1284835790457884e+27
4266.0,13.366795335989252,5.458013425750847,2.1206030844969753e+27
4276.0,13.366687367386785,5.45701999515844,2.112770115559974e+27
4286.0,13.36657982799524,5.456029225478499,2.104984275475602e+27
4296.0,13.366472715101045,5.455041103268097,2.0972451717121744e+27
4306.0,13.366366026014097,5.454055615183853,2.0895524159107552e+27
4316.0,13.36625975806751,5.453072747980967,2.0819056238312375e+27
4326.0,13.366153908617363,5.452092488512248,2.0743044152992493e+27
4336.0,13.366048475042442,5.451114823727188,2.0667484141538597e+27
4346.0,13.365943454743999,5.450139740671009,2.05923724819608e+27
4356.0,13.365838845145504,5.4491672264837465,2.0517705491381404e+27
4366.0,13.36573464369241,5.44819726839934,2.0443479525535303e+27
4376.0,13.365630847851907,5.447229853744721,2.03696909782779e+27
4386.0,13.365527455112698,5.446264969938933,2.0296336281100417e+27
4396.0,13.365424462984755,5.445302604492243,2.022341190265243e+27
4406.0,13.3653218689991,5.444342745005272,2.0150914348271546e+27
4416.0,13.365219670707576,5.4433853791681415,2.0078840159520072e+27
4426.0,13.365117865682626,5.4424304947596145,2.000718591372859e+27
4436.0,13.365016451517072,5.44147807964626,1.9935948223546277e+27
4446.0,13.364915425823897,5.440528121781627,1.9865123736497886e+27
4456.0,13.364814786236034,5.43958060920542,1.9794709134547253e+27
4466.0,13.36471453040615,5.438635530042676,1.972470113366726e+27
4476.0,13.364614656006447,5.437692872502996,1.9655096483416085e+27
4486.0,13.364515160728443,5.436752624879718,1.9585891966519675e+27
4496.0,13.364416042282777,5.435814775549151,1.9517084398460337e+27
4506.0,13.364317298399007,5.434879312969806,1.9448670627071318e+27
4516.0,13.36421892682541,5.433946225681615,1.9380647532137296e+27
4526.0,13.364120925328791,5.433015502305194,1.931301202500067e+27
4536.0,13.364023291694284,5.43208713154108,1.9245761048173573e+27
4546.0,13.363926023725163,5.431161102168999,1.9178891574955482e+27
4556.0,13.363829119242656,5.430237403047137,1.9112400609056348e+27
4566.0,13.363732576085756,5.429316023111415,1.904628518422517e+27
4576.0,13.363636392111038,5.428396951374779,1.8980542363883886e+27
4586.0,13.363540565192483,5.427480176926492,1.8915169240766524e+27
4596.0,13.363445093221289,5.426565688931433,1.8850162936563527e+27
4606.0,13.3633499741057,5.425653476629414,1.878552060157113e+27
4616.0,13.363255205770834,5.424743529334494,1.8721239414345766e+27
4626.0,13.363160786158504,5.423835836434311,1.8657316581363348e+27
4636.0,13.363066713227052,5.4229303873894,1.859374933668342e+27
4646.0,13.362972984951181,5.422027171732555,1.8530534941618026e+27
4656.0,13.362879599321785,5.421126179068157,1.8467670684405294e+27
4666.0,13.362786554345787,5.420227399071548,1.8405153879887588e+27
4676.0,13.36269384804598,5.419330821488378,1.8342981869194218e+27
4686.0,13.362601478460864,5.418436436133987,1.8281152019428557e+27
4696.0,13.362509443644484,5.417544232892771,1.8219661723359592e+27
4706.0,13.362417741666281,5.416654201717576,1.8158508399117752e+27
4716.0,13.362326370610933,5.415766332629081,1.8097689489894985e+27
4726.0,13.362235328578205,5.4148806157152,1.8037202463649023e+27
4736.0,13.362144613682794,5.4139970411304805,1.797704481281172e+27
4746.0,13.362054224054187,5.413115599095521,1.7917214054001472e+27
4756.0,13.361964157836507,5.412236279896382,1.7857707727739585e+27
4766.0,13.361874413188373,5.411359073884014,1.7798523398170564e+27
4776.0,13.361784988282754,5.410483971473679,1.7739658652786262e+27
4786.0,13.361695881306826,5.4096109631444005,1.768111110215382e+27
4796.0,13.361607090461836,5.408740039438388,1.7622878379647307e+27
4806.0,13.36151861396296,5.407871190960499,1.756495814118308e+27
4816.0,13.361430450039169,5.40700440837769,1.750734806495872e+27
4826.0,13.361342596933088,5.406139682418464,1.7450045851195547e+27
4836.0,13.361255052900871,5.40527700387236,1.7393049221884624e+27
4846.0,13.361167816212063,5.404416363589396,1.7336355920536216e+27
4856.0,13.361080885149471,5.403557752479575,1.7279963711932644e+27
4866.0,13.360994258009036,5.40270116151234,1.7223870381884462e+27
4876.0,13.360907933099703,5.401846581716088,1.716807373698994e+27
4886.0,13.3608219087433,5.400994004177641,1.7112571604397792e+27
4896.0,13.360736183274412,5.400143420041761,1.7057361831573058e+27
4906.0,13.36065075504025,5.399294820510647,1.700244228606616e+27
4916.0,13.360565622400545,5.398448196843447,1.6947810855285034e+27
4926.0,13.360480783727413,5.397603540355773,1.689346544627028e+27
4936.0,13.360396237405245,5.396760842419215,1.6839403985473368e+27
4946.0,13.360311981830588,5.395920094460877,1.678562441853772e+27
4956.0,13.360228015412025,5.395081287962899,1.673212471008276e+27
4966.0,13.360144336570066,5.394244414461994,1.6678902843490773e+27
4976.0,13.360060943737034,5.393409465548984,1.662595682069663e+27
4986.0,13.359977835356949,5.392576432868355,1.657328466198024e+27
4996.0,13.35989500988542,5.391745308117798,1.6520884405761774e+27
5006.0,13.359812465789537,5.390916083047758,1.6468754108399539e+27
