Time,Mass,Radius,Lx
23.0,32.763096042130094,6.41,1.1600000000000076e+30
33.0,32.72464562587128,6.405237766970243,7.901727872899563e+29
43.0,32.696334033092846,6.40172995339965,5.963104427115676e+29
53.0,32.67389105127995,6.398948469900421,4.774218196754073e+29
63.0,32.65528353389988,6.3966418049982074,3.9725913973121104e+29
73.0,32.63938194050779,6.394670195265114,3.396496725387096e+29
83.0,32.625493022976194,6.392947845058428,2.9630411328050337e+29
93.0,32.61316040182059,6.391418263926811,2.6254124378750456e+29
103.0,32.6020675273723,6.390042263781401,2.355203790943222e+29
113.0,32.59198576810702,6.388791536920952,2.1341921663777002e+29
123.0,32.58274456634801,6.387644963513831,1.9501579742261693e+29
133.0,32.574213278468186,6.38658636449036,1.7946054405596703e+29
143.0,32.5662896049387,6.385603069713871,1.661447220587675e+29
153.0,32.55889193295887,6.38468497025652,1.546209121825506e+29
163.0,32.55195410353938,6.38382387068193,1.4455300370915251e+29
173.0,32.54542173619625,6.383013034086736,1.3568367979151092e+29
183.0,32.53924958583104,6.382246854888619,1.2781265599605893e+29
193.0,32.53339960223782,6.381520618580221,1.2078174358032994e+29
203.0,32.527839479288126,6.380830322096023,1.1446436681963821e+29
213.0,32.52254155255228,6.380172537312086,1.0875805970517537e+29
223.0,32.51748194948478,6.379544305812584,1.0357899974380166e+29
233.0,32.512639925740146,6.378943056700245,9.88579622037107e+28
243.0,32.5079973407248,6.378366541645913,9.453728248793149e+28
253.0,32.50353823872441,6.3778127830103415,9.056854555271984e+28
263.0,32.49924851107594,6.377280032001404,8.691080735570872e+28
273.0,32.4951156212582,6.376766734622597,8.352921084806645e+28
283.0,32.49112837933629,6.3762715037334114,8.039389815182565e+28
293.0,32.48727675549012,6.375793095950023,7.747914760119458e+28
303.0,32.4835517247678,6.375330392413132,7.476268328571407e+28
313.0,32.47994513698934,6.374882382670785,7.222511820816022e+28
323.0,32.47644960706217,6.374448151089392,6.984950186793741e+28
333.0,32.47305842198006,6.374026865331211,6.762095014169019e+28
343.0,32.46976546154863,6.373617766532151,6.552634052986759e+28
353.0,32.466565130474535,6.373220160887216,6.355405970188511e+28
363.0,32.463452299916966,6.3728334124081485,6.16937931725772e+28
373.0,32.46042225696144,6.372456936662479,5.993634913863496e+28
383.0,32.45747066076045,6.372090195338539,5.827351018050491e+28
393.0,32.45459350431202,6.371732691508945,5.669790782563098e+28
403.0,32.45178708102771,6.371383965487471,5.520291596935447e+28
413.0,32.44904795538709,6.371043591192243,5.378255993084629e+28
423.0,32.446372937093294,6.370711172942713,5.243143853528243e+28
433.0,32.44375905823975,6.370386342629744,5.114465709892045e+28
443.0,32.44120355307643,6.3700687572078065,4.991776957993767e+28
453.0,32.4387038400282,6.369758096466229,4.87467284668804e+28
463.0,32.43625750567084,6.3694540610430534,4.76278412251193e+28
473.0,32.43386229041425,6.36915637065043,4.655773232265931e+28
483.0,32.43151607567902,6.368864762485084,4.553331001992328e+28
493.0,32.42921687238318,6.368578989801155,4.455173724140257e+28
503.0,32.42696281058154,6.368298820625863,4.361040595634312e+28
513.0,32.424752130121895,6.3680240366012075,4.270691458561779e+28
523.0,32.42258317220044,6.367754431937114,4.183904802633298e+28
533.0,32.42045437171458,6.3674898124634,4.100475994747211e+28
543.0,32.4183642503243,6.367229994769567,4.020215706133185e+28
553.0,32.416311410144786,6.366974805422836,3.942948511853191e+28
563.0,32.41429452800243,6.366724080256004,3.868511641048153e+28
573.0,32.41231235019505,6.366477663717812,3.79675385935819e+28
583.0,32.41036368770394,6.366235408279303,3.7275344675115724e+28
593.0,32.4084474118118,6.365997173890508,3.660722402252669e+28
603.0,32.406562450085964,6.365762827482401,3.596195427627472e+28
613.0,32.40470778269093,6.3655322425096745,3.5338394062205213e+28
623.0,32.40288243899826,6.365305298530395,3.473547641283201e+28
633.0,32.40108549446561,6.365081880819,3.415220281846899e+28
643.0,32.399316067759514,6.364861880009524,3.3587637839055256e+28
653.0,32.397573318099504,6.364645191766267,3.304090421605416e+28
663.0,32.39585644280341,6.364431716479395,3.2511178431175388e+28
673.0,32.39416467501579,6.364221358983249,3.19976866650464e+28
683.0,32.39249728160335,6.364014028295359,3.149970111449082e+28
693.0,32.39085356120281,6.363809637374354,3.101653663187952e+28
703.0,32.38923284240818,6.363608102895159,3.054754765420875e+28
713.0,32.38763448208558,6.363409345040008,3.009212539321597e+28
723.0,32.386057863805114,6.363213287303962,2.9649695261042306e+28
733.0,32.38450239637999,6.363019856313736,2.921971450875357e+28
743.0,32.38296751250439,6.362828981658756,2.880167005749274e+28
753.0,32.381452667482016,6.362640595733477,2.8395076504202106e+28
763.0,32.37995733803823,6.362454633590049,2.799947428576113e+28
773.0,32.378481021209346,6.362271032800558,2.7614427987070465e+28
783.0,32.37702323330297,6.362089733328079,2.7239524780102065e+28
793.0,32.37558350892414,6.3619106774058825,2.6874372982254675e+28
803.0,32.37416140006226,6.361733809424186,2.651860072352439e+28
813.0,32.37275647523438,6.3615590758238865,2.617185471304001e+28
823.0,32.37136831868059,6.361386424996755,2.5833799096438486e+28
833.0,32.36999652960791,6.361215807191658,2.5504114396380636e+28
843.0,32.36864072147912,6.36104717442633,2.5182496529243468e+28
853.0,32.367300521343346,6.360880480404349,2.486865589168355e+28
863.0,32.36597556920557,6.3607156804369165,2.4562316511354746e+28
873.0,32.36466551743228,6.3605527313691335,2.4263215256591512e+28
883.0,32.363370030190914,6.360391591510469,2.3971101100342586e+28
893.0,32.3620887829207,6.360232220569105,2.3685734434065497e+28
903.0,32.360821461832884,6.360074579589952,2.3406886427675286e+28
913.0,32.35956776343838,6.35991863089604,2.313433843198565e+28
923.0,32.358327394101046,6.359764338033107,2.2867881420391815e+28
933.0,32.35710006961498,6.359611665717156,2.260731546682534e+28
943.0,32.3558855148042,6.359460579784794,2.235244925726483e+28
953.0,32.35468346314345,6.359311047146184,2.2103099632316272e+28
963.0,32.35349365639866,6.359163035740442,2.1859091158584867e+28
973.0,32.35231584428593,6.359016514493333,2.162025572674899e+28
983.0,32.351149784147914,6.358871453277113,2.1386432174418066e+28
993.0,32.34999524064647,6.358727822872404,2.115746593201217e+28
1003.0,32.34885225392387,6.358585628329401,2.090081135351165e+28
1013.0,32.34772431671265,6.358445304229646,2.057564507998924e+28
1023.0,32.34661239372393,6.358306970664745,2.0258657787155107e+28
1033.0,32.345516103624895,6.358170580267797,1.9949566780668547e+28
1043.0,32.34443507775314,6.358036087244862,1.9648101746444167e+28
1053.0,32.34336895957874,6.357903447308208,1.9354004096365916e+28
1063.0,32.34231740419405,6.357772617613006,1.90670263543932e+28
1073.0,32.34128007782951,6.357643556697249,1.8786931580213176e+28
1083.0,32.34025665739396,6.357516224424698,1.851349282781836e+28
1093.0,32.339246830037936,6.357390581930704,1.824649263659377e+28
1103.0,32.33825029273867,6.357266591570695,1.7985722552685233e+28
1113.0,32.33726675190549,6.35714421687121,1.7730982678592005e+28
1123.0,32.33629592300445,6.3570234224833175,1.748208124908331e+28
1133.0,32.33533753020111,6.356904174138277,1.723883423168225e+28
1143.0,32.33439130602039,6.3567864386053285,1.700106495009184e+28
1153.0,32.33345699102262,6.356670183651483,1.6768603729058693e+28
1163.0,32.33253433349476,6.3565553780032,1.6541287559280541e+28
1173.0,32.33162308915612,6.356441991309861,1.6318959781065499e+28
1183.0,32.330723020877585,6.356329994108928,1.6101469785544454e+28
1193.0,32.32983389841384,6.356219357792694,1.588867273232399e+28
1203.0,32.32895549814767,6.356110054576554,1.5680429282546348e+28
1213.0,32.328087602845855,6.356002057468698,1.5476605346395964e+28
1223.0,32.32723000142597,6.355895340241176,1.5277071844159233e+28
1233.0,32.3263824887335,6.355789877402217,1.5081704480006252e+28
1243.0,32.325544865328865,6.355685644169801,1.4890383527720523e+28
1253.0,32.324716937283604,6.3555826164463545,1.4702993627655415e+28
1263.0,32.32389851598552,6.355480770794562,1.4519423594245204e+28
1273.0,32.3230894179521,6.355380084414206,1.433956623344352e+28
1283.0,32.32228946465195,6.355280535119995,1.41633181695041e+28
1293.0,32.32149848233378,6.355182101320337,1.3990579680557288e+28
1303.0,32.32071630186252,6.355084761996996,1.3821254542471741e+28
1313.0,32.31994275856233,6.354988496685594,1.3655249880524102e+28
1323.0,32.31917769206605,6.354893285456925,1.3492476028430196e+28
1333.0,32.31842094617087,6.354799108899039,1.333284639432007e+28
1343.0,32.31767236869983,6.3547059481000385,1.3176277333265775e+28
1353.0,32.316931811368974,6.354613784631593,1.3022688025995552e+28
1363.0,32.31619912965977,6.354522600533093,1.2872000363451093e+28
1373.0,32.31547418269668,6.35443237829645,1.272413883686598e+28
1383.0,32.31475683312952,6.354343100851495,1.257903043306326e+28
1393.0,32.31404694702047,6.354254751551941,1.2436604534688825e+28
1403.0,32.31334439373548,6.354167314161902,1.2296792825114366e+28
1413.0,32.31264904583984,6.354080772842935,1.2159529197759997e+28
1423.0,32.31196077899786,6.353995112141566,1.2024749669601522e+28
1433.0,32.311279471876254,6.3539103169773075,1.1892392298641452e+28
1443.0,32.310605006051304,6.353826372631124,1.1762397105136008e+28
1453.0,32.30993726591942,6.353743264734328,1.1634705996382474e+28
1463.0,32.30927613861111,6.353660979257894,1.1509262694882854e+28
1473.0,32.3086215139081,6.35357950250217,1.1386012669710393e+28
1483.0,32.307973284163545,6.353498821086967,1.1264903070915544e+28
1493.0,32.30733134422513,6.353418921942013,1.114588266681745e+28
1503.0,32.30669559136101,6.353339792297745,1.102890178403556e+28
1513.0,32.30606592518837,6.3532614196764525,1.0913912250124469e+28
1523.0,32.30544224760459,6.353183791883719,1.0800867338682597e+28
1533.0,32.30482446272086,6.3531068970001785,1.0689721716812628e+28
1543.0,32.30421247679814,6.353030723373566,1.058043139481841e+28
1553.0,32.30360619818538,6.352955259611039,1.0472953678029298e+28
1563.0,32.303005537259885,6.352880494571779,1.036724712064904e+28
1573.0,32.30241040636977,6.352806417359835,1.0263271481531739e+28
1583.0,32.30182071977841,6.352733017317233,1.0160987681792809e+28
1593.0,32.30123639361075,6.352660284017302,1.0060357764167797e+28
1603.0,32.30065734580152,6.352588207258247,9.961344854036515e+27
1613.0,32.300083496045126,6.352516777056919,9.863913122034388e+27
1623.0,32.299514765747304,6.352445983642816,9.768027748177005e+27
1633.0,32.298951077978316,6.352375817452265,9.67365488742779e+27
1643.0,32.298392357427765,6.352306269122816,9.580761636642259e+27
1653.0,32.29783853036088,6.352237329487802,9.489316002825918e+27
1663.0,32.29728952457622,6.352168989571097,9.399286872645987e+27
1673.0,32.29674526936482,6.352101240582032,9.310643983140233e+27
1683.0,32.29620569547057,6.35203407391048,9.223357893569133e+27
1693.0,32.29567073505196,6.3519674811221,9.137399958360179e+27
1703.0,32.29514032164499,6.35190145395373,9.05274230109589e+27
1713.0,32.29461439012734,6.351835984308942,8.96935778949935e+27
1723.0,32.29409287668358,6.351771064253709,8.887220011373481e+27
1733.0,32.29357571877153,6.351706686012239,8.806303251452434e+27
1743.0,32.29306285508969,6.351642841962921,8.726582469125438e+27
1753.0,32.29255422554565,6.351579524634402,8.648033276995488e+27
1763.0,32.29204977122551,6.351516726701788,8.570631920237025e+27
1773.0,32.2915494343642,6.3514544409829625,8.49435525671848e+27
1783.0,32.291053158316764,6.351392660435009,8.419180737857249e+27
1793.0,32.290560887530475,6.351331378150757,8.345086390176169e+27
1803.0,32.290072567517804,6.3512705873554145,8.272050797532034e+27
1813.0,32.28958814483023,6.3512102814033256,8.200053083988135e+27
1823.0,32.289107567032815,6.351150453774797,8.129072897304038e+27
1833.0,32.28863078267951,6.351091098073048,8.059090393017164e+27
1843.0,32.28815774128926,6.351032208021225,7.990086219091827e+27
1853.0,32.287688393322746,6.350973777459523,7.922041501112572e+27
1863.0,32.287222690159844,6.3509158003423805,7.854937827999701e+27
1873.0,32.286760584077754,6.350858270735764,7.788757238225886e+27
1883.0,32.28630202822971,6.35080118281452,7.723482206513706e+27
1893.0,32.28584697662438,6.35074453085982,7.659095630994922e+27
1903.0,32.285395384105776,6.350688309256662,7.595580820813075e+27
1913.0,32.284947206333804,6.350632512491454,7.532921484151906e+27
1923.0,32.284502399765344,6.350577135149661,7.471101716672822e+27
1933.0,32.284060921635835,6.350522171913522,7.410105990345382e+27
1943.0,32.283622729941435,6.350467617559832,7.349919142655515e+27
1953.0,32.28318778342164,6.350413466957776,7.290526366176811e+27
1963.0,32.28275604154238,6.35035971506684,7.231913198490886e+27
1973.0,32.282327464479614,6.3503063569347615,7.174065512443448e+27
1983.0,32.28190201310336,6.3502533876955525,7.116969506723222e+27
1993.0,32.28147964896218,6.350200802567568,7.060611696751503e+27
2003.0,32.28106033426804,6.350148596851628,7.004978905870561e+27
2013.0,32.280644031881636,6.35009676592919,6.9500582568197e+27
2023.0,32.280230705298095,6.350045305260576,6.895837163488174e+27
2033.0,32.27982031863305,6.34999421038324,6.842303322934677e+27
2043.0,32.279412836609104,6.349943476910088,6.78944470766351e+27
2053.0,32.279008224542636,6.349893100527833,6.737249558147974e+27
2063.0,32.27860644833098,6.349843076995412,6.685706375591914e+27
2073.0,32.27820747443993,6.349793402142421,6.634803914920715e+27
2083.0,32.27781126989155,6.34974407186761,6.584531177993409e+27
2093.0,32.27741780225235,6.349695082137412,6.534877407027916e+27
2103.0,32.27702703962173,6.3496464289845,6.485832078231711e+27
2113.0,32.27663895062073,6.3495981085064,6.437384895630586e+27
2123.0,32.27625350438109,6.349550116864118,6.389525785088442e+27
2133.0,32.27587067053455,6.349502450280828,6.342244888511314e+27
2143.0,32.27549041920249,6.3494551050405645,6.295532558229129e+27
2153.0,32.275112720985746,6.349408077486972,6.24937935154897e+27
2163.0,32.274737546954746,6.349361364022074,6.203776025473794e+27
2173.0,32.274364868639886,6.349314961105076,6.158713531580889e+27
2183.0,32.27399465802211,6.349268865251197,6.114183011054509e+27
2193.0,32.27362688752379,6.349223073030532,6.070175789867359e+27
2203.0,32.27326152999974,6.349177581066943,6.026683374105825e+27
2213.0,32.27289855872856,6.349132386036974,5.983697445434027e+27
2223.0,32.2725379474041,6.349087484668795,5.941209856691981e+27
2233.0,32.27217967012718,6.349042873741176,5.899212627623287e+27
2243.0,32.2718237013975,6.348998550082475,5.857697940728021e+27
2253.0,32.271470016105766,6.348954510569664,5.816658137236578e+27
2263.0,32.27111858952596,6.348910752127364,5.776085713200457e+27
2273.0,32.27076939730784,6.34886727172692,5.735973315696062e+27
2283.0,32.27042241546959,6.348824066385482,5.696313739137784e+27
2293.0,32.27007762039068,6.348781133165115,5.65709992169678e+27
2303.0,32.269734988804856,6.348738469171936,5.618324941821917e+27
2313.0,32.269394497793314,6.348696071555259,5.579982014859597e+27
2323.0,32.26905612477803,6.348653937506769,5.5420644897692e+27
2333.0,32.26871984751527,6.348612064259712,5.504565845931068e+27
2343.0,32.2683856440892,6.348570449088108,5.467479690044014e+27
2353.0,32.2680534929057,6.3485290893059725,5.430799753109507e+27
2363.0,32.26772337268628,6.348487982266569,5.394519887499714e+27
2373.0,32.26739526246215,6.348447125361665,5.358634064106775e+27
2383.0,32.267069141568456,6.3484065160208205,5.323136369570685e+27
2393.0,32.266744989638575,6.348366151710678,5.288021003583316e+27
2403.0,32.26642278659862,6.348326029934276,5.253282276266181e+27
2413.0,32.266102512662016,6.348286148230378,5.218914605619628e+27
2423.0,32.265784148324215,6.348246504172818,5.184912515041214e+27
2433.0,32.26546767435754,6.348207095369851,5.151270630911126e+27
2443.0,32.26515307180612,6.348167919463536,5.117983680242569e+27
2453.0,32.26484032198096,6.348128974129111,5.085046488395105e+27
2463.0,32.264529406455125,6.3480902570744,5.052453976849009e+27
2473.0,32.26422030705898,6.348051766039222,5.020201161038791e+27
2483.0,32.26391300587561,6.348013498794823,4.98828314824405e+27
2493.0,32.263607485236285,6.347975453143306,4.956695135535962e+27
2503.0,32.26330372771604,6.347937626917086,4.925432407777659e+27
2513.0,32.26300171612937,6.347900017978357,4.8944903356769395e+27
2523.0,32.26270143352596,6.347862624218555,4.863864373889693e+27
2533.0,32.26240286318661,6.347825443557857,4.833550059172542e+27
2543.0,32.26210598861911,6.347788473944669,4.803543008583241e+27
2553.0,32.261810793554346,6.347751713355131,4.773838917727393e+27
2563.0,32.26151726194237,6.347715159792647,4.7444335590501514e+27
2573.0,32.26122537794865,6.347678811287398,4.7153227801715404e+27
2583.0,32.26093512595031,6.347642665895894,4.686502502264155e+27
2593.0,32.26064649053252,6.347606721700511,4.657968718471975e+27
2603.0,32.260359456484935,6.347570976809055,4.629717492369114e+27
2613.0,32.26007400879818,6.347535429354324,4.601744956457332e+27
2623.0,32.25979013266047,6.347500077493687,4.574047310701211e+27
2633.0,32.25950781345426,6.347464919408669,4.546620821099889e+27
2643.0,32.259227036752954,6.347429953304538,4.51946181829432e+27
2653.0,32.25894778831769,6.347395177409912,4.4925666962090457e+27
2663.0,32.258670054094246,6.347360589976367,4.4659319107274855e+27
2673.0,32.25839382020991,6.347326189278056,4.439553978399809e+27
2683.0,32.258119072970494,6.347291973611329,4.4134294751824675e+27
2693.0,32.257845798857375,6.347257941294369,4.3875550352084826e+27
2703.0,32.2575739845246,6.347224090666835,4.361927349587651e+27
2713.0,32.257303616796044,6.3471904200895075,4.3365431652358174e+27
2723.0,32.25703468266265,6.3471569279439395,4.3113992837324027e+27
2733.0,32.256767169279684,6.3471236126321235,4.28649256020542e+27
2743.0,32.256501063964066,6.347090472576154,4.2618199022432046e+27
2753.0,32.256236354191785,6.347057506217908,4.2373782688321333e+27
2763.0,32.25597302759529,6.347024712018721,4.213164669319616e+27
2773.0,32.255711071961,6.346992088459079,4.1891761624016685e+27
2783.0,32.25545047522686,6.34695963403831,4.165409855134403e+27
2793.0,32.25519122547987,6.34692734727428,4.1418629019687787e+27
2803.0,32.25493331095377,6.346895226703107,4.118532503807997e+27
2813.0,32.25467672002667,6.346863270878862,4.095415907086919e+27
2823.0,32.25442144121883,6.346831478373294,4.072510402872924e+27
2833.0,32.254167463190356,6.346799847775547,4.0498133259876243e+27
2843.0,32.25391477473905,6.346768377691891,4.0273220541488994e+27
2853.0,32.253663364798264,6.346737066745449,4.0050340071326904e+27
2863.0,32.25341322243477,6.346705913575946,3.982946645954044e+27
2873.0,32.2531643368467,6.3466749168394365,3.961057472066896e+27
2883.0,32.25291669736151,6.346644075208065,3.939364026582101e+27
2893.0,32.252670293434015,6.346613387369812,3.917863889503228e+27
2903.0,32.25242511464439,6.346582852028254,3.896554678979668e+27
2913.0,32.25218115069629,6.346552467902321,3.8754340505765916e+27
2923.0,32.25193839141495,6.346522233726067,3.8544996965613276e+27
2933.0,32.251696826745366,6.346492148248441,3.8337493452057357e+27
2943.0,32.251456446750424,6.346462210233053,3.8131807601041674e+27
2953.0,32.25121724160918,6.346432418457964,3.792791739506602e+27
2963.0,32.250979201615095,6.346402771715465,3.7725801156665846e+27
2973.0,32.25074231717431,6.346373268811858,3.7525437542035844e+27
2983.0,32.250506578803964,6.346343908567257,3.732680553479397e+27
2993.0,32.250271977130566,6.346314689815372,3.7129884439882546e+27
3003.0,32.25003850288834,6.346285611403317,3.6934653877602815e+27
3013.0,32.24980614691765,6.346256672191404,3.674109377777966e+27
3023.0,32.249574900163445,6.346227871052954,3.654918437405324e+27
3033.0,32.24934475367371,6.346199206874106,3.635890619829437e+27
3043.0,32.249115698597954,6.346170678553624,3.617024007514053e+27
3053.0,32.248887726185735,6.346142285002717,3.5983167116649533e+27
3063.0,32.24866082778521,6.34611402514486,3.5797668717067947e+27
3073.0,32.2484349948417,6.34608589791561,3.5613726547711475e+27
3083.0,32.24821021889629,6.346057902262437,3.5431322551954445e+27
3093.0,32.24798649158444,6.346030037144555,3.5250438940325866e+27
3103.0,32.247763804634644,6.346002301532742,3.507105818570932e+27
3113.0,32.24754214986709,6.345974694409185,3.489316301864428e+27
3123.0,32.247321519192354,6.345947214767317,3.471673642272632e+27
3133.0,32.247101904610126,6.345919861611649,3.454176163010385e+27
3143.0,32.24688329820792,6.3458926339576225,3.4368222117069026e+27
3153.0,32.246665692159866,6.34586553083145,3.4196101599740676e+27
3163.0,32.24644907872547,6.345838551269963,3.402538402983684e+27
3173.0,32.24623345024842,6.345811694320466,3.3856053590535004e+27
3183.0,32.24601879915541,6.34578495904059,3.368809469241778e+27
3193.0,32.24580511795497,6.345758344498143,3.352149196950212e+27
3203.0,32.245592399236365,6.345731849770976,3.335623027534996e+27
3213.0,32.245380635668425,6.345705473946838,3.3192294679258525e+27
3223.0,32.24516981999849,6.345679216123243,3.302967046252831e+27
3233.0,32.24495994505129,6.345653075407335,3.2868343114806943e+27
3243.0,32.24475100372792,6.345627050915751,3.2708298330507214e+27
3253.0,32.24454298900476,6.3456011417745,3.2549522005297456e+27
3263.0,32.24433589393249,6.345575347118828,3.239200023266266e+27
3273.0,32.24412971163501,6.345549666093093,3.223571930053467e+27
3283.0,32.243924435308536,6.345524097850647,3.208066568798985e+27
3293.0,32.24372005822054,6.3454986415537045,3.192682606201272e+27
3303.0,32.24351657370884,6.345473296373234,3.177418727432395e+27
3313.0,32.24331397518064,6.345448061488833,3.1622736358271376e+27
3323.0,32.2431122561116,6.345422936088615,3.147246052578246e+27
3333.0,32.24291141004491,6.345397919369095,3.1323347164376943e+27
3343.0,32.24271143059042,6.345373010535079,3.117538383423817e+27
3353.0,32.24251231142372,6.345348208799552,3.102855826534189e+27
3363.0,32.24231404628528,6.3453235133835735,3.0882858354641207e+27
3373.0,32.24211662897962,6.345298923516162,3.073827216330632e+27
3383.0,32.24192005337444,6.345274438434203,3.059478791401804e+27
3393.0,32.24172431339979,6.3452500573823345,3.0452393988313605e+27
3403.0,32.24152940304726,6.3452257796128535,3.031107892398391e+27
3413.0,32.24133531636918,6.345201604385611,3.017083141252077e+27
3423.0,32.24114204747783,6.345177530967916,3.003164029661331e+27
3433.0,32.24094959054466,6.345153558634439,2.989349456769218e+27
3443.0,32.24075793979952,6.345129686667114,2.9756383363520846e+27
3453.0,32.240567089529925,6.3451059143550514,2.962029596583257e+27
3463.0,32.24037703408028,6.345082240994437,2.9485221798012355e+27
3473.0,32.2401877678512,6.345058665888449,2.9351150422822746e+27
3483.0,32.23999928529872,6.345035188347164,2.921807154017258e+27
3493.0,32.239811580933676,6.345011807687468,2.9085974984927695e+27
3503.0,32.23962464932093,6.344988523232979,2.8954850724762775e+27
3513.0,32.23943848507874,6.3449653343139465,2.882468885805339e+27
3523.0,32.23925308287806,6.3449422402671845,2.8695479611807346e+27
3533.0,32.23906843744186,6.344919240435974,2.856721333963461e+27
3543.0,32.238884543544515,6.344896334169994,2.8439880519754775e+27
3553.0,32.23870139601114,6.344873520825231,2.831347175304157e+27
3563.0,32.23851898971693,6.344850799763908,2.818797776110331e+27
3573.0,32.238337319586584,6.3448281703544,2.806338938439876e+27
3583.0,32.23815638059365,6.344805631971165,2.793969758038752e+27
3593.0,32.23797616775994,6.3447831839946645,2.78168934217143e+27
3603.0,32.23779667615493,6.344760825811287,2.7694968094426294e+27
3613.0,32.237617900895174,6.34473855681328,2.7573912896223036e+27
3623.0,32.23743983714372,6.344716376398677,2.7453719234737977e+27
3633.0,32.237262480109536,6.344694283971221,2.733437862585118e+27
3643.0,32.237085825046975,6.344672278940303,2.7215882692032513e+27
3653.0,32.236909867255186,6.3446503607208875,2.7098223160714554e+27
3663.0,32.23673460207758,6.3446285287334465,2.698139186269483e+27
3673.0,32.23656002490133,6.344606782403893,2.6865380730566553e+27
3683.0,32.23638613115678,6.344585121163517,2.675018179717748e+27
3693.0,32.23621291631697,6.344563544448916,2.6635787194116096e+27
3703.0,32.23604037589712,6.344542051701936,2.6522189150224764e+27
3713.0,32.23586850545409,6.344520642369604,2.6409379990139167e+27
3723.0,32.235697300585926,6.344499315904071,2.6297352132853547e+27
3733.0,32.23552675693133,6.344478071762547,2.618609809031123e+27
3743.0,32.235356870169205,6.344456909407244,2.607561046601993e+27
3753.0,32.235187636018175,6.344435828305312,2.596588195369125e+27
3763.0,32.2350190502361,6.34441482792879,2.5856905335904005e+27
3773.0,32.23485110861961,6.344393907754535,2.574867348279084e+27
3783.0,32.23468380700368,6.344373067264174,2.564117935074767e+27
3793.0,32.23451714126114,6.344352305944049,2.5534415981165473e+27
3803.0,32.23435110730228,6.344331623285158,2.5428376499184034e+27
3813.0,32.23418570107435,6.3443110187831,2.5323054112467183e+27
3823.0,32.234020918561185,6.3442904919380245,2.521844210999908e+27
3833.0,32.23385675578275,6.344270042254578,2.511453386090116e+27
3843.0,32.23369320879474,6.344249669241852,2.501132281326932e+27
3853.0,32.233530273688146,6.344229372413326,2.490880249303095e+27
3863.0,32.233367946588864,6.3442091512868295,2.480696650282143e+27
3873.0,32.23320622365729,6.344189005384479,2.4705808520879673e+27
3883.0,32.23304510108793,6.344168934232635,2.4605322299962407e+27
3893.0,32.232884575109,6.344148937361855,2.450550166627677e+27
3903.0,32.23272464198203,6.3441290143068425,2.44063405184309e+27
3913.0,32.23256529800153,6.344109164606399,2.4307832826402154e+27
3923.0,32.23240653949457,6.344089387803383,2.4209972630522625e+27
3933.0,32.23224836282042,6.344069683444656,2.411275404048163e+27
3943.0,32.23209076437021,6.3440500510810445,2.4016171234344798e+27
3953.0,32.23193374056655,6.344030490267292,2.3920218457589527e+27
3963.0,32.231777287863174,6.344011000562015,2.38248900221564e+27
3973.0,32.231621402744615,6.343991581527662,2.373018030551633e+27
3983.0,32.23146608172583,6.343972232730468,2.363608374975309e+27
3993.0,32.23131132135188,6.34395295374041,2.3542594860660962e+27
4003.0,32.2311571181976,6.343933744131174,2.344970820685719e+27
4013.0,32.23100346886725,6.343914603480107,2.3357418418909012e+27
4023.0,32.23085036999421,6.343895531368174,2.3265720188474928e+27
4033.0,32.23069781824063,6.343876527379927,2.3174608267459975e+27
4043.0,32.230545810297144,6.343857591103458,2.308407746718476e+27
4053.0,32.23039434288255,6.3438387221303625,2.2994122657567958e+27
4063.0,32.23024341274348,6.3438199200557035,2.2904738766322043e+27
4073.0,32.230093016654116,6.34380118447797,2.2815920778162e+27
4083.0,32.229943151415895,6.34378251499904,2.272766373402681e+27
4093.0,32.2297938138572,6.343763911224147,2.2639962730313385e+27
4103.0,32.22964500083306,6.34374537276184,2.2552812918122858e+27
4113.0,32.22949670922488,6.343726899223949,2.2466209502518836e+27
4123.0,32.22934893594016,6.343708490225551,2.2380147741797563e+27
4133.0,32.22920167791218,6.343690145384933,2.2294622946769636e+27
4143.0,32.22905493209976,6.3436718643235555,2.2209630480053176e+27
4153.0,32.22890869548696,6.343653646666025,2.2125165755378122e+27
4163.0,32.228762965082836,6.343635492040056,2.2041224236901585e+27
4173.0,32.22861773792116,6.343617400076437,2.195780143853395e+27
4183.0,32.228473011060146,6.343599370408998,2.1874892923275578e+27
4193.0,32.2283287815822,6.343581402674582,2.179249430256391e+27
4203.0,32.22818504659367,6.34356349651301,2.1710601235630806e+27
4213.0,32.22804180322459,6.343545651567049,2.162920942886989e+27
4223.0,32.22789904862843,6.3435278674823845,2.1548314635213748e+27
4233.0,32.22775677998184,6.343510143907583,2.1467912653520822e+27
4243.0,32.22761499448441,6.343492480494071,2.1387999327971793e+27
4253.0,32.227473689358455,6.343474876896095,2.1308570547475294e+27
4263.0,32.22733286184874,6.343457332770703,2.1229622245082784e+27
4273.0,32.22719250922226,6.343439847777706,2.115115039741246e+27
4283.0,32.227052628768035,6.343422421579652,2.107315102408197e+27
4293.0,32.226913217796834,6.343405053841804,2.0995620187149845e+27
4303.0,32.22677427364099,6.343387744232099,2.0918553990565467e+27
4313.0,32.22663579365416,6.343370492421134,2.0841948579627403e+27
4323.0,32.22649777521111,6.34335329808213,2.0765800140449996e+27
4333.0,32.22636021570749,6.343336160890907,2.0690104899438047e+27
4343.0,32.22622311255963,6.343319080525859,2.0614859122769458e+27
4353.0,32.226086463204325,6.343302056667927,2.054005911588567e+27
4363.0,32.225950265098625,6.34328508900057,2.0465701222989805e+27
4373.0,32.225814515719634,6.343268177209747,2.0391781826552347e+27
4383.0,32.225679212564295,6.343251320983881,2.031829734682423e+27
4393.0,32.2255443531492,6.343234520013843,2.024524424135723e+27
4403.0,32.2254099350104,6.343217773992924,2.017261900453151e+27
4413.0,32.22527595570317,6.343201082616811,2.0100418167090202e+27
4423.0,32.225142412801866,6.343184445583559,2.002863829568093e+27
4433.0,32.225009303899704,6.3431678625935755,1.9957275992404108e+27
4443.0,32.22487662660857,6.343151333349588,1.9886327894367942e+27
4453.0,32.22474437855884,6.3431348575566275,1.9815790673249993e+27
4463.0,32.224612557399205,6.343118434922002,1.97456610348652e+27
4473.0,32.22448116079647,6.343102065155276,1.967593571874028e+27
4483.0,32.224350186435395,6.343085747968246,1.9606611497694318e+27
4493.0,32.22421963201849,6.343069483074917,1.953768517742556e+27
4503.0,32.22408949526587,6.343053270191488,1.946915359610418e+27
4513.0,32.22395977391506,6.343037109036323,1.9401013623971028e+27
4523.0,32.22383046572084,6.343020999329931,1.9333262162942188e+27
4533.0,32.22370156845504,6.3430049407949465,1.9265896146219276e+27
4543.0,32.22357307990643,6.342988933156111,1.9198912537905384e+27
4553.0,32.223444997880506,6.342972976140246,1.9132308332626568e+27
4563.0,32.22331732019936,6.3429570694762365,1.9066080555158793e+27
4573.0,32.223190044701475,6.342941212895016,1.9000226260060245e+27
4583.0,32.22306316924162,6.342925406129534,1.8934742531308902e+27
4593.0,32.22293669169066,6.34290964891475,1.8869626481945325e+27
4603.0,32.22281060993541,6.342893940987604,1.880487525372053e+27
4613.0,32.222684921878454,6.342878282087005,1.874048601674889e+27
4623.0,32.222559625438045,6.342862671953803,1.8676455969165943e+27
4633.0,32.222434718547916,6.342847110330782,1.8612782336791138e+27
4643.0,32.222310199157135,6.342831596962631,1.854946237279525e+27
4653.0,32.22218606522998,6.342816131595931,1.848649335737259e+27
4663.0,32.22206231474576,6.342800713979137,1.8423872597417768e+27
4673.0,32.22193894569872,6.342785343862559,1.8361597426207058e+27
4683.0,32.221815956097835,6.342770020998344,1.8299665203084206e+27
4693.0,32.221693343966734,6.342754745140459,1.8238073313150648e+27
4703.0,32.221571107343514,6.342739516044673,1.8176819166960057e+27
4713.0,32.221449244280635,6.342724333468543,1.8115900200217174e+27
4723.0,32.221327752844765,6.342709197171396,1.80553138734808e+27
4733.0,32.22120663111665,6.342694106914306,1.7995057671870937e+27
4743.0,32.221085877191,6.342679062460087,1.7935129104779976e+27
4753.0,32.22096548917633,6.342664063573275,1.7875525705587892e+27
4763.0,32.22084546519484,6.342649110020104,1.7816245031381374e+27
4773.0,32.220725803382315,6.3426342015685,1.7757284662676815e+27
4783.0,32.22060650188795,6.342619337988061,1.7698642203147102e+27
4793.0,32.22048755887427,6.342604519050038,1.7640315279352188e+27
4803.0,32.220368972516965,6.342589744527327,1.7582301540473313e+27
4813.0,32.22025074100482,6.342575014194448,1.752459865805089e+27
4823.0,32.22013286253954,6.342560327827535,1.7467204325725947e+27
4833.0,32.22001533533568,6.342545685204313,1.7410116258985086e+27
4843.0,32.219898157620484,6.342531086104095,1.7353332194908917e+27
4853.0,32.21978132763379,6.342516530307755,1.729684989192389e+27
4863.0,32.21966484362792,6.342502017597724,1.7240667129557497e+27
4873.0,32.21954870386755,6.34248754775797,1.718478170819675e+27
4883.0,32.21943290662962,6.342473120573986,1.7129191448849958e+27
4893.0,32.21931745020319,6.342458735832774,1.7073894192911658e+27
4903.0,32.21920233288937,6.342444393322836,1.701888780193072e+27
4913.0,32.21908755300116,6.342430092834156,1.6964170157381567e+27
4923.0,32.2189731088634,6.342415834158188,1.6909739160438435e+27
4933.0,32.21885899881263,6.342401617087841,1.6855592731752644e+27
4943.0,32.21874522119697,6.342387441417471,1.680172881123284e+27
4953.0,32.21863177437606,6.342373306942863,1.674814535782815e+27
4963.0,32.21851865672091,6.34235921346122,1.6694840349314214e+27
4973.0,32.21840586661384,6.34234516077115,1.6641811782082042e+27
4983.0,32.21829340244836,6.3423311486726535,1.658905767092966e+27
4993.0,32.21818126262905,6.342317176967112,1.6536576048856497e+27
5003.0,32.21806944557151,6.342303245457275,1.6484364966860487e+27
