Time,Mass,Radius,Lx
23.0,11.419806757177295,6.41,1.44e+30
23.1,11.417295044929569,6.403770290495039,1.4125817530701226e+30
23.200000000000003,11.414835317179579,6.397633411728592,1.385800636098691e+30
23.300000000000004,11.412426209843675,6.3915872282774355,1.3596391925956558e+30
23.400000000000006,11.410066402569376,6.385629666125059,1.3340805163776613e+30
23.500000000000007,11.407754617070957,6.379758710582221,1.30910823196864e+30
23.60000000000001,11.405489615538473,6.373972404287903,1.284706475777958e+30
23.70000000000001,11.40327019911655,6.368268845287185,1.2608598780221267e+30
23.80000000000001,11.401095206449442,6.362646185182747,1.2375535453577334e+30
23.900000000000013,11.398963512289106,6.357102627356861,1.214773044194771e+30
24.000000000000014,11.396874026163163,6.35163642526083,1.1925043846610063e+30
24.100000000000016,11.394825691099834,6.346245880769056,1.1707340051894066e+30
24.200000000000017,11.39281748240708,6.340929342594983,1.1494487577019633e+30
24.30000000000002,11.390848406503313,6.335685204766321,1.1286358933644884e+30
24.40000000000002,11.388917499797211,6.33051190515706,1.1082830488881485e+30
24.50000000000002,11.387023827614305,6.325407924073929,1.0883782333546191e+30
24.600000000000023,11.385166483168087,6.320371782895,1.0689098155428151e+30
24.700000000000024,11.38334458657356,6.315402042758317,1.0498665117361571e+30
24.800000000000026,11.381557283901248,6.310497303298488,1.0312373739903074e+30
24.900000000000027,11.379803746269744,6.305656201429246,1.0130117788422134e+30
25.00000000000003,11.378083168975044,6.300877410170111,9.95179416442176e+29
25.10000000000003,11.376394770654965,6.296159637515425,9.777302800914791e+29
25.20000000000003,11.374737792487016,6.291501625343917,9.606546561689103e+29
25.300000000000033,11.373111497418224,6.286902148367295,9.439431144302457e+29
25.400000000000034,11.37151516942546,6.282360013116229,9.275864986654858e+29
25.500000000000036,11.369948112804886,6.277874056962229,9.115759176993086e+29
25.600000000000037,11.368409651489216,6.273443147174039,8.959027367208453e+29
25.70000000000004,11.366899128391568,6.269066180007124,8.805585689295052e+29
25.80000000000004,11.365415904774707,6.264742079824986,8.655352674841538e+29
25.90000000000004,11.363959359644586,6.260469798251032,8.508249177435089e+29
26.000000000000043,11.362528889167093,6.256248313349827,8.364198297861478e+29
26.100000000000044,11.36112390610702,6.2520766288365675,8.223125311990258e+29
26.200000000000045,11.359743839288262,6.247953773313672,8.084957601238814e+29
26.300000000000047,11.35838813307437,6.2438787995334835,7.949624585513733e+29
26.40000000000005,11.357056246868543,6.239850783686036,7.817057658532175e+29
26.50000000000005,11.355747654632259,6.23586882471095,7.687190125430221e+29
26.60000000000005,11.35446184442175,6.231932043632545,7.559957142569058e+29
26.700000000000053,11.353198317941565,6.228039582917246,7.435295659453717e+29
26.800000000000054,11.351956590114492,6.224190605852499,7.313144362682652e+29
26.900000000000055,11.350736188667188,6.220384295946342,7.193443621849894e+29
27.000000000000057,11.349536653730832,6.216619856346892,7.076135437324867e+29
27.10000000000006,11.3483575374562,6.212896509280958,6.961163389838004e+29
27.20000000000006,11.34719840364257,6.209213495511129,6.848472591803389e+29
27.30000000000006,11.346058827379872,6.205570073810605,6.738009640312432e+29
27.400000000000063,11.344938394703574,6.2019655204551345,6.629722571735397e+29
27.500000000000064,11.343836702261767,6.198399128731454,6.52356081787015e+29
27.600000000000065,11.342753356993967,6.19487020846157,6.419475163580026e+29
27.700000000000067,11.341687975821161,6.191378085542368,6.317417705865079e+29
27.800000000000068,11.340640185346658,6.187922101499963,6.217341814313283e+29
27.90000000000007,11.339609621567298,6.184501613058243,6.119202092880374e+29
28.00000000000007,11.338595929594641,6.181115991721155,6.022954342949171e+29
28.100000000000072,11.337598763385708,6.177764623368157,5.92855552762116e+29
28.200000000000074,11.33661778548293,6.174446907862437,5.8359637371950265e+29
28.300000000000075,11.335652666762936,6.171162258671426,5.745138155788666e+29
28.400000000000077,11.334703086193835,6.167910102499151,5.656039029062926e+29
28.500000000000078,11.333768730600678,6.16468987893003,5.5686276330069825e+29
28.60000000000008,11.332849294438763,6.161501040083699,5.48286624374689e+29
28.70000000000008,11.331944479574517,6.158343050280502,5.398718108340313e+29
28.800000000000082,11.331053995073637,6.155215385717241,5.31614741652195e+29
28.900000000000084,11.330177556996235,6.152117534152868,5.235119273365533e+29
29.000000000000085,11.329314888198722,6.149048994603753,5.155599672829633e+29
29.100000000000087,11.328465718142162,6.1460092770481864,5.077555472155774e+29
29.200000000000088,11.327629782706886,6.142997902139848,5.000954367088586e+29
29.30000000000009,11.326806824013103,6.140014400929875,4.925764867888905e+29
29.40000000000009,11.325996590247309,6.137058314597292,4.851956276111862e+29
29.500000000000092,11.325198835494268,6.134129194187473,4.779498662123042e+29
29.600000000000094,11.32441331957437,6.131226600358399,4.708362843326878e+29
29.700000000000095,11.323639807886169,6.12835010313445,4.638520363082405e+29
29.800000000000097,11.322878071253903,6.125499281667432,4.5699434702824336e+29
29.900000000000098,11.32212788577984,6.12267372400467,4.50260509957317e+29
30.0000000000001,11.321389032701248,6.119873026863871,4.436478852192091e+29
30.1000000000001,11.320661298251844,6.1170967954145645,4.371538977402825e+29
30.200000000000102,11.319944473527562,6.1143446430658965,4.30776035450648e+29
30.300000000000104,11.319238354356475,6.111616191260575,4.245118475409742e+29
30.400000000000105,11.31854274117274,6.108911069274752,4.183589427730693e+29
30.500000000000107,11.317857438894404,6.106228914023649,4.123149878424109e+29
30.600000000000108,11.317182256804964,6.103569369872767,4.063777057908598e+29
30.70000000000011,11.316517008438527,6.10093208845446,4.005448744678633e+29
30.80000000000011,11.31586151146846,6.098316728489735,3.948143250385149e+29
30.900000000000112,11.315215587599397,6.095722955615086,3.891839405368979e+29
31.000000000000114,11.314579062462501,6.09315044221422,3.8365165446319616e+29
31.100000000000115,11.31395176551386,6.090598867254496,3.7821544942311354e+29
31.200000000000117,11.313333529935916,6.088067916127953,3.728733558081952e+29
31.300000000000118,11.312724192541824,6.085557280496767,3.6762345051569396e+29
31.40000000000012,11.312123593682635,6.083066658142998,3.624638557066766e+29
31.50000000000012,11.31153157715722,6.080595752822505,3.573927376011097e+29
31.600000000000122,11.310947990124832,6.0781442741228755,3.5240830530871135e+29
31.700000000000124,11.310372683020226,6.075711937325259,3.475088096943985e+29
31.800000000000125,11.309805509471248,6.07329846327,3.42692542277201e+29
31.900000000000126,11.309246326218817,6.070903578225916,3.379578341615529e+29
32.00000000000013,11.308694993039209,6.068527013763138,3.333030549999133e+29
32.10000000000013,11.308151372668583,6.066168506629381,3.2872661198570286e+29
32.20000000000013,11.307615330729666,6.063827798629575,3.2422694887557824e+29
32.30000000000013,11.307086735660528,6.061504636508705,3.1980254504010435e+29
32.400000000000134,11.306565458645382,6.059198771837805,3.1545191454191315e+29
32.500000000000135,11.306051373547344,6.056909960902999,3.111736052404718e+29
32.600000000000136,11.305544356843086,6.054637964597472,3.06966197922614e+29
32.70000000000014,11.305044287559326,6.052382548316318,3.0282830545801598e+29
32.80000000000014,11.304551047211092,6.050143481854173,2.9875857197882884e+29
32.90000000000014,11.30406451974171,6.047920539305512,2.9475567208270458e+29
33.00000000000014,11.303584591464453,6.045713498967588,2.90818310058481e+29
33.10000000000014,11.303111151005812,6.043522143245902,2.869452191338141e+29
33.200000000000145,11.302644089250315,6.041346258562109,2.8313516074407352e+29
33.300000000000146,11.30218329928688,6.03918563526436,2.7938692382183634e+29
33.40000000000015,11.301728676356612,6.037040067539902,2.756993241063412e+29
33.50000000000015,11.301280117802047,6.034909353329983,2.7207120347228306e+29
33.60000000000015,11.30083752301775,6.032793294246927,2.68501429277352e+29
33.70000000000015,11.30040079340226,6.030691695493294,2.6498889372793843e+29
33.80000000000015,11.29996983231133,6.02860436578316,2.6153251326244682e+29
33.900000000000155,11.299544545012422,6.0265311172653515,2.581312279516798e+29
34.000000000000156,11.29912483864041,6.024471765448652,2.5478400091576984e+29
34.10000000000016,11.298710622154474,6.022426129128872,2.5148981775715695e+29
34.20000000000016,11.298301806296129,6.020394030317776,2.4824768600912352e+29
34.30000000000016,11.297898303548374,6.018375294173776,2.4505663459941693e+29
34.40000000000016,11.297500028095905,6.016369748934361,2.419157133285039e+29
34.50000000000016,11.297106895786387,6.014377225850213,2.3882399236201696e+29
34.600000000000165,11.29671882409272,6.012397559120945,2.3578056173696678e+29
34.700000000000166,11.29633573207631,6.010430585832447,2.3278453088130893e+29
34.80000000000017,11.295957540351282,6.008476145895758,2.2983502814646652e+29
34.90000000000017,11.295584171049615,6.00653408198745,2.2693120035242384e+29
35.90000000000017,11.29209959931819,5.987761376978838,2.002296976528504e+29
36.90000000000017,11.28902168212962,5.970071684351529,1.7727868723811336e+29
37.90000000000017,11.286293003583442,5.953345390873954,1.5747021565562772e+29
38.90000000000017,11.283865613428802,5.937480630312212,1.403073834759437e+29
39.90000000000017,11.281699249635542,5.9223901424281244,1.253818851995907e+29
40.90000000000017,11.279759934164039,5.907998763355819,1.1235651056360118e+29
41.90000000000017,11.27801885556477,5.894241406843305,1.0095142299320124e+29
42.90000000000017,11.276451473816797,5.881061429921036,9.093333374434636e+28
43.90000000000017,11.274986900439385,5.868329342525149,8.914188508807665e+28
44.90000000000017,11.27354923740023,5.85590948729774,8.821810099068618e+28
45.90000000000017,11.27213543017571,5.84378431440966,8.732392617576718e+28
46.90000000000017,11.270744576483123,5.831940581496966,8.645779692259903e+28
47.90000000000017,11.26937582657311,5.820365908806217,8.561826319382998e+28
48.90000000000017,11.2680283791441,5.809048706320672,8.480397820252959e+28
49.90000000000017,11.266701477651079,5.797978108394455,8.40136891276523e+28
50.90000000000017,11.265394406963553,5.787143914987482,8.324622883131057e+28
51.90000000000017,11.264106490333479,5.776536538719103,8.250050845244723e+28
52.90000000000017,11.26283708663902,5.766146957064205,8.177551076928222e+28
53.90000000000017,11.261585587874345,5.755966669105291,8.107028423788525e+28
54.90000000000017,11.260351416859338,5.745987656330568,8.038393762688444e+28
55.90000000000017,11.259134025146361,5.736202347033266,7.97156351790511e+28
56.90000000000017,11.257932891103863,5.726603583923332,7.906459223962996e+28
57.90000000000017,11.2567475181591,5.7171845946107265,7.843007129907007e+28
58.90000000000017,11.255577433184236,5.707938964660867,7.781137840447553e+28
59.90000000000017,11.254422185011887,5.698860612958527,7.720785989981219e+28
60.90000000000017,11.253281343067778,5.689943769147441,7.661889945982585e+28
61.90000000000017,11.252154496109483,5.681182952939781,7.604391538687126e+28
62.90000000000017,11.25104125106146,5.672572955113003,7.548235814352142e+28
63.90000000000017,11.249941231937612,5.664108820031981,7.4933708097008865e+28
64.90000000000018,11.248854078843548,5.65578582955226,7.439747345431599e+28
65.90000000000018,11.247779447051503,5.647599488175752,7.387318836914021e+28
66.90000000000018,11.246717006141617,5.639545509344085,7.336041120406285e+28
67.90000000000018,11.245666439203898,5.631619802766806,7.285872293308988e+28
68.90000000000018,11.244627442095739,5.623818462692267,7.236772567134581e+28
69.90000000000018,11.243599722750396,5.61613775703856,7.1887041320119045e+28
70.90000000000018,11.24258300053223,5.608574117310036,7.141631031670309e+28
71.90000000000018,11.24157700563496,5.601124129232472,7.095519047957917e+28
72.90000000000018,11.240581478519488,5.593784524046393,7.050335594045575e+28
73.90000000000018,11.239596169388182,5.586552170403994,7.006049615554181e+28
74.90000000000018,11.238620837692824,5.579424066820246,6.962631498919191e+28
75.90000000000018,11.237655251673605,5.572397334633408,6.920052986373906e+28
76.90000000000018,11.236699187926858,5.565469211434396,6.878287096993296e+28
77.90000000000018,11.235752430999383,5.55863704492808,6.837308053293845e+28
78.90000000000018,11.234814773007399,5.551898287192989,6.797091212932728e+28
79.90000000000018,11.233886013278333,5.545250489308859,6.757613005092477e+28
80.90000000000018,11.232965958013837,5.538691296324178,6.718850871175587e+28
81.90000000000018,11.232054419972494,5.53221844253828,6.680783209467808e+28
82.90000000000018,11.23115121817086,5.525829747074779,6.643389323459754e+28
83.90000000000018,11.230256177601564,5.519523109725014,6.606649373544104e+28
84.90000000000018,11.229369128967312,5.513296507042096,6.57054433183062e+28
85.90000000000018,11.2284899084297,5.507147988667631,6.535055939843683e+28
86.90000000000018,11.227618357371881,5.501075673874771,6.500166668887305e+28
87.90000000000018,11.22675432217415,5.495077748312483,6.46585968288088e+28
88.90000000000018,11.2258976540016,5.489152460937198,6.432118803485522e+28
89.90000000000018,11.22504820860309,5.483298121119082,6.398928477355831e+28
90.90000000000018,11.224205846120801,5.477513095911156,6.366273745365521e+28
91.90000000000018,11.223370430909695,5.471795807470423,6.334140213667703e+28
92.90000000000018,11.222541831366273,5.466144730620983,6.3025140264617965e+28
93.90000000000018,11.221719919766072,5.460558390549895,6.271381840349313e+28
94.90000000000018,11.22090457210933,5.4550353606272015,6.240730800169953e+28
95.90000000000018,11.22009566797437,5.44957426034221,6.210548516218025e+28
96.90000000000018,11.2192930903782,5.44417375334867,6.180823042746823e+28
97.90000000000018,11.218496725643941,5.438832545612071,6.151542857675752e+28
98.90000000000018,11.217706463274657,5.433549383652716,6.122696843421352e+28
99.90000000000018,11.216922195833217,5.428323052878698,6.094274268779343e+28
100.90000000000018,11.216143818827861,5.423152376003363,6.066264771790184e+28
101.90000000000018,11.21537123060313,5.418036211542153,6.0386583435255995e+28
102.90000000000018,11.214604332235865,5.412973452384136,6.011445312738093e+28
103.90000000000018,11.213843027435983,5.407963024433785,5.9846163313196155e+28
104.90000000000018,11.213087222451788,5.4030038853189755,5.958162360519422e+28
105.90000000000018,11.212336825979543,5.398095023161301,5.9320746578746486e+28
106.90000000000018,11.211591749077092,5.3932354554052075,5.90634476481045e+28
107.90000000000018,11.210851905081304,5.388424227702563,5.8809644948694505e+28
108.90000000000018,11.210117209529141,5.383660412849583,5.855925922533096e+28
109.90000000000018,11.209387580082161,5.37894310977318,5.831221372600015e+28
110.90000000000018,11.208662936454266,5.374271442564011,5.806843410088833e+28
111.90000000000018,11.20794320034254,5.36964455955369,5.7827848306350996e+28
112.90000000000018,11.207228295361016,5.365061632433747,5.759038651353955e+28
113.90000000000018,11.206518146977219,5.360521855414115,5.735598102142069e+28
114.90000000000018,11.205812682451338,5.3560244444190275,5.7124566173940685e+28
115.90000000000018,11.205111830777922,5.351568636318363,5.689607828110296e+28
116.90000000000018,11.204415522629946,5.3471536881925745,5.667045554374223e+28
117.90000000000018,11.203723690305145,5.342778876629463,5.644763798179183e+28
118.90000000000018,11.203036267674504,5.3384434970511645,5.622756736585438e+28
119.90000000000018,11.202353190132806,5.3341468630698134,5.601018715189684e+28
120.90000000000018,11.20167439455112,5.329888305870404,5.579544241890291e+28
121.90000000000018,11.200999819231162,5.325667173619539,5.558327980932556e+28
122.90000000000018,11.200329403861428,5.321482830898713,5.537364747219207e+28
123.90000000000018,11.199663089475006,5.317334658160982,5.516649500872291e+28
124.90000000000018,11.199000818409015,5.313222051209825,5.496177342033425e+28
125.90000000000018,11.198342534265578,5.309144420699166,5.47594350589013e+28
126.90000000000018,11.197688181874254,5.305101191653481,5.455943357916727e+28
127.90000000000018,11.197037707255884,5.301091803007097,5.43617238931891e+28
128.90000000000018,11.196391057587775,5.297115707161714,5.416626212671787e+28
129.90000000000018,11.195748181170153,5.293172369561337,5.3973005577417226e+28
130.90000000000018,11.195109027393848,5.289261268283768,5.378191267482908e+28
131.90000000000018,11.19447354670915,5.285381893647923,5.359294294200058e+28
132.90000000000018,11.193841690595773,5.281533747836221,5.340605695869163e+28
133.90000000000018,11.193213411533904,5.277716344531383,5.322121632608638e+28
134.90000000000018,11.192588662976263,5.273929208566966,5.3038383632936495e+28
135.90000000000018,11.191967399321149,5.270171875591014,5.285752242306807e+28
136.90000000000018,11.19134957588643,5.266443891742272,5.267859716418757e+28
137.90000000000018,11.19073514888443,5.262744813338363,5.250157321792599e+28
138.90000000000018,11.190124075397671,5.259074206575434,5.2326416811063165e+28
139.90000000000018,11.189516313355455,5.255431647238751,5.21530950078781e+28
140.90000000000018,11.18891182151123,5.2518167204237916,5.198157568357306e+28
141.90000000000018,11.188310559420723,5.248229020267345,5.181182749872283e+28
142.90000000000018,11.187712487420796,5.244668149688243,5.164381987470245e+28
143.90000000000018,11.187117566609015,5.241133720137256,5.147752297004954e+28
144.90000000000018,11.186525758823871,5.23762535135582,5.131290765771933e+28
145.90000000000018,11.185937026625671,5.23414267114319,5.114994550319289e+28
146.90000000000018,11.185351333278035,5.23068531513168,5.098860874340093e+28
147.90000000000018,11.184768642729995,5.227252926569672,5.082887026642738e+28
148.90000000000018,11.184188919598665,5.223845156112036,5.0670703591959e+28
149.90000000000018,11.183612129152461,5.220461661617708,5.051408285244863e+28
150.90000000000018,11.183038237294861,5.2171021079540925,5.035898277496165e+28
151.90000000000018,11.182467210548658,5.213766166808044,5.020537866367631e+28
152.90000000000018,11.181899016040724,5.210453516503158,5.005324638301043e+28
153.90000000000018,11.181333621487227,5.2071638418231085,4.990256234134808e+28
154.90000000000018,11.180770995179317,5.203896833840813,4.975330347534105e+28
155.90000000000018,11.180211105969247,5.200652189753179,4.960544723476141e+28
156.90000000000018,11.17965392325691,5.197429612721233,4.945897156788229e+28
157.90000000000018,11.179099416976781,5.194228811715403,4.931385490736535e+28
158.90000000000018,11.17854755758527,5.1910495013657725,4.917007615663408e+28
159.90000000000018,11.177998316048429,5.187891401817121,4.902761467671358e+28
160.90000000000018,11.177451663830032,5.184754238588539,4.888645027351775e+28
161.90000000000018,11.17690757288001,5.181637742437479,4.874656318556619e+28
162.90000000000018,11.17636601562322,5.178541649228067,4.860793407211365e+28
163.90000000000018,11.175826964948541,5.175465699803498,4.847054400167571e+28
164.90000000000018,11.175290394198287,5.172409639862388,4.833437444093536e+28
165.90000000000018,11.174756277157924,5.169373219838927,4.819940724401518e+28
166.90000000000018,11.174224588046075,5.166356194786685,4.806562464210145e+28
167.90000000000018,11.173695301504821,5.163358324265956,4.793300923340621e+28
168.90000000000018,11.173168392590267,5.160379372234508,4.780154397345458e+28
169.90000000000018,11.172643836763367,5.1574191069415924,4.7671212165684785e+28
170.90000000000018,11.17212160988102,5.154477300825134,4.754199745234916e+28
171.90000000000018,11.1716016881874,5.151553730411962,4.741388380570476e+28
172.90000000000018,11.171084048305534,5.1486481762209895,4.728685551948262e+28
173.90000000000018,11.170568667229107,5.14576042266923,4.716089720062557e+28
174.90000000000018,11.170055522314481,5.142890257980538,4.7035993761284325e+28
175.90000000000018,11.169544591272953,5.140037474097026,4.691213041106264e+28
176.90000000000018,11.169035852163194,5.1372018665930055,4.678929264950222e+28
177.90000000000018,11.16852928338392,5.134383234591414,4.666746625879878e+28
178.90000000000018,11.168024863666727,5.1315813806826025,4.654663729674079e+28
179.90000000000018,11.16752257206914,5.128796110845457,4.642679208986304e+28
180.90000000000018,11.16702238796784,5.126027234370703,4.630791722680717e+28
181.90000000000018,11.166524291052054,5.123274563786391,4.618999955188194e+28
182.90000000000018,11.166028261317138,5.1205379147854515,4.6073026158816045e+28
183.90000000000018,11.165534279058312,5.117817106155241,4.595698438469685e+28
184.90000000000018,11.16504232486456,5.115111959709049,4.58418618040884e+28
185.90000000000018,11.164552379612694,5.1124223002194835,4.572764622332253e+28
186.90000000000018,11.164064424461554,5.109747955353665,4.561432567495709e+28
187.90000000000018,11.163578440846367,5.107088755610169,4.550188841239545e+28
188.90000000000018,11.16309441047325,5.104444534257706,4.539032290466192e+28
189.90000000000018,11.162612315313837,5.101815127275392,4.527961783132756e+28
190.90000000000018,11.162132137600056,5.099200373294671,4.516976207758148e+28
191.90000000000018,11.161653859819024,5.096600113542745,4.506074472944256e+28
192.90000000000018,11.161177464708079,5.0940141917875,4.495255506910701e+28
193.90000000000018,11.160702935249919,5.091442454283902,4.484518257042718e+28
194.90000000000018,11.160230254667876,5.088884749721761,4.473861689451719e+28
195.90000000000018,11.159759406421298,5.086340929174897,4.463284788548135e+28
196.90000000000018,11.159290374201031,5.083810846051569,4.452786556626124e+28
197.90000000000018,11.158823141925037,5.0812943560462305,4.442366013459749e+28
198.90000000000018,11.15835769373409,5.078791317092493,4.432022195910269e+28
199.90000000000018,11.157894013987589,5.076301589317293,4.42175415754418e+28
200.90000000000018,11.157432087259467,5.073825034996223,4.41156096826164e+28
201.90000000000018,11.156971898334197,5.071361518509992,4.40144171393498e+28
202.90000000000018,11.156513432202889,5.068910906301985,4.391395496056941e+28
203.90000000000018,11.156056674059482,5.066473066836862,4.381421431398366e+28
204.90000000000018,11.155601609297019,5.064047870560205,4.371518651675013e+28
205.90000000000018,11.155148223504021,5.061635189859171,4.361686303223229e+28
206.90000000000018,11.154696502460926,5.059234899024089,4.351923546684197e+28
207.90000000000018,11.154246432136622,5.056846874211013,4.342229556696486e+28
208.90000000000018,11.153797998685059,5.054470993405193,4.332603521596655e+28
209.90000000000018,11.153351188441931,5.052107136385419,4.323044643127652e+28
210.90000000000018,11.152905987921441,5.049755184689243,4.313552136154793e+28
211.90000000000018,11.152462383813127,5.047415021579012,4.3041252283890424e+28
212.90000000000018,11.152020362978776,5.045086532008751,4.294763160117432e+28
213.90000000000018,11.151579912449392,5.042769602591795,4.2854651839403565e+28
214.90000000000018,11.151141019422237,5.040464121569216,4.276230564515557e+28
215.90000000000018,11.150703671257936,5.038169978778985,4.2670585783085955e+28
216.90000000000018,11.150267855477649,5.035887065625857,4.257948513349616e+28
217.90000000000018,11.1498335597603,5.0336152750519645,4.248899668996214e+28
218.90000000000018,11.149400771939867,5.0313545015080905,4.239911355702228e+28
219.90000000000018,11.148969480002735,5.029104640925609,4.230982894792288e+28
220.90000000000018,11.148539672085104,5.026865590689078,4.222113618241933e+28
221.90000000000018,11.148111336470446,5.024637249609455,4.213302868463163e+28
222.90000000000018,11.14768446158703,5.022419517897922,4.204549998095243e+28
223.90000000000018,11.147259036005483,5.020212297140313,4.195854369800621e+28
224.90000000000018,11.146835048436419,5.018015490272122,4.187215356065804e+28
225.90000000000018,11.146412487728105,5.01582900155406,4.1786323390070596e+28
226.90000000000018,11.145991342864184,5.013652736548183,4.170104710180805e+28
227.90000000000018,11.145571602961443,5.011486602094539,4.161631870398533e+28
228.90000000000018,11.145153257267626,5.009330506288331,4.15321322954617e+28
229.90000000000018,11.144736295159294,5.007184358457593,4.144848206407733e+28
230.90000000000018,11.144320706139727,5.005048069141367,4.136536228493151e+28
231.90000000000018,11.143906479836874,5.0029215500683435,4.12827673187016e+28
232.90000000000018,11.143493606001341,5.000804714135974,4.120069161000142e+28
233.90000000000018,11.143082074504418,4.998697475390044,4.111912968577794e+28
234.90000000000018,11.14267187533615,4.9965997490046785,4.103807615374541e+28
235.90000000000018,11.142262998603448,4.994511451262795,4.095752570085575e+28
236.90000000000018,11.14185543452823,4.9924324995369584,4.087747309180417e+28
237.90000000000018,11.141449173445611,4.990362812270661,4.079791316756934e+28
238.90000000000018,11.141044205802121,4.988302308959991,4.07188408439867e+28
239.90000000000018,11.140640522153953,4.986250910135691,4.06402511103546e+28
240.90000000000018,11.140238113165266,4.984208537345612,4.0562139028071775e+28
241.90000000000018,11.139836969606494,4.982175113137506,4.048449972930591e+28
242.90000000000018,11.139437082352712,4.980150561042208,4.040732841569193e+28
243.90000000000018,11.139038442382024,4.9781348055571595,4.033062035705967e+28
244.90000000000018,11.138641040773974,4.97612777213027,4.025437089018984e+28
245.90000000000018,11.138244868708005,4.974129387144108,4.017857541759769e+28
246.90000000000018,11.137849917461937,4.972139577900441,4.010322940634361e+28
247.90000000000018,11.137456178410472,4.970158272605069,4.002832838687002e+28
248.90000000000018,11.137063643023739,4.968185400352978,3.995386795186369e+28
249.90000000000018,11.13667230286585,4.9662208911137995,3.987984375514311e+28
250.90000000000018,11.136282149593503,4.964264675717551,3.980625151056999e+28
251.90000000000018,11.135893174954594,4.962316685840689,3.973308699098442e+28
252.90000000000018,11.135505370786866,4.960376853992416,3.966034602716311e+28
253.90000000000018,11.135118729016577,4.958445113501281,3.9588024506799977e+28
254.90000000000018,11.134733241657198,4.956521398502036,3.9516118373508694e+28
255.90000000000018,11.134348900808133,4.954605643922768,3.9444623625846476e+28
256.9000000000002,11.13396569865346,4.952697785472267,3.9373536316358657e+28
257.9000000000002,11.133583627460702,4.9507977596276636,3.9302852550643603e+28
258.9000000000002,11.13320267957961,4.948905503622287,3.923256848643726e+28
259.9000000000002,11.132822847440977,4.947020955433784,3.9162680332717037e+28
260.9000000000002,11.13244412355548,4.945144053772454,3.9093184348824478e+28
261.9000000000002,11.13206650051252,4.943274738069823,3.9024076843606174e+28
262.9000000000002,11.131689970979107,4.9414129484674225,3.8955354174572633e+28
263.9000000000002,11.13131452769875,4.939558625805796,3.888701274707453e+28
264.9000000000002,11.13094016349038,4.937711711613728,3.8819049013495964e+28
265.9000000000002,11.130566871247273,4.935872148097645,3.875145947246433e+28
266.9000000000002,11.130194643936017,4.934039878131253,3.868424066807633e+28
267.9000000000002,11.12982347459547,4.932214845245358,3.861738918913984e+28
268.9000000000002,11.129453356335766,4.930396993617883,3.855090166843115e+28
269.9000000000002,11.129084282337312,4.928586268064059,3.8484774781967297e+28
270.9000000000002,11.128716245849814,4.926782614026819,3.841900524829299e+28
271.9000000000002,11.128349240191328,4.924985977567369,3.835358982778202e+28
272.9000000000002,11.127983258747312,4.923196305355921,3.828852532195253e+28
273.9000000000002,11.127618294969704,4.921413544662611,3.822380857279604e+28
274.9000000000002,11.127254342376013,4.919637643348585,3.8159436462119774e+28
275.9000000000002,11.126891394548428,4.917868549857239,3.8095405910902064e+28
276.9000000000002,11.126529445132944,4.916106213205642,3.8031713878660417e+28
277.9000000000002,11.126168487838488,4.914350582976077,3.796835736283209e+28
278.9000000000002,11.125808516436086,4.912601609307785,3.7905333398166754e+28
279.9000000000002,11.125449524758022,4.910859242888822,3.7842639056131037e+28
280.9000000000002,11.125091506697018,4.909123434948075,3.778027144432467e+28
281.9000000000002,11.124734456205434,4.90739413724743,3.771822770590797e+28
282.9000000000002,11.124378367294472,4.9056713020740705,3.765650501904032e+28
283.9000000000002,11.124023234033402,4.903954882232923,3.7595100596329554e+28
284.9000000000002,11.12366905054879,4.902244831039221,3.7534011684291832e+28
285.9000000000002,11.123315811023751,4.900541102311224,3.7473235562821917e+28
286.9000000000002,11.12296350969721,4.898843650363051,3.741276954467348e+28
287.9000000000002,11.122612140863165,4.897152429997641,3.7352610974949305e+28
288.9000000000002,11.122261698869984,4.895467396499846,3.729275723060115e+28
289.9000000000002,11.121912178119693,4.893788505629638,3.7233205719939032e+28
290.9000000000002,11.121563573067283,4.892115713615429,3.7173953882149734e+28
291.9000000000002,11.12121587822003,4.890448977147531,3.711499918682432e+28
292.9000000000002,11.120869088136827,4.888788253371698,3.70563391334945e+28
293.9000000000002,11.12052319742752,4.8871334998828,3.699797125117759e+28
303.9000000000002,11.117112605213517,4.870905310602444,3.6429838429836812e+28
313.9000000000002,11.113786375867587,4.855230612614795,3.588840736893372e+28
323.9000000000002,11.11053986740582,4.8400735289334325,3.5371630719234455e+28
333.9000000000002,11.107368827112948,4.825401533523111,3.4877675202983402e+28
343.9000000000002,11.104269348326099,4.811185048414784,3.4404893610545307e+28
353.9000000000002,11.101237833123005,4.797397099438232,3.3951801153595733e+28
363.9000000000002,11.098270959965223,4.784013020646105,3.3517055395203743e+28
373.9000000000002,11.095365655521274,4.771010199407773,3.3099439133933537e+28
383.9000000000002,11.092519070033203,4.75836785565,3.2697845741058984e+28
393.9000000000002,11.089728555700951,4.7460668499086385,3.2311266545560693e+28
403.9000000000002,11.086991647648121,4.734089515802323,3.1938779936985774e+28
413.9000000000002,11.084306047105054,4.722419513298809,3.157954191613768e+28
423.9000000000002,11.081669606503935,4.711041699757912,3.1232777871415684e+28
433.9000000000002,11.079080316228891,4.6999420162325745,3.0897775397082355e+28
443.9000000000002,11.076536292803635,4.689107386915762,3.05738780008181e+28
453.9000000000002,11.074035768332042,4.678525629953892,3.026047957317175e+28
463.9000000000002,11.071577081034272,4.668185378121889,2.9957019512132434e+28
473.9000000000002,11.069158666743743,4.65807600808207,2.9662978412960757e+28
483.9000000000002,11.066779051249307,4.648187577137929,2.9377874247355365e+28
493.9000000000002,11.06443684338302,4.63851076655143,2.910125896756717e+28
503.9000000000002,11.062130728767332,4.629036830624611,2.8832715480661955e+28
513.9000000000002,11.059859464147083,4.619757550857363,2.8571854946132444e+28
523.9000000000002,11.057621872241308,4.61066519458713,2.831831435676264e+28
533.9000000000002,11.055416837058264,4.601752477595726,2.8071754368280767e+28
543.9000000000002,11.053243299624128,4.593012530236134,2.783185734808996e+28
553.9000000000002,11.051100254081971,4.584438866689728,2.7598325617388606e+28
563.9000000000002,11.048986744122814,4.576025357013695,2.73708798644086e+28
573.9000000000002,11.046901859715168,4.56776620168076,2.7149257709409656e+28
583.9000000000002,11.044844734103336,4.559655908349708,2.693321240455416e+28
593.9000000000002,11.0428145410482,4.551689270636631,2.6722511653917443e+28
603.9000000000002,11.040810492287175,4.5438613486839765,2.65169365407186e+28
613.9000000000002,11.038831835192589,4.536167451348117,2.6316280550434213e+28
623.9000000000002,11.036877850610038,4.5286031198465615,2.6120348679819175e+28
633.9000000000002,11.034947850860222,4.521164112723877,2.5928956623038666e+28
643.9000000000002,11.033041177889535,4.5138463920109775,2.574193002713871e+28
653.9000000000002,11.031157201556208,4.506646110466072,2.5559103809973867e+28
663.9000000000002,11.029295318040159,4.4995595997975855,2.5380321534487103e+28
673.9000000000002,11.027454948365886,4.49258335977991,2.520543483391584e+28
683.9000000000002,11.02563553702885,4.485714048182118,2.50343028830925e+28
693.9000000000002,11.023836550716656,4.478948471437975,2.486679191152968e+28
703.9000000000002,11.02205747711726,4.472283575992844,2.470277475443869e+28
713.9000000000002,11.020297823807109,4.465716440269507,2.454213043823437e+28
723.9000000000002,11.018557117212826,4.459244267200617,2.438474379743586e+28
733.9000000000002,11.016834901640625,4.452864377280601,2.4230505120188238e+28
743.9000000000002,11.015130738368184,4.446574202094276,2.4079309819909547e+28
753.9000000000002,11.01344420479417,4.440371278283598,2.3931058130815556e+28
763.9000000000002,11.011774893641054,4.4342532419174425,2.378565482529492e+28
773.9000000000002,11.010122412207199,4.428217823232597,2.3643008951303736e+28
783.9000000000002,11.008486381664625,4.422262841717051,2.3503033588123203e+28
793.9000000000002,11.006866436399068,4.41638620150921,2.3365645618980547e+28
803.9000000000002,11.00526222338933,4.410585887089068,2.323076551917285e+28
813.9000000000002,11.00367340162309,4.404859959239373,2.30983171584588e+28
823.9000000000002,11.002099641546632,4.399206551256811,2.2968227616595356e+28
833.9000000000002,11.000540624546138,4.393623865394883,2.2840427010997485e+28
843.9000000000002,10.998996042458362,4.388110169521696,2.2714848335589316e+28
853.9000000000002,10.997465597108711,4.382663793977336,2.2591427309997286e+28
863.9000000000002,10.99594899987489,4.377283128616659,2.2470102238308988e+28
873.9000000000002,10.994445971274418,4.371966620024606,2.2350813876688213e+28
883.9000000000002,10.992956240574443,4.3667127688920875,2.223350530919661e+28
893.9000000000002,10.99147954542244,4.361520127541484,2.2118121831226945e+28
903.9000000000002,10.990015631496414,4.35638729759167,2.200461084000202e+28
913.9000000000002,10.988564252173415,4.3513129277532165,2.1892921731638142e+28
923.9000000000002,10.987125168215183,4.346295711745203,2.178300580431266e+28
933.9000000000002,10.985698147469892,4.3413343863256735,2.167481616711188e+28
943.9000000000002,10.984282964588976,4.336427729428401,2.1568307654169334e+28
953.9000000000002,10.982879400758156,4.331574558399144,2.1463436743734967e+28
963.9000000000002,10.981487243441782,4.326773728325122,2.1360161481843743e+28
973.9000000000002,10.980106286139723,4.322024130451849,2.1258441410277528e+28
983.9000000000002,10.978736328156064,4.317324690681916,2.115823749853757e+28
993.9000000000002,10.97737717437891,4.312674368150702,2.105951207956604e+28
1003.9000000000002,10.976029524504337,4.308073350027826,2.0871203844327345e+28
1013.9000000000002,10.974703458233309,4.303534457236259,2.0546785591217945e+28
1023.9000000000002,10.973400732597927,4.299059332078991,2.023052035146522e+28
1033.9,10.972120700607725,4.294646405501339,1.9922126572855098e+28
1043.9,10.970862739553553,4.290294162744308,1.9621335022810256e+28
1053.9,10.969626249864259,4.2860011409422185,1.9327888137862245e+28
1063.9,10.96841065402788,4.281765926849122,1.904153941324978e+28
1073.9,10.967215395573103,4.277587154685939,1.8762052829818475e+28
1083.9,10.966039938107093,4.273463504100793,1.8489202315620323e+28
1093.9,10.964883764406046,4.2693936982355805,1.82227712398147e+28
1103.9,10.963746375555138,4.265376501892318,1.7962551936658725e+28
1113.9,10.962627290134717,4.261410719793215,1.7708345257544563e+28
1123.9,10.961526043449892,4.257495194928879,1.7459960149196953e+28
1133.9,10.96044218680077,4.253628806989404,1.7217213256286591e+28
1143.9,10.959375286790918,4.249810470873499,1.6979928546845433e+28
1153.9,10.95832492467165,4.246039135271094,1.6747936958989843e+28
1163.9,10.957290695720047,4.242313781315167,1.6521076067567228e+28
1173.9,10.956272208648636,4.238633421298859,1.6299189769442835e+28
1183.9,10.955269085044897,4.234997097454167,1.6082127986236123e+28
1193.9,10.954280958838815,4.231403880788722,1.5869746383401525e+28
1203.9,10.953307475796867,4.227852869977454,1.5661906104626873e+28
1213.9,10.952348293040897,4.224343190306083,1.5458473520595377e+28
1223.9,10.951403078590465,4.220873992663595,1.525931999122349e+28
1233.9,10.950471510927347,4.217444452581056,1.506432164054888e+28
1243.9,10.949553278580915,4.214053769314252,1.4873359143499294e+28
1253.9,10.948648079733253,4.210701164967821,1.4686317523825778e+28
1263.9,10.947755621842909,4.207385883658657,1.4503085962532205e+28
1273.9,10.946875621286244,4.20410719071654,1.4323557616177907e+28
1283.9,10.94600780301546,4.200864371920055,1.4147629444471857e+28
1293.9,10.945151900232347,4.197656732765939,1.3975202046615244e+28
1303.9,10.944307654076962,4.194483597770169,1.3806179505884963e+28
1313.9,10.943474813330411,4.191344309799177,1.3640469241983654e+28
1323.9,10.942653134131001,4.18823822942964,1.3477981870712545e+28
1333.9,10.941842379703061,4.185164734335426,1.3318631070551878e+28
1343.9,10.941042320097772,4.182123218700363,1.3162333455760102e+28
1353.9,10.94025273194539,4.179113092655529,1.3009008455627677e+28
1363.9,10.939473398218277,4.176133781739857,1.2858578199544116e+28
1373.9,10.938704108004181,4.173184726382951,1.2710967407558213e+28
1383.9,10.937944656289268,4.170265381409008,1.25661032861312e+28
1393.9,10.937194843750406,4.167375215560861,1.2423915428801025e+28
1403.9,10.936454476556234,4.164513711043148,1.2284335721493093e+28
1413.9,10.9357233661766,4.161680363083759,1.21472982522289e+28
1423.9,10.935001329199942,4.1588746795126355,1.2012739224998892e+28
1433.9,10.934288187158241,4.156096180357182,1.1880596877579843e+28
1443.9,10.933583766359167,4.15334439745347,1.1750811403090119e+28
1453.9,10.932887897725072,4.150618874072526,1.162332487508827e+28
1463.9,10.93220041663853,4.147919164561044,1.1498081176031901e+28
1473.9,10.931521162794075,4.145244833995804,1.1375025928924273e+28
1483.9,10.93084998005588,4.142595457851261,1.1254106431986173e+28
1493.9,10.93018671632108,4.139970621679646,1.1135271596199787e+28
1503.9,10.929531223388482,4.137369920803062,1.1018471885580125e+28
1513.9,10.92888335683243,4.134792960017052,1.0903659260037692e+28
1523.9,10.928242975881558,4.132239353305099,1.0790787120703713e+28
1533.9,10.927609943302242,4.129708723563629,1.0679810257596475e+28
1543.9,10.926984125286515,4.12720070233703,1.0570684799514078e+28
1553.9,10.926365391344262,4.124714929562268,1.046336816604512e+28
1563.9,10.925753614199497,4.12225105332271,1.035781902159491e+28
1573.9,10.925148669690534,4.119808729610729,1.0253997231330288e+28
1583.9,10.924550436673902,4.1173876220987395,1.0151863818951387e+28
1593.9,10.923958796931819,4.114987401918331,1.0051380926203644e+28
1603.9,10.923373635083083,4.112607747447119,9.952511774047911e+27
1613.9,10.922794838497234,4.110248344103049,9.855220625410966e+27
1623.9,10.922222297211835,4.10790888414579,9.759472749442771e+27
1633.9,10.921655903852756,4.105589066484982,9.665234387210684e+27
1643.9,10.921095553557315,4.103288596495023,9.572472718764488e+27
1653.9,10.92054114390018,4.101007185836152,9.481155831509537e+27
1663.9,10.919992574821897,4.09874455228157,9.391252689828483e+27
1673.9,10.919449748559934,4.096500419550357,9.302733105895192e+27
1683.9,10.91891256958216,4.094274517145967,9.21556771162723e+27
1693.9,10.918380944522633,4.092066580200063,9.129727931726076e+27
1703.9,10.91785478211962,4.0898763493215,9.045185957756745e+27
1713.9,10.91733399315575,4.087703570450257,8.961914723220931e+27
1723.9,10.916818490400217,4.08554799471611,8.879887879580049e+27
1733.9,10.916308188552954,4.083409378301889,8.799079773186731e+27
1743.9,10.915803004190689,4.081287482311116,8.719465423085328e+27
1753.9,10.915302855714835,4.079182072639897,8.641020499643954e+27
1763.9,10.914807663301097,4.077092919852856,8.563721303982364e+27
1773.9,10.91431734885078,4.0750197990630115,8.487544748161733e+27
1783.9,10.913831835943688,4.072962489815415,8.412468336104008e+27
1793.9,10.913351049792583,4.070920775974425,8.338470145210042e+27
1803.9,10.912874917199131,4.068894445614477,8.26552880864722e+27
1813.9,10.91240336651128,4.066883290914239,8.193623498278602e+27
1823.9,10.911936327582008,4.064887108053997,8.122733908207014e+27
1833.9,10.911473731729416,4.062905697116186,8.052840238908656e+27
1843.9,10.911015511698071,4.060938861988943,7.983923181932071e+27
1853.9,10.910561601621602,4.058986410272551,7.915963905139371e+27
1863.9,10.910111936986457,4.057048153188713,7.848944038467708e+27
1873.9,10.909666454596824,4.055123905492529,7.78284566018997e+27
1883.9,10.90922509254062,4.053213485387075,7.717651283654676e+27
1893.9,10.908787790156563,4.051316714440515,7.653343844485855e+27
1903.9,10.908354488002248,4.049433417505645,7.589906688224702e+27
1913.9,10.90792512782321,4.04756342264179,7.527323558395474e+27
1923.9,10.907499652522933,4.045706561038956,7.465578584978978e+27
1933.9,10.907078006133768,4.043862666944186,7.404656273277665e+27
1943.9,10.906660133788739,4.042031577590038,7.344541493157119e+27
1953.9,10.906245981694195,4.040213133125091,7.285219468649322e+27
1963.9,10.905835497103277,4.038407176546439,7.226675767903782e+27
1973.9,10.905428628290181,4.036613553634091,7.168896293473162e+27
1983.9,10.905025324525182,4.034832112887215,7.111867272920666e+27
1993.9,10.904625536050395,4.033062705462179,7.055575249736951e+27
2003.9,10.904229214056247,4.031305185112297,7.000007074554883e+27
2013.9,10.903836310658638,4.029559408129263,6.94514989665094e+27
2023.9,10.903446778876763,4.027825233286194,6.890991155722539e+27
2033.9,10.90306057261157,4.026102521782226,6.837518573931027e+27
2043.9,10.902677646624854,4.024391137188637,6.784720148200474e+27
2053.9,10.902297956518927,4.022690945396425,6.732584142762871e+27
2063.9,10.901921458716886,4.0210018145653,6.681099081940671e+27
2073.9,10.901548110443429,4.019323615074054,6.630253743158024e+27
2083.9,10.901177869706212,4.017656219472251,6.580037150172393e+27
2093.9,10.900810695277737,4.015999502433213,6.530438566518579e+27
2103.9,10.90044654667774,4.014353340708238,6.481447489157526e+27
2113.9,10.90008538415606,4.012717613082036,6.433053642322561e+27
2123.9,10.899727168676003,4.01109220032933,6.385246971556028e+27
2133.9,10.89937186189814,4.0094769851725856,6.338017637929584e+27
2143.9,10.899019426164566,4.007871852240848,6.291356012441644e+27
2153.9,10.898669824483575,4.006276688029629,6.245252670585767e+27
2163.9,10.898323020514765,4.004691380861852,6.199698387083997e+27
2173.9,10.89797897855453,4.003115820849757,6.15468413077941e+27
2183.9,10.897637663521955,4.001549899857819,6.110201059682364e+27
2193.9,10.897299040945075,3.999993511466574,6.066240516165129e+27
2203.9,10.896963076947513,3.9984465509373837,6.022794022299802e+27
2213.9,10.896629738235461,3.996908915178063,5.979853275334635e+27
2223.9,10.896298992085013,3.995380502709384,5.93741014330402e+27
2233.9,10.895970806329823,3.9938612136324063,5.895456660767637e+27
2243.9,10.89564514934909,3.9923509495966174,5.853985024674392e+27
2253.9,10.895321990055855,3.9908496137688614,5.812987590346955e+27
2263.9,10.895001297885601,3.9893571108030326,5.772456867582868e+27
2273.9,10.894683042785145,3.9878733468104977,5.732385516868333e+27
2283.9,10.894367195201816,3.986398229331261,5.692766345700962e+27
2293.9,10.894053726072915,3.9849316673058013,5.653592305017874e+27
2303.9,10.89374260681543,3.983473571047609,5.614856485725689e+27
2313.9,10.893433809316022,3.982023852216368,5.576552115329078e+27
2323.9,10.893127305921265,3.9805824237917915,5.538672554654671e+27
2333.9,10.892823069428122,3.979149200048072,5.50121129466721e+27
2343.9,10.892521073074667,3.977724096528938,5.464161953374977e+27
2353.9,10.892221290531028,3.976307030023296,5.427518272821638e+27
2363.9,10.89192369589057,3.974897918541458,5.39127411616171e+27
2373.9,10.891628263661282,3.9734966812919064,5.355423464817006e+27
2383.9,10.891334968757375,3.9721032386586117,5.319960415711478e+27
2393.9,10.8910437864911,3.9707175121788754,5.284879178581965e+27
2403.9,10.890754692564744,3.9693394245216784,5.250174073362488e+27
2413.9,10.890467663062847,3.9679688994665354,5.215839527639752e+27
2423.9,10.890182674444572,3.966605861882822,5.181870074177646e+27
2433.9,10.889899703536297,3.9652502377095846,5.148260348508597e+27
2443.9,10.889618727524352,3.9639019539358067,5.1150050865897e+27
2453.9,10.889339723947947,3.9625609385811043,5.082099122521624e+27
2463.9,10.889062670692262,3.961227120676885,5.049537386328381e+27
2473.9,10.888787545981707,3.9599004302479055,5.017314901796064e+27
2483.9,10.888514328373327,3.958580798294249,4.985426784368797e+27
2493.9,10.888242996750376,3.957268156773705,4.953868239100122e+27
2503.9,10.887973530316033,3.955962438584534,4.9226345586581705e+27
2513.9,10.887705908587268,3.954663577548622,4.8917211213829877e+27
2523.9,10.887440111388843,3.9533715083949863,4.8611233893944594e+27
2533.9,10.887176118847465,3.9520861667436704,4.830836906749306e+27
2543.9,10.886913911386058,3.950807489089952,4.800857297645704e+27
2553.9,10.886653469718176,3.9495354127889297,4.7711802646741133e+27
2563.9,10.886394774842541,3.948269876040424,4.7418015871129547e+27
2573.9,10.886137808037706,3.947010817874202,4.7127171192677964e+27
2583.9,10.885882550856829,3.945758178135526,4.683922788852806e+27
2593.9,10.885628985122585,3.944511897471006,4.6554145954132036e+27
2603.9,10.885377092922173,3.9432719173147586,4.6271886087875506e+27
2613.9,10.88512685660244,3.942038179874846,4.5992409676086934e+27
2623.9,10.884878258765122,3.940810628120021,4.5715678778422763e+27
2633.9,10.884631282262175,3.939589205766727,4.5441656113617105e+27
2643.9,10.884385910191227,3.9383738572663938,4.51703050455859e+27
2653.9,10.884142125891115,3.9371645277929765,4.490158956987509e+27
2663.9,10.883899912937526,3.9359611632307723,4.4635474300443304e+27
2673.9,10.883659255138737,3.934763710162474,4.4371924456769415e+27
2683.9,10.883420136531438,3.933572115857476,4.411090585127589e+27
2693.9,10.883182541376657,3.9323863282604274,4.3852384877058985e+27
2703.9,10.882946454155762,3.931206295980001,4.3596328495917275e+27
2713.9,10.882711859566559,3.9300319682779117,4.33427042266701e+27
2723.9,10.882478742519462,3.928863295058142,4.3091480133757985e+27
2733.9,10.882247088133758,3.9277002268563934,4.2842624816117055e+27
2743.9,10.882016881733941,3.9265427148297487,4.2596107396320103e+27
2753.9,10.881788108846132,3.9253907107465444,4.2351897509976787e+27
2763.9,10.881560755194563,3.9242441669764343,4.2109965295385925e+27
2773.9,10.881334806698147,3.9231030364806636,4.1870281383433054e+27
2783.9,10.881110249467115,3.921967272802537,4.16328168877265e+27
2793.9,10.880887069799723,3.9208368300580614,4.139754339496557e+27
2803.9,10.880665254179023,3.919711662926784,4.1164432955534507e+27
2813.9,10.880444789269712,3.9185917266428065,4.0933458074316256e+27
2823.9,10.880225661915036,3.9174769769859803,4.070459170172e+27
2833.9,10.880007859133764,3.9163673702732664,4.0477807224916866e+27
2843.9,10.879791368117216,3.915262863350261,4.025307845927825e+27
2853.9,10.879576176226363,3.914163413582895,4.00303796400113e+27
2863.9,10.87936227098898,3.913068978849289,3.9809685413986425e+27
2873.9,10.879149640096848,3.9119795175317575,3.959097083175175e+27
2883.9,10.878938271403035,3.9108949885089777,3.9374211339729587e+27
2893.9,10.878728152919205,3.909815351148296,3.9159382772590186e+27
2903.9,10.878519272813005,3.9087405652981966,3.894646134579814e+27
2913.9,10.878311619405487,3.907670591280894,3.87354236483269e+27
2923.9,10.87810518116859,3.906605389885078,3.852624663553718e+27
2933.9,10.877899946722668,3.90554492235879,3.831890762221483e+27
2943.9,10.87769590483407,3.9044891504024317,3.811338427576427e+27
2953.9,10.87749304441277,3.9034380361619143,3.790965460955335e+27
2963.9,10.877291354510033,3.9023915422219204,3.7707696976405865e+27
2973.9,10.877090824316138,3.901349631599294,3.750749006223788e+27
2983.9,10.876891443158142,3.9003122677365685,3.7309012879834305e+27
2993.9,10.876693200497682,3.899279414495592,3.711224476276208e+27
3003.9,10.876496085928832,3.898251036151283,3.691716535941661e+27
3013.9,10.876300089175984,3.8972270973854934,3.672375462719805e+27
3023.9,10.876105200091791,3.8962075632809925,3.653199282681421e+27
3033.9,10.875911408655128,3.8951923993155484,3.634186051670687e+27
3043.9,10.875718704969104,3.8941815713561243,3.615333854759854e+27
3053.9,10.875527079259115,3.8931750456531766,3.596640805715657e+27
3063.9,10.875336521870924,3.892172788835059,3.578105046477177e+27
3073.9,10.875147023268783,3.8911747679025193,3.5597247466448677e+27
3083.9,10.874958574033592,3.890180950223308,3.541498102980481e+27
3093.9,10.874771164861087,3.8891913035268653,3.5234233389176114e+27
3103.9,10.87458478656007,3.8882057958991147,3.5054987040826124e+27
3113.9,10.874399430050664,3.887224395777349,3.4877224738256285e+27
3123.9,10.874215086362598,3.8862470719451934,3.47009294876149e+27
3133.9,10.874031746633545,3.885273793527677,3.4526084543202483e+27
3143.9,10.873849402107458,3.8843045299863728,3.435267340307105e+27
3153.9,10.87366804413297,3.8833392511146303,3.4180679804715127e+27
3163.9,10.873487664161793,3.8823779270328935,3.4010087720852354e+27
3173.9,10.873308253747176,3.881420528184098,3.3840881355291445e+27
3183.9,10.87312980454236,3.8804670253291382,3.3673045138885474e+27
3193.9,10.872952308299093,3.8795173895424298,3.3506563725568513e+27
3203.9,10.87277575686614,3.8785715922075332,3.3341421988473524e+27
3213.9,10.872600142187855,3.8776296050128667,3.3177605016129695e+27
3223.9,10.87242545630274,3.876691399947471,3.3015098108737374e+27
3233.9,10.872251691342063,3.8757569492968718,3.285388677451865e+27
3243.9,10.872078839528488,3.8748262256389943,3.269395672614197e+27
3253.9,10.871906893174717,3.873899201840151,3.2535293877218926e+27
3263.9,10.871735844682185,3.8729758510511005,3.2377884338871727e+27
3273.9,10.871565686539745,3.872056146703169,3.2221714416369455e+27
3283.9,10.871396411322404,3.8711400625044385,3.206677060583177e+27
3293.9,10.871228011690066,3.8702275724359962,3.191303959099839e+27
3303.9,10.871060480386301,3.8693186507482533,3.176050824006281e+27
3313.9,10.870893810237138,3.868413271957315,3.160916360256894e+27
3323.9,10.870727994149872,3.8675114108414164,3.145899290636899e+27
3333.9,10.870563025111903,3.8666130424374154,3.130998355464148e+27
3343.9,10.87039889618958,3.865718142037341,3.116212312296782e+27
3353.9,10.870235600527083,3.864826685185012,3.1015399356466165e+27
3363.9,10.870073131345313,3.8639386476726845,3.086980016698137e+27
3373.9,10.869911481940797,3.8630540055377804,3.072531363032966e+27
3383.9,10.869750645684624,3.862172735059651,3.0581927983596805e+27
3393.9,10.869590616021393,3.861294812756408,3.043963162248874e+27
3403.9,10.869431386468175,3.8604202153817853,3.0298413098733206e+27
3413.9,10.869272950613503,3.859548919922076,3.015826111753161e+27
3423.9,10.869115302116368,3.8586809035930987,3.001916453505964e+27
3433.9,10.86895843470524,3.8578161438372205,2.988111235601587e+27
3443.9,10.868802342177098,3.856954618320426,2.974409373121713e+27
3453.9,10.868647018396485,3.856096304929436,2.9608097955239604e+27
3463.9,10.868492457294577,3.8552411817688683,2.9473114464104764e+27
3473.9,10.868338652868257,3.85438922715844,2.933913283300905e+27
3483.9,10.868185599179219,3.853540419630223,2.920614277409647e+27
3493.9,10.868033290353077,3.8526947379259364,2.907413413427301e+27
3503.9,10.867881720578499,3.8518521609942833,2.894309689306217e+27
3513.9,10.867730884106338,3.8510126679883263,2.8813021160500557e+27
3523.9,10.867580775248795,3.850176238262904,2.868389717507274e+27
3533.9,10.86743138837859,3.8493428513720995,2.855571530168457e+27
3543.9,10.867282717928136,3.848512487066723,2.842846602967407e+27
3553.9,10.86713475838875,3.8476851252918665,2.830213997085915e+27
3563.9,10.866987504309845,3.846860746184458,2.8176727857621307e+27
3573.9,10.866840950298172,3.8460393300708917,2.8052220541024605e+27
3583.9,10.866695091017037,3.845220857464663,2.7928608988969156e+27
3593.9,10.866549921185563,3.84440530906406,2.7805884284378416e+27
3603.9,10.866405435577935,3.8435926657498767,2.7684037623419475e+27
3613.9,10.866261629022688,3.842782908583174,2.756306031375582e+27
3623.9,10.866118496401977,3.8419760188030634,2.7442943772831733e+27
3633.9,10.86597603265088,3.841171977824528,2.732367952618778e+27
3643.9,10.865834232756693,3.8403707672362746,2.720525920580663e+27
3653.9,10.865693091758262,3.839572368798625,2.708767454848872e+27
3663.9,10.865552604745295,3.838776764441428,2.697091739425702e+27
3673.9,10.865412766857713,3.8379839362620136,2.6854979684790377e+27
3683.9,10.865273573284991,3.837193866523171,2.6739853461884774e+27
3693.9,10.865135019265521,3.8364065376511522,2.662553086594204e+27
3703.9,10.864997100085976,3.8356219322337166,2.6512004134485357e+27
3713.9,10.864859811080693,3.8348400330182,2.639926560070106e+27
3723.9,10.864723147631063,3.8340608229096036,2.628730769200615e+27
3733.9,10.864587105164922,3.8332842849687245,2.61761229286411e+27
3743.9,10.864451679155968,3.8325104024103043,2.60657039222873e+27
3753.9,10.864316865123165,3.8317391586012066,2.5956043374708817e+27
3763.9,10.864182658630181,3.830970537058625,2.5847134076417736e+27
3773.9,10.864049055284813,3.830204521448308,2.573896890536291e+27
3783.9,10.863916050738435,3.8294410955828226,2.563154082564143e+27
3793.9,10.86378364068545,3.8286802434198344,2.552484288623235e+27
3803.9,10.863651820862742,3.8279219490604066,2.5418868219752474e+27
3813.9,10.863520587049157,3.8271661967473443,2.5313610041233446e+27
3823.9,10.863389935064966,3.826412970863534,2.5209061646919914e+27
3833.9,10.863259860771354,3.82566225593033,2.5105216413088337e+27
3843.9,10.863130360069919,3.8249140366059593,2.5002067794885955e+27
3853.9,10.863001428902157,3.8241682976839324,2.489960932518961e+27
3863.9,10.862873063248983,3.8234250240915064,2.479783461348393e+27
3873.9,10.862745259130234,3.822684200888136,2.4696737344758627e+27
3883.9,10.8626180126042,3.821945813263978,2.4596311278424404e+27
3893.9,10.862491319767143,3.8212098465383892,2.4496550247247196e+27
3903.9,10.862365176752842,3.8204762861584682,2.4397448156300364e+27
3913.9,10.86223957973213,3.8197451176976043,2.4298998981934484e+27
3923.9,10.862114524912442,3.819016326854046,2.420119677076439e+27
3933.9,10.86199000853738,3.818289899449502,2.4104035638673188e+27
3943.9,10.86186602688626,3.817565821427742,2.4007509769832832e+27
3953.9,10.861742576273695,3.8168440788532365,2.3911613415741013e+27
3963.9,10.861619653049166,3.8161246579098043,2.3816340894274015e+27
3973.9,10.861497253596598,3.815407544899277,2.3721686588755245e+27
3983.9,10.861375374333953,3.8146927262401906,2.3627644947039157e+27
3993.9,10.861254011712823,3.813980188466489,2.3534210480610218e+27
4003.9,10.861133162218026,3.8132699182262435,2.344137776369672e+27
4013.9,10.861012822367217,3.8125619022803985,2.3349141432399057e+27
4023.9,10.86089298871049,3.81185612750152,2.3257496183832304e+27
4033.9,10.860773657830002,3.8111525808725806,2.3166436775282728e+27
4043.9,10.860654826339593,3.8104512494857343,2.3075958023378044e+27
4053.9,10.860536490884408,3.8097521205411375,2.29860548032711e+27
4063.9,10.860418648140541,3.8090551813457676,2.289672204783681e+27
4073.9,10.86030129481466,3.8083604193122556,2.280795474688202e+27
4083.9,10.860184427643654,3.807667821957746,2.2719747946368096e+27
4093.9,10.860068043394287,3.806977376902762,2.263209674764603e+27
4103.9,10.859952138862845,3.806289071870096,2.254499630670376e+27
4113.9,10.859836710874793,3.805602894683705,2.245844183342555e+27
4123.9,10.859721756284443,3.80491883326762,2.237242859086318e+27
4133.9,10.859607271974616,3.8042368756448797,2.2286951894518697e+27
4143.9,10.859493254856314,3.803557009936472,2.2202007111638605e+27
4153.9,10.859379701868402,3.802879224360289,2.2117589660519177e+27
4163.9,10.859266609977283,3.8022035072300944,2.2033695009822745e+27
4173.9,10.859153976176586,3.80152984695451,2.19503186779048e+27
4183.9,10.859041797486856,3.8008582320360125,2.1867456232151622e+27
4193.9,10.85893007095525,3.8001886510699414,2.1785103288328321e+27
4203.9,10.85881879365523,3.7995210927435217,2.1703255509937068e+27
4213.9,10.85870796268627,3.7988555458348983,2.1621908607585355e+27
4223.9,10.858597575173558,3.798191999212184,2.1541058338364063e+27
4233.9,10.858487628267715,3.79753044183252,2.1460700505235213e+27
4243.9,10.858378119144499,3.7968708627411463,2.1380830956429192e+27
4253.9,10.85826904500453,3.7962132510704887,2.130144558485132e+27
4263.9,10.858160403073011,3.79555759603925,2.122254032749752e+27
4273.9,10.858052190599453,3.79490388695152,2.114411116487904e+27
4283.9,10.857944404857404,3.794252113195892,2.1066154120455947e+27
4293.9,10.857837043144185,3.793602264244596,2.0988665260079358e+27
4303.9,10.857730102780623,3.7929543296526336,2.091164069144213e+27
4313.9,10.857623581110795,3.792308299056934,2.083507656353797e+27
4323.9,10.85751747550177,3.791664162175516,2.0758969066128764e+27
4333.9,10.857411783343354,3.7910219088066572,2.0683314429219953e+27
4343.9,10.857306502047848,3.790381528828084,2.0608108922543907e+27
4353.9,10.857201629049795,3.7897430121961566,2.0533348855051064e+27
4363.9,10.857097161805738,3.789106348945079,2.0459030574408737e+27
4373.9,10.856993097793982,3.788471529186104,2.0385150466507478e+27
4383.9,10.856889434514358,3.787838543106771,2.031170495497483e+27
4393.9,10.85678616948799,3.787207380970125,2.0238690500696364e+27
4403.9,10.85668330025706,3.786578033113964,2.0166103601343868e+27
4413.9,10.85658082438459,3.78595048995009,2.009394079091055e+27
4423.9,10.856478739454209,3.785324741963575,2.0022198639253182e+27
4433.9,10.856377043069935,3.7847007797120225,1.9950873751641002e+27
4443.9,10.856275732855957,3.7840785938248493,1.9879962768311316e+27
4453.9,10.856174806456417,3.783458175002576,1.980946236403164e+27
4463.9,10.856074261535202,3.7828395140161213,1.973936924766832e+27
4473.9,10.855974095775728,3.78222260170611,1.9669680161761452e+27
4483.9,10.855874306880738,3.7816074289821784,1.960039188210609e+27
4493.9,10.855774892572091,3.780993986822305,1.9531501217339527e+27
4503.9,10.855675850590568,3.7803822662721376,1.9463005008534653e+27
4513.9,10.855577178695667,3.7797722584443285,1.9394900128799194e+27
4523.9,10.855478874665403,3.7791639545178826,1.93271834828808e+27
4533.9,10.855380936296124,3.778557345737514,1.9259852006777867e+27
4543.9,10.855283361402309,3.7779524234130015,1.9192902667355976e+27
4553.9,10.855186147816383,3.7773491789185645,1.912633246196987e+27
4563.9,10.85508929338853,3.7767476036922365,1.906013841809089e+27
4573.9,10.854992795986508,3.7761476892352475,1.8994317592939756e+27
4583.9,10.85489665349546,3.7755494271114154,1.8928867073124645e+27
4593.9,10.854800863817749,3.7749528089465514,1.8863783974284402e+27
4603.9,10.854705424872764,3.7743578264278614,1.8799065440736877e+27
4613.9,10.854610334596751,3.7737644713033522,1.8734708645132287e+27
4623.9,10.854515590942645,3.773172735381264,1.8670710788111478e+27
4633.9,10.85442119187989,3.772582610529491,1.8607069097969045e+27
4643.9,10.854327135394273,3.771994088675008,1.8543780830321249e+27
4653.9,10.854233419487759,3.771407161803326,1.848084326777859e+27
4663.9,10.85414004217832,3.7708218219579184,1.841825371962301e+27
4673.9,10.854047001499783,3.770238061239694,1.8356009521489658e+27
4683.9,10.853954295501655,3.7696558718064423,1.8294108035053087e+27
4693.9,10.853861922248976,3.769075245872307,1.8232546647717885e+27
4703.9,10.853769879822156,3.7684961757072517,1.8171322772313592e+27
4713.9,10.853678166316822,3.767918653636543,1.811043384679391e+27
4723.9,10.85358677984366,3.767342672040227,1.8049877333940083e+27
4733.9,10.853495718528272,3.766768223352631,1.7989650721068389e+27
4743.9,10.853404980511021,3.766195300061848,1.7929751519741715e+27
4753.9,10.853314563946883,3.765623894709243,1.7870177265485074e+27
4763.9,10.853224467005305,3.7650539998889583,1.7810925517505126e+27
4773.9,10.853134687870055,3.7644856082474285,1.7751993858413467e+27
4783.9,10.853045224739086,3.7639187124828957,1.769337989395381e+27
4793.9,10.852956075824391,3.7633533053449373,1.763508125273284e+27
4803.9,10.852867239351864,3.762789379633989,1.7577095585954817e+27
4813.9,10.852778713561168,3.7622269282008856,1.751942056715974e+27
4823.9,10.852690496705591,3.7616659439463973,1.7462053891965123e+27
4833.9,10.85260258705192,3.7611064198207758,1.7404993277811285e+27
4843.9,10.852514982880301,3.7605483488233014,1.7348236463710076e+27
4853.9,10.852427682484114,3.759991724001841,1.729178120999701e+27
4863.9,10.852340684169844,3.759436538452409,1.723562529808678e+27
4873.9,10.852253986256946,3.7588827853187254,1.7179766530232023e+27
4883.9,10.852167587077727,3.7583304577917964,1.7124202729285385e+27
4893.9,10.852081484977216,3.7577795491094794,1.7068931738464742e+27
4903.9,10.851995678313044,3.7572300525560665,1.7013951421121588e+27
4913.9,10.851910165455319,3.756681961461868,1.695925966051253e+27
4923.9,10.85182494478651,3.7561352692027983,1.6904854359573812e+27
4933.9,10.85174001470132,3.755589969199975,1.6850733440698875e+27
4943.9,10.85165537360658,3.755046054919309,1.679689484551884e+27
4953.9,10.851571019921119,3.7545035198711108,1.6743336534685945e+27
4963.9,10.85148695207566,3.753962357609693,1.6690056487659818e+27
4973.9,10.851403168512704,3.7534225617329873,1.6637052702496586e+27
4983.9,10.851319667686413,3.7528841258821544,1.658432319564078e+27
4993.9,10.851236448062505,3.7523470437412025,1.6531866001719972e+27
5003.9,10.85115350811814,3.751811309036614,1.6479679173342095e+27
