Time,Mass,Radius,Lx
23.0,5.4008044830316075,5.59,
24.000200964630224,5.33643230058847,5.206329678098442,
25.00040192926045,5.292879078545514,4.921936892936134,
26.000602893890672,5.261863378405189,4.70418688779294,
27.000803858520896,5.23889161121988,4.533008261376466,
28.00100482315112,5.221344813068134,4.3954919840084825,
29.001205787781345,5.207606000953218,4.283002378352979,
30.00140675241157,5.196628727017629,4.189564125882904,
31.001607717041793,5.187708889589151,4.1109217384072485,
32.00180868167202,5.1803570245877095,4.043968739236479,
33.00200964630224,5.17422333108255,3.986388604760787,
34.002210610932465,5.169051821470268,3.936421644068997,
35.00241157556269,5.164651278297935,3.892709354107899,
36.002612540192914,5.160876285542472,3.8541879008668367,
37.00281350482314,5.157614503011409,3.820013603859142,
38.00301446945336,5.154777924547843,3.7895097794122607,
39.003215434083586,5.152296745207183,3.76212815123163,
40.00341639871381,5.150114977075585,3.7374203920884432,
41.003617363344034,5.1481872617158775,3.715016836763824,
42.00381832797426,5.146476516982613,3.6946103529225094,
43.00401929260448,5.144952093170624,3.6759432726639036,
44.00422025723471,5.14353015808583,3.6582992878264027,
45.00442122186493,5.142144142884619,3.641103859484485,
46.004622186495155,5.140792404653531,3.624335995149312,
47.00482315112538,5.139473408742368,3.607976112820038,
48.0050241157556,5.138185719524153,3.592005918607551,
49.00522508038583,5.136927992116654,3.576408297274167,
50.00542604501605,5.135698964948076,3.5611672140931705,
51.005627009646275,5.134497453065939,3.5462676266570092,
52.0058279742765,5.133322342101915,3.531695405452358,
53.006028938906724,5.132172582817122,3.517437262180511,
54.00622990353695,5.131047186162296,3.5034806849374123,
55.00643086816717,5.129945218795737,3.4898138794832763,
56.006631832797396,5.128865799009166,3.4764257159304606,
57.00683279742762,5.1278080930178405,3.463305680262919,
58.007033762057844,5.126771311576642,3.4504438301730485,
59.00723472668807,5.12575470688842,3.4378307547643807,
60.00743569131829,5.124757569774914,3.4254575377225382,
61.00763665594852,5.123779227083982,3.4133157236037004,
62.00783762057874,5.122819039309919,3.4013972869303744,
63.008038585208965,5.121876398406226,3.389694603819551,
64.00823954983919,5.120950725772508,3.3782004258993106,
65.00844051446941,5.120041470399162,3.366907856296598,
66.00864147909964,5.119148107155282,3.355810327502816,
67.00884244372986,5.118270135206757,3.3449015809442546,
68.00904340836009,5.117407076552881,3.334175648102912,
69.00924437299031,5.1165584746710175,3.3236268330490963,
70.00944533762053,5.115723893259893,3.313249696261513,
71.00964630225076,5.114902915073071,3.3030390396230462,
72.00984726688098,5.114095140834964,3.2929898924916063,
73.0100482315112,5.1133001882324844,3.283097498755258,
74.01024919614143,5.112517690976123,3.273357304789662,
75.01045016077165,5.111747297924794,3.2637649482436863,
76.01065112540188,5.110988672269353,3.254316247586084,
77.0108520900321,5.110241490770118,3.2450071923522303,
78.01105305466233,5.109505443044207,3.235833934035761,
79.01125401929255,5.108780230898818,3.2267927775746967,
80.01145498392277,5.108065567706972,3.2178801733863454,
81.011655948553,5.107361177822519,3.209092709909231,
82.01185691318322,5.106666796031486,3.2004271066139487,
83.01205787781345,5.105982167037095,3.1918802074481407,
84.01225884244367,5.105307044976029,3.1834489746837993,
85.0124598070739,5.104641192963675,3.1751304831377145,
86.01266077170412,5.103984382666318,3.166921914738328,
87.01286173633434,5.103336393898381,3.1588205534145404,
88.01306270096457,5.102697014242986,3.1508237802838437,
89.01326366559479,5.102066038694236,3.1429290691191785,
90.01346463022502,5.101443269319741,3.1351339820753297,
91.01366559485524,5.100828514942051,3.1274361656574206,
92.01386655948546,5.100221590837719,3.1198333469152164,
93.01406752411569,5.09962231845286,3.1123233298483077,
94.01426848874591,5.099030525134124,3.1049039920083876,
95.01446945337614,5.098446043874096,3.0975732812858077,
96.01467041800636,5.097868713070217,3.090329212868652,
97.01487138263658,5.09729837629636,3.0831698663633356,
98.01507234726681,5.096734882086289,3.076093383066592,
99.01527331189703,5.0961780837282635,3.0690979633794404,
100.01547427652726,5.095627839070105,3.062181864354395,
101.01567524115748,5.095084010334105,3.055343397367805,
102.0158762057877,5.094546463941174,3.0485809259097474,
103.01607717041793,5.094015070343696,3.0418928634844873,
104.01627813504815,5.093489703866572,3.035277671614914,
105.01647909967838,5.092970242555976,3.028733857944903,
106.0166800643086,5.092456568035389,3.0222599744339105,
107.01688102893883,5.0919485653684795,3.015854615638453,
108.01708199356905,5.09144612292847,3.0095164170756075,
109.01728295819927,5.0909491322735985,3.003244053663781,
110.0174839228295,5.090457488028354,2.9970362382365563,
111.01768488745972,5.0899710877701745,2.9908917201254805,
112.01788585208995,5.089489831921284,2.984809283807998,
113.01808681672017,5.089013623645428,2.9787877476170728,
114.0182877813504,5.088542368749211,2.9728259625090585,
115.01848874598062,5.088075975587815,2.966922810886773,
116.01868971061084,5.087614354974861,2.961077205474846,
117.01889067524107,5.087157420096197,2.9552880882445356,
118.01909163987129,5.086705086427406,2.949554429385481,
119.01929260450152,5.086257271654856,2.943875226321992,
120.01949356913174,5.085813895600098,2.9382495027714994,
121.01969453376196,5.085374880147456,2.932676307843143,
122.01989549839219,5.084940149174633,2.927154715174334,
123.02009646302241,5.084509628486204,2.9216838221035455,
124.02029742765264,5.084083245749837,2.9162627488773962,
125.02049839228286,5.0836609304351175,2.910890637890427,
126.02069935691308,5.083242613754851,2.905566652955958,
127.02090032154331,5.082828228608716,2.9002899786064646,
128.02110128617355,5.082417709529172,2.8950598194221655,
129.02130225080379,5.082010992629493,2.889875399386344,
130.02150321543402,5.081608015553851,2.8847359612662564,
131.02170418006426,5.081208717429336,2.879640766018343,
132.0219051446945,5.080813038819831,2.874589092216656,
133.02210610932474,5.080420921681657,2.869580235503399,
134.02230707395498,5.080032309320908,2.8646135080606188,
135.02250803858522,5.0796471463523885,2.85968823810199,
136.02270900321545,5.079265378660105,2.8548037693838846,
137.0229099678457,5.078886953359218,2.849959460734791,
138.02311093247593,5.078511818759403,2.8451546856023224,
139.02331189710617,5.078139924329558,2.840388831616953,
140.0235128617364,5.077771220663793,2.8356613001718403,
141.02371382636665,5.077405659448658,2.830971506017997,
142.02391479099688,5.077043193431535,2.826318876874084,
143.02411575562712,5.076683776390172,2.821702853050307,
144.02431672025736,5.076327363103284,2.817122887085752,
145.0245176848876,5.0759739093222,2.81257844339856,
146.02471864951784,5.0756233717434895,2.808068997948495,
147.02491961414808,5.075275707982548,2.803594037911277,
148.0251205787783,5.074930876548086,2.7991530613642666,
149.02532154340855,5.074588836817499,2.794745576983021,
150.0255225080388,5.074249549013069,2.7903711037482317,
151.02572347266903,5.073912974178972,2.7860291706626965,
152.02592443729927,5.073579074159061,2.7817193164778344,
153.0261254019295,5.073247811575381,2.777441089429421,
154.02632636655974,5.0729191498074115,2.7731940469821845,
155.02652733118998,5.072593052971972,2.7689777555828243,
156.02672829582022,5.072269485903803,2.7647917904212345,
157.02692926045046,5.0719484141367674,2.760635735199526,
158.0271302250807,5.071629803885665,2.7565091819085943,
159.02733118971094,5.071313622028628,2.7524117306119056,
160.02753215434117,5.070999836090074,2.7483429892362348,
161.0277331189714,5.070688414224212,2.744302573369122,
162.02793408360165,5.070379325199052,2.7402901060627247,
163.0281350482319,5.070072538380927,2.7363052176439018,
164.02833601286213,5.0697680237194955,2.732347545530248,
165.02853697749237,5.069465751733199,2.7284167340518355,
166.0287379421226,5.0691656934951785,2.724512434278524,
167.02893890675284,5.068867820619615,2.7206343038526075,
168.02913987138308,5.068572105248485,2.7167820068265156,
169.02934083601332,5.068278520038719,2.712955213505527,
170.02954180064356,5.067987038149743,2.7091536002952252,
171.0297427652738,5.067697633231393,2.7053768495535193,
172.02994372990403,5.06741027941219,2.7016246494471483,
173.03014469453427,5.067124951287957,2.6978966938124085,
174.0303456591645,5.066841623910772,2.6941926820200015,
175.03054662379475,5.066560272778248,2.6905123188438926,
176.030747588425,5.066280873823114,2.686855314333972,
177.03094855305523,5.066003403403107,2.683221383692432,
178.03114951768546,5.065727838291144,2.6796102471537084,
179.0313504823157,5.065454155665787,2.6760216298679143,
180.03155144694594,5.065182333101964,2.672455261787535,
181.03175241157618,5.064912348561963,2.6689108775574084,
182.03195337620642,5.064644180386674,2.665388216407794,
183.03215434083666,5.064377807287075,2.6618870220504385,
184.0323553054669,5.064113208335956,2.6584070425775703,
185.03255627009713,5.063850362959873,2.6549480303636894,
186.03275723472737,5.063589250931317,2.6515097419700764,
187.0329581993576,5.063329852361103,2.648091938051935,
188.03315916398785,5.063072147690965,2.644694383268088,
189.03336012861809,5.062816117686347,2.6413168461930807,
190.03356109324832,5.062561743429391,2.637959099231748,
191.03376205787856,5.0623090063121134,2.6346209185360117,
192.0339630225088,5.062057888029761,2.631302083923931,
193.03416398713904,5.061808370574344,2.6280023788009452,
194.03436495176928,5.061560436228337,2.624721590083155,
195.03456591639952,5.061314067558549,2.621459508122644,
196.03476688102975,5.06106924741015,2.618215926634782,
197.03496784566,5.060825958900853,2.614990642627418,
198.03516881029023,5.060584185415249,2.6117834563318896,
199.03536977492047,5.060343910599281,2.608594171135846,
200.0355707395507,5.060105118354867,2.6054225935177904,
201.03577170418095,5.059867792834656,2.602268532983301,
202.03597266881118,5.0596319184369145,2.5991318020028693,
203.03617363344142,5.059397479800544,2.596012215951311,
204.03637459807166,5.059164461800226,2.5929095930487334,
205.0365755627019,5.058932849541681,2.589823754302939,
206.03677652733214,5.058702628357055,2.586754523453322,
207.03697749196238,5.058473783800408,2.583701726916108,
208.0371784565926,5.058246301643324,2.5806651937309786,
209.03737942122285,5.058020167870623,2.577644755509013,
210.0375803858531,5.057795368676177,2.5746402463818825,
211.03778135048333,5.0575718904588305,2.57165150295231,
212.03798231511357,5.057349719818416,2.568678364245713,
213.0381832797438,5.057128843551867,2.5657206716630165,
214.03838424437404,5.056909248649425,2.562778268934615,
215.03858520900428,5.056690922290933,2.559851002075435,
216.03878617363452,5.056473851842222,2.5569387193410495,
217.03898713826476,5.056258024851576,2.5540412711848397,
218.039188102895,5.056043429046285,2.5511585102161902,
219.03938906752524,5.055830052329276,2.548290291159622,
220.03959003215547,5.055617882775828,2.5454364708149493,
221.0397909967857,5.05540690863035,2.542596908018275,
222.03999196141595,5.055197118303249,2.5397714636039903,
223.0401929260462,5.054988500367855,2.536960000367549,
224.04039389067643,5.054781043557433,2.534162383029198,
225.04059485530667,5.054574736762244,2.531378478198441,
226.0407958199369,5.054369569026686,2.5286081543393975,
227.04099678456714,5.054165529546495,2.5258512817368772,
228.04119774919738,5.053962607666009,2.523107732463264,
229.04139871382762,5.053760792875494,2.5203773803461287,
230.04159967845786,5.053560074808525,2.5176601009365758,
231.0418006430881,5.0533604432394315,2.5149557714782618,
232.04200160771833,5.053161888080798,2.512264270877166,
233.04220257234857,5.052964399381013,2.5095854796719657,
234.0424035369788,5.05276796732188,2.5069192800050732,
235.04260450160905,5.052572582216275,2.5042655555943574,
236.0428054662393,5.052378234505857,2.5016241917054165,
237.04300643086953,5.052184914758829,2.4989950751244905,
238.04320739549976,5.051992613667743,2.4963780941319604,
239.04340836013,5.051801322047353,2.493773138476379,
240.04360932476024,5.0516110308325235,2.491180099349124,
241.04381028939048,5.0514217310761635,2.488598869359529,
242.04401125402072,5.051233413947223,2.4860293425105873,
243.04421221865096,5.051046070728719,2.48347141417514,
244.0444131832812,5.050859692815811,2.480924981072593,
245.04461414791143,5.050674271713909,2.478389941246098,
246.04481511254167,5.050489799036828,2.4758661940402162,
247.0450160771719,5.050306266504976,2.473353640079081,
248.04521704180215,5.050123665943584,2.4708521812449527,
249.04541800643239,5.049941989280965,2.4683617206572768,
250.04561897106262,5.049761228546817,2.4658821626521297,
251.04581993569286,5.049581375870554,2.4634134127621046,
252.0460209003231,5.049402423479676,2.460955377696622,
253.04622186495334,5.049224363698166,2.4585079653225965,
254.04642282958358,5.049047188944929,2.456071084645556,
255.04662379421382,5.048870891732247,2.4536446457910728,
256.046824758844,5.048695464664283,2.451228559986637,
257.04702572347423,5.0485209004356015,2.448822739543841,
258.04722668810444,5.0483471918297225,2.4464270978409557,
259.04742765273465,5.048174331717705,2.444041549305814,
260.04762861736486,5.048002313056759,2.4416660093990656,
261.0478295819951,5.047831128888879,2.4393003945977494,
262.0480305466253,5.047660772339515,2.436944622379205,
263.0482315112555,5.047491236616257,2.4345986112052587,
264.0484324758857,5.047322515007555,2.432262280506751,
265.0486334405159,5.047154600881457,2.4299355506683766,
266.0488344051461,5.046987487684376,2.4276183430137706,
267.04903536977633,5.046821168939876,2.4253105797909233,
268.04923633440654,5.046655638247486,2.4230121841578645,
269.04943729903675,5.046490889281535,2.4207230801686053,
270.04963826366696,5.046326915790004,2.4184431927593666,
271.0498392282972,5.04616371159341,2.4161724477350615,
272.0500401929274,5.046001270583699,2.4139107717560324,
273.0502411575576,5.045839586723172,2.4116580923250615,
274.0504421221878,5.045678654043422,2.409414337774578,
275.050643086818,5.045518466644291,2.407179437254136,
276.0508440514482,5.045359018692854,2.4049533207181315,
277.05104501607843,5.045200304422415,2.402735918913734,
278.05124598070864,5.045042318131521,2.4005271633690257,
279.05144694533885,5.044885054182999,2.3983269863814014,
280.05164790996906,5.0447285070030095,2.3961353210061493,
281.0518488745993,5.044572671080111,2.39395210104525,
282.0520498392295,5.044417540964351,2.391777261036375,
283.0522508038597,5.044263111266365,2.3896107362420933,
284.0524517684899,5.044109376656499,2.387452462639268,
285.0526527331201,5.04395633186394,2.3853023769086494,
286.0528536977503,5.043803971675874,2.383160416424658,
287.05305466238053,5.04365229093664,2.38102651924533,
288.05325562701074,5.04350128454692,2.3789006241024584,
289.05345659164095,5.04335094746293,2.3767826703919104,
290.05365755627116,5.043201274695628,2.374672598164135,
291.0538585209014,5.043052261309939,2.372570348114781,
292.0540594855316,5.042903902423992,2.370475861575546,
293.0542604501618,5.042756193208368,2.3683890805051506,
294.054461414792,5.042609128885363,2.366309947480466,
295.0546623794222,5.0424627047282655,2.364238405687809,
296.0548633440524,5.042316916060643,2.362174398914401,
297.05506430868263,5.042171758255645,2.360117871539955,
298.05526527331284,5.042027226735312,2.358068768528403,
299.05546623794305,5.041883316969905,2.356027035419778,
300.05566720257326,5.041740024477235,2.3539926183222457,
301.05586816720347,5.041597344822016,2.3519654639042358,
302.0560691318337,5.041455273615219,2.3499455193867678,
303.0562700964639,5.041313806513447,2.34793273253584,
304.0564710610941,5.041172939218307,2.3459270516549946,
305.0566720257243,5.041032667475807,2.3439284255779747,
306.0568729903545,5.0408929870757495,2.3419368036615205,
307.05707395498473,5.040753893851151,2.3399521357783177,
308.05727491961494,5.040615383677655,2.3379743723100113,
309.05747588424515,5.040477452472963,2.3360034641403415,
310.05767684887536,5.040340096196278,2.334039362648448,
311.05787781350557,5.040203310847747,2.3320820197022005,
312.0580787781358,5.040067092467922,2.3301313876517264,
313.058279742766,5.039931437137228,2.328187419322988,
314.0584807073962,5.039796340975434,2.3262500680114595,
315.0586816720264,5.039661800141139,2.324319287475962,
316.0588826366566,5.039527810831265,2.322395031932541,
317.05908360128683,5.039394369280556,2.320477256048486,
318.05928456591704,5.039261471761086,2.318565914936401,
319.05948553054725,5.039129114581776,2.316660964148426,
320.05968649517746,5.038997294087918,2.3147623596705005,
321.05988745980767,5.038866006660705,2.312870057916753,
322.0600884244379,5.038735248716775,2.3109840157239727,
323.0602893890681,5.03860501670775,2.3091041903461482,
324.0604903536983,5.038475307119795,2.307230539449116,
325.0606913183285,5.0383461164731775,2.305363021105297,
326.0608922829587,5.038217441321834,2.303501593788501,
327.06109324758893,5.038089278252943,2.301646216368795,
328.06129421221914,5.03796162388651,2.299796848107511,
329.06149517684935,5.037834474874951,2.2979534486522706,
330.06169614147956,5.03770782790269,2.2961159780321228,
331.06189710610977,5.037581679685754,2.294284396652743,
332.06209807074,5.037456026971387,2.292458665291716,
333.0622990353702,5.037330866537652,2.290638745093863,
334.0625000000004,5.037206195193061,2.2888245975667005,
335.0627009646306,5.0370820097761895,2.28701618457589,
336.0629019292608,5.036958307155312,2.285213468340838,
337.063102893891,5.036835084228035,2.2834164114302835,
338.06330385852124,5.03671233792094,2.2816249767580286,
339.06350482315145,5.036590065189228,2.2798391275786853,
340.06370578778166,5.036468263016372,2.2780588274834885,
341.06390675241187,5.036346928413777,2.2762840403961944,
342.0641077170421,5.036226058420436,2.274514730569023,
343.0643086816723,5.036105650102603,2.272750862578683,
344.0645096463025,5.035985700553463,2.2709924013224208,
345.0647106109327,5.03586620689281,2.269239312014152,
346.0649115755629,5.0357471662667255,2.2674915601806496,
347.0651125401931,5.03562857584727,2.265749111657794,
348.06531350482334,5.035510432832171,2.264011932586844,
349.06551446945355,5.035392734444521,2.2622799894108283,
350.06571543408376,5.035275477932474,2.2605532488709086,
351.06591639871397,5.035158660568955,2.25883167800286,
352.0661173633442,5.035042279651365,2.2571152441335838,
353.0663183279744,5.034926332501295,2.2554039148776477,
354.0665192926046,5.034810816464246,2.253697658133908,
355.0667202572348,5.0346957289093455,2.25199644208218,
356.066921221865,5.034581067229078,2.2503002351799193,
357.0671221864952,5.034466828839009,2.248609006158989,
358.06732315112544,5.034353011177524,2.246922724022462,
359.06752411575565,5.034239611705561,2.245241358041472,
360.06772508038586,5.034126627906354,2.2435648777520987,
361.06792604501607,5.034014057285176,2.2418932529523037,
362.0681270096463,5.033901897369085,2.2402264536988943,
363.0683279742765,5.033790145706682,2.238564450304585,
364.0685289389067,5.03367879986786,2.236907213335024,
365.0687299035369,5.033567857443566,2.23525471360592,
366.0689308681671,5.033457316045559,2.233606922180165,
367.0691318327973,5.033347173306181,2.231963810365044,
368.06933279742753,5.033237426878122,2.2303253497094566,
369.06953376205774,5.033128074434192,2.2286915120011686,
370.06973472668795,5.033019113667096,2.227062269264116,
371.06993569131816,5.032910542289213,2.2254375937557547,
372.0701366559484,5.032802358032376,2.2238174579644183,
373.0703376205786,5.032694558647658,2.22220183460674,
374.0705385852088,5.032587141905156,2.2205906966251097,
375.070739549839,5.032480105593785,2.218984017185136,
376.0709405144692,5.032373447521066,2.2173817696731764,
377.0711414790994,5.032267165512927,2.215783927693876,
378.07134244372963,5.032161257413497,2.2141904650677615,
379.07154340835984,5.03205572108491,2.2126013558288427,
380.07174437299005,5.031950554407107,2.211016574222281,
381.07194533762026,5.031845755277645,2.209436094702058,
382.0721463022505,5.031741321611504,2.207859891928669,
383.0723472668807,5.031637251340899,2.2062879407669147,
384.0725482315109,5.031533542415095,2.204720216283604,
385.0727491961411,5.031430192800222,2.203156693745416,
386.0729501607713,5.031327200479098,2.201597348616695,
387.0731511254015,5.031224563451046,2.200042156557317,
388.07335209003173,5.0311222797317185,2.198491093420582,
389.07355305466194,5.031020347352928,2.1969441352511248,
390.07375401929215,5.03091876436247,2.1954012582828706,
391.07395498392236,5.030817528823959,2.1938624389369874,
392.0741559485526,5.030716638816655,2.1923276538198695,
393.0743569131828,5.030616092435305,2.190796879721204,
394.074557877813,5.030515887789978,2.189270093611985,
395.0747588424432,5.030416023005902,2.187747272642581,
396.0749598070734,5.030316496223309,2.186228394140854,
397.0751607717036,5.030217305597276,2.1847134356102713,
398.07536173633383,5.030118449297573,2.183202374728059,
399.07556270096404,5.030019925508509,2.18169518934336,
400.07576366559425,5.0299217324287815,2.1801918574754415,
401.07596463022446,5.029823868271327,2.1786923573118937,
402.0761655948547,5.029726331263178,2.1771966672068928,
403.0763665594849,5.029629119645314,2.175704765679451,
404.0765675241151,5.029532231672521,2.1742166314116886,
405.0767684887453,5.029435665613249,2.1727322432471596,
406.0769694533755,5.0293394197494745,2.171251580189158,
407.0771704180057,5.02924349237656,2.169774621399081,
408.07737138263593,5.029147881803121,2.168301346194793,
409.07757234726614,5.0290525863508915,2.1668317340490204,
410.07777331189635,5.028957604354589,2.165365764587741,
411.07797427652656,5.028862934161785,2.163903417588628,
412.07817524115677,5.02876857413278,2.1624446729795013,
413.078376205787,5.028674522640467,2.160989510836782,
414.0785771704172,5.028580778070215,2.159537911383983,
415.0787781350474,5.028487338819738,2.1580898549902217,
416.0789790996776,5.028394203298974,2.156645322168728,
417.0791800643078,5.028301369929965,2.155204293575399,
418.07938102893803,5.028208837146736,2.153766750007356,
419.07958199356824,5.028116603395177,2.1523326724015104,
420.07978295819845,5.028024667132925,2.150902041833169,
421.07998392282866,5.027933026829249,2.14947483951463,
422.08018488745887,5.0278416809649356,2.14805104679382,
423.0803858520891,5.0277506280321775,2.1466306451529467,
424.0805868167193,5.027659866534462,2.145213616207154,
425.0807877813495,5.027569394986458,2.14379994170318,
426.0809887459797,5.027479211913912,2.1423896035180614,
427.0811897106099,5.027389315853536,2.1409825836578564,
428.08139067524013,5.027299705352904,2.1395788642563422,
429.08159163987034,5.0272103789703495,2.1381784275737754,
430.08179260450055,5.027121335274856,2.1367812559956287,
431.08199356913076,5.027032572845958,2.1353873320313492,
432.08219453376097,5.026944090273643,2.133996638313188,
433.0823954983912,5.026855886158244,2.1326091575949273,
434.0825964630214,5.026767959110347,2.1312248727507463,
435.0827974276516,5.026680307750693,2.12984376677404,
436.0829983922818,5.026592930710078,2.1284658227762163,
437.083199356912,5.0265058266292595,2.1270910239855882,
438.08340032154223,5.026418994158863,2.1257193537462142,
439.08360128617244,5.026332431959291,2.1243507955168104,
440.08380225080265,5.026246138700624,2.1229853328695993,
441.08400321543286,5.026160113062538,2.121622949489242,
442.08420418006307,5.026074353734209,2.120263629171743,
443.0844051446933,5.025988859414227,2.118907355823369,
444.0846061093235,5.0259036288105055,2.1175541134596227,
445.0848070739537,5.025818660640198,2.1162038862041537,
446.0850080385839,5.02573395362961,2.1148566582877564,
447.0852090032141,5.025649506514114,2.1135124140473147,
448.0854099678443,5.025565318038068,2.11217113792483,
449.08561093247454,5.0254813869547315,2.110832814466388,
450.08581189710475,5.025397712026182,2.109497428321184,
451.08601286173496,5.0253142920232365,2.1081649642405464,
452.08621382636517,5.0252311257253695,2.1068354070769435,
453.0864147909954,5.0251482119206345,2.1055087417830567,
454.0866157556256,5.025065549405587,2.1041849534108326,
455.0868167202558,5.024983136985207,2.1028640271105363,
456.087017684886,5.0249009734728185,2.1015459481298158,
457.0872186495162,5.024819057690019,2.1002307018127997,
458.0874196141464,5.024737388466603,2.098918273599208,
459.08762057877664,5.024655964640488,2.0976086490234342,
460.08782154340685,5.02457478505764,2.0963018137136635,
461.08802250803706,5.024493848572003,2.094997753391003,
462.08822347266727,5.024413154045429,2.0936964538686063,
463.0884244372975,5.0243327003476015,2.0923979010508265,
464.0886254019277,5.024252486355972,2.091102080932364,
465.0888263665579,5.0241725109556885,2.089808979597438,
466.0890273311881,5.024092773039525,2.0885185832189315,
467.0892282958183,5.024013271507818,2.087230878057598,
468.0894292604485,5.023934005268396,2.08594585046124,
469.08963022507874,5.023854973236515,2.0846634868638985,
470.08983118970895,5.023776174334794,2.083383773785068,
471.09003215433916,5.0236976074931485,2.082106697828907,
472.09023311896937,5.023619271648727,2.080832245683462,
473.0904340835996,5.023541165745847,2.079560404119885,
474.0906350482298,5.023463288735936,2.0782911599916942,
475.09083601286,5.023385639577466,2.077024500234016,
476.0910369774902,5.023308217235891,2.0757604118627997,
477.0912379421204,5.023231020683591,2.0744988819741463,
478.0914389067506,5.023154048899809,2.0732398977435333,
479.09163987138083,5.023077300870594,2.071983446425103,
480.09184083601104,5.023000775588737,2.070729515350932,
481.09204180064125,5.022924472053719,2.0694780919303573,
482.09224276527146,5.022848389271653,2.068229163649254,
483.0924437299017,5.022772526255222,2.0669827180693425,
484.0926446945319,5.022696882023629,2.0657387428274965,
485.0928456591621,5.022621455602537,2.0644972256350775,
486.0930466237923,5.022546246024017,2.0632581542772668,
487.0932475884225,5.022471252326492,2.0620215166123614,
488.0934485530527,5.022396473554682,2.060787300571177,
489.09364951768293,5.022321908759555,2.0595554941563443,
490.09385048231314,5.02224755699827,2.058326085441676,
491.09405144694335,5.022173417334125,2.0570990625715444,
492.09425241157356,5.02209948883651,2.055874413760243,
493.0944533762038,5.022025770580849,2.054652127291334,
494.094654340834,5.021952261648555,2.0534321915170457,
495.0948553054642,5.021878961126978,2.052214594857683,
496.0950562700944,5.021805868109356,2.050999325800983,
497.0952572347246,5.021732981694764,2.049786372901533,
498.0954581993548,5.021660300988069,2.048575724780164,
499.09565916398503,5.021587825099878,2.047367370123352,
500.09586012861524,5.021515553146496,2.046161297682663,
501.09606109324545,5.021443484249872,2.044957496274159,
502.09626205787566,5.021371617537558,2.0437559547778053,
503.0964630225059,5.021299952142662,2.042556662136924,
504.0966639871361,5.021228487203799,2.041359607357639,
505.0968649517663,5.021157221865051,2.040164779508299,
506.0970659163965,5.021086155275919,2.0389721677189185,
507.0972668810267,5.021015286591279,2.0377817611806797,
508.0974678456569,5.020944614971341,2.036593549145342,
509.09766881028713,5.0208741395816,2.035407520924702,
510.09786977491734,5.0208038595928,2.0342236658901185,
511.09807073954755,5.020733774180889,2.0330419734719314,
512.0982717041778,5.020663882526974,2.0318624331589685,
513.0984726688081,5.020594183817282,2.0306850344980036,
514.0986736334384,5.020524677243121,2.0295097670932836,
515.0988745980686,5.020455362000835,2.0283366206059856,
516.0990755626989,5.020386237291765,2.0271655847537318,
517.0992765273292,5.020317302322213,2.025996649310102,
518.0994774919594,5.020248556303396,2.024829804104111,
519.0996784565897,5.020179998451412,2.02366503901976,
520.09987942122,5.020111627987198,2.022502343995507,
521.1000803858502,5.020043444136494,2.0213417090238166,
522.1002813504805,5.019975446129804,2.0201831241506953,
523.1004823151108,5.019907633202357,2.0190265794751845,
524.100683279741,5.019840004594074,2.017872065148934,
525.1008842443713,5.0197725595495255,2.0167195713757042,
526.1010852090016,5.019705297317899,2.0155690884109254,
527.1012861736318,5.019638217152962,2.0144206065612353,
528.1014871382621,5.019571318313026,2.0132741161840646,
529.1016881028924,5.019504600060909,2.012129607687117,
530.1018890675226,5.019438061663905,2.0109870715280045,
531.1020900321529,5.019371702393746,2.0098464982137685,
532.1022909967832,5.019305521526567,2.00870787830043,
533.1024919614134,5.019239518342874,2.007571202392614,
534.1026929260437,5.019173692127509,2.0064364611430596,
535.102893890674,5.019108042169618,2.0053036452522406,
536.1030948553042,5.019042567762615,2.004172745467926,
537.1032958199345,5.018977268204154,2.003043752584774,
538.1034967845648,5.018912142796089,2.001916657443899,
539.103697749195,5.018847190844451,2.000791450932494,
540.1038987138253,5.01878241165941,1.999668123983394,
541.1040996784556,5.018717804555244,1.9985466675746808,
542.1043006430858,5.018653368850311,1.9974270727293142,
543.1045016077161,5.018589103867013,1.9963093305146917,
544.1047025723464,5.018525008931772,1.9951934320422913,
545.1049035369766,5.0184610833749925,1.994079368467242,
546.1051045016069,5.018397326531037,1.9929671309879917,
547.1053054662372,5.018333737738193,1.9918567108458771,
548.1055064308674,5.018270316338646,1.990748099324772,
549.1057073954977,5.018207061678447,1.9896412877506833,
550.105908360128,5.0181439731074855,1.9885362674914118,
551.1061093247582,5.018081049979462,1.9874330299561445,
552.1063102893885,5.018018291651858,1.986331566595128,
553.1065112540188,5.017955697485908,1.9852318688992707,
554.106712218649,5.017893266846572,1.9841339283997999,
555.1069131832793,5.017830999102508,1.9830377366678762,
556.1071141479096,5.0177688936260445,1.9819432853142755,
557.1073151125398,5.017706949793151,1.9808505659889872,
558.1075160771701,5.017645166983417,1.9797595703809214,
559.1077170418004,5.017583544580019,1.9786702902175044,
560.1079180064306,5.0175220819697,1.977582717264384,
561.1081189710609,5.017460778542737,1.976496843325036,
562.1083199356912,5.01739963369292,1.9754126602404531,
563.1085209003214,5.017338646817525,1.9743301598888192,
564.1087218649517,5.01727781731729,1.97324933418514,
565.108922829582,5.017217144596387,1.9721701750809426,
566.1091237942122,5.017156628062397,1.9710926745639024,
567.1093247588425,5.017096267126289,1.9700168246575707,
568.1095257234728,5.017036061202392,1.9689426174209983,
569.109726688103,5.016976009708373,1.9678700449484603,
570.1099276527333,5.016916112065212,1.9667990993690772,
571.1101286173636,5.016856367697178,1.9657297728465513,
572.1103295819938,5.016796776031805,1.9646620575788145,
573.1105305466241,5.016737336499871,1.9635959457977337,
574.1107315112544,5.01667804853537,1.962531429768784,
575.1109324758846,5.016618911575496,1.9614685017907516,
576.1111334405149,5.016559925060615,1.96040715419542,
577.1113344051452,5.016501088434242,1.959347379347255,
578.1115353697754,5.016442401143022,1.9582891696431022,
579.1117363344057,5.016383862636709,1.9572325175119296,
580.111937299036,5.016325472368137,1.9561774154144485,
581.1121382636662,5.016267229793205,1.955123855842882,
582.1123392282965,5.016209134370854,1.9540718313206435,
583.1125401929268,5.016151185563044,1.9530213344020433,
584.112741157557,5.016093382834734,1.951972357672008,
585.1129421221873,5.016035725653861,1.950924893745756,
586.1131430868176,5.015978213491318,1.9498789352685435,
587.1133440514478,5.015920845820935,1.9488344749153812,
588.1135450160781,5.015863622119459,1.947791505390735,
589.1137459807084,5.015806541866531,1.9467500194282235,
590.1139469453386,5.01574960454467,1.9457100097903908,
591.1141479099689,5.015692809639249,1.9446714692683578,
592.1143488745992,5.015636156638477,1.9436343906816058,
593.1145498392294,5.015579645033382,1.9425987668776712,
594.1147508038597,5.015523274317787,1.941564590731867,
595.11495176849,5.015467043988294,1.940531855147018,
596.1151527331202,5.015410953544263,1.9395005530531813,
597.1153536977505,5.015355002487797,1.9384706774074085,
598.1155546623808,5.015299190323718,1.937442221193434,
599.115755627011,5.015243516559553,1.9364151774214333,
600.1159565916413,5.015187980705512,1.93538953912774,
601.1161575562716,5.0151325822744734,1.934365299374602,
602.1163585209018,5.015077320781962,1.9333424512498945,
603.1165594855321,5.015022195746135,1.932320987866904,
604.1167604501624,5.0149672066877615,1.931300902363994,
605.1169614147926,5.014912353130208,1.930282187904433,
606.1171623794229,5.014857634599416,1.9292648376760686,
607.1173633440532,5.01480305062389,1.928248844891097,
608.1175643086834,5.014748600734677,1.9272342027858242,
609.1177652733137,5.014694284465351,1.926220904620369,
610.117966237944,5.014640101351997,1.9252089436784718,
611.1181672025742,5.0145860509331905,1.9241983132671765,
612.1183681672045,5.014532132749986,1.9231890067166382,
613.1185691318348,5.014478346345898,1.9221810173798484,
614.118770096465,5.014424691266885,1.9211743386323779,
615.1189710610953,5.014371167061331,1.9201689638721302,
616.1191720257256,5.014317773280035,1.9191648865191282,
617.1193729903558,5.014264509476192,1.9181621000152507,
618.1195739549861,5.014211375205375,1.9171605978239519,
619.1197749196164,5.014158370025525,1.9161603734301054,
620.1199758842466,5.01410549349693,1.9151614203396594,
621.1201768488769,5.014052745182214,1.9141637320794764,
622.1203778135072,5.014000124646319,1.913167302197065,
623.1205787781374,5.0139476314564915,1.9121721242603218,
624.1207797427677,5.013895265182266,1.9111781918573243,
625.120980707398,5.013843025395453,1.9101854985960853,
626.1211816720282,5.013790911670123,1.9091940381043109,
627.1213826366585,5.013738923582589,1.9082038040291693,
628.1215836012888,5.013687060711398,1.9072147900370444,
629.121784565919,5.01363532263731,1.9062269898133033,
630.1219855305493,5.0135837089432895,1.905240397062093,
631.1221864951796,5.013532219214491,1.9042550055060898,
632.1223874598098,5.0134808530382395,1.903270808886247,
633.1225884244401,5.013429610004024,1.9022878009615865,
634.1227893890704,5.013378489703477,1.9013059755089612,
635.1229903537006,5.013327491730368,1.9003253263228284,
636.1231913183309,5.013276615680583,1.899345847215023,
637.1233922829612,5.013225861152118,1.8983675320145297,
638.1235932475914,5.01317522774506,1.8973903745672536,
639.1237942122217,5.013124715061576,1.8964143687357717,
640.123995176852,5.013074322705901,1.8954395083991338,
641.1241961414822,5.013024050284324,1.8944657874526278,
642.1243971061125,5.0129738974051765,1.8934931998075597,
643.1245980707428,5.012923863678818,1.892521739391017,
644.124799035373,5.0128739487176235,1.8915514001456302,
645.1250000000033,5.012824152135972,1.8905821760293795,
646.1252009646336,5.012774473550237,1.8896140610153713,
647.1254019292638,5.012724912578766,1.8886470490915772,
648.1256028938941,5.012675468841876,1.8876811342606221,
649.1258038585244,5.0126261419618405,1.886716310539602,
650.1260048231546,5.012576931562874,1.885752571959821,
651.1262057877849,5.012527837271123,1.8847899125665726,
652.1264067524152,5.012478858714653,1.883828326418921,
653.1266077170454,5.012429995523436,1.8828678075894671,
654.1268086816757,5.012381247329343,1.8819083501641714,
655.127009646306,5.0123326137661275,1.8809499482420682,
656.1272106109362,5.0122840944694165,1.8799925959350885,
657.1274115755665,5.012235689076699,1.8790362873678166,
658.1276125401968,5.012187397227317,1.8780810166772948,
659.127813504827,5.012139218562449,1.8771267780127765,
660.1280144694573,5.012091152725105,1.8761735655354954,
661.1282154340876,5.012043199360112,1.8752213734184795,
662.1284163987178,5.011995358114102,1.8742701958462846,
663.1286173633481,5.0119476286355065,1.873320027014839,
664.1288183279784,5.011900010574541,1.872370861131139,
665.1290192926086,5.011852503583197,1.8714226924130912,
666.1292202572389,5.011805107315229,1.8704755150892705,
667.1294212218692,5.01175782142615,1.8695293233986914,
668.1296221864994,5.011710645573211,1.8685841115905806,
669.1298231511297,5.0116635794154005,1.8676398739241618,
670.13002411576,5.011616622613432,1.866696604668472,
671.1302250803902,5.01156977482973,1.8657542981020616,
672.1304260450205,5.011523035728423,1.864812948512824,
673.1306270096508,5.011476404975335,1.8638725501977564,
674.130827974281,5.011429882237973,1.862933097462754,
675.1310289389113,5.011383467185519,1.861994584622368,
676.1312299035416,5.01133715948882,1.8610570059995766,
677.1314308681718,5.011290958820376,1.8601203559255581,
678.1316318328021,5.011244864854336,1.8591846287395077,
679.1318327974324,5.011198877266484,1.8582498187883385,
680.1320337620626,5.01115299573423,1.85731592042653,
681.1322347266929,5.011107219936605,1.8563829280158572,
682.1324356913232,5.011061549554246,1.8554508359251853,
683.1326366559534,5.011015984269391,1.854519638530194,
684.1328376205837,5.0109705237658675,1.8535893302132198,
685.133038585214,5.010925167729086,1.8526599053629758,
686.1332395498442,5.010879915846029,1.8517313583743373,
687.1334405144745,5.010834767805244,1.850803683648111,
688.1336414791048,5.010789723296834,1.849876875590816,
689.133842443735,5.0107447820124476,1.8489509286144292,
690.1340434083653,5.010699943645273,1.8480258371361638,
691.1342443729956,5.010655207890028,1.8471015955782442,
692.1344453376258,5.010610574442951,1.8461781983676464,
693.1346463022561,5.010566043001794,1.8452556399358846,
694.1348472668864,5.010521613265815,1.8443339147187807,
695.1350482315166,5.010477284935766,1.8434130171561969,
696.1352491961469,5.0104330577138905,1.8424929416918157,
697.1354501607772,5.010388931303909,1.8415736827729032,
698.1356511254074,5.010344905411018,1.840655234850067,
699.1358520900377,5.010300979741876,1.8397375923770143,
700.136053054668,5.010257154004599,1.838820749810288,
701.1362540192982,5.010213427908751,1.8379047016090713,
702.1364549839285,5.01016980116534,1.8369894422348847,
703.1366559485588,5.0101262734868035,1.8360749661513853,
704.136856913189,5.010082844587007,1.8351612678240758,
705.1370578778193,5.010039514181235,1.8342483417201159,
706.1372588424496,5.009996281986182,1.8333361823080092,
707.1374598070798,5.009953147719946,1.8324247840573915,
708.1376607717101,5.009910111102021,1.831514141438747,
709.1378617363404,5.00986717185329,1.8306042489231913,
710.1380627009706,5.009824329696018,1.8296951009821818,
711.1382636656009,5.009781584353846,1.8287866920872786,
712.1384646302312,5.009738935551779,1.8278790167098655,
713.1386655948614,5.009696383016185,1.826972069320905,
714.1388665594917,5.009653926474785,1.8260658443906723,
715.139067524122,5.0096115656566464,1.8251603363884854,
716.1392684887522,5.009569300292176,1.824255539782434,
717.1394694533825,5.009527130113114,1.8233514490391391,
718.1396704180128,5.009485054852528,1.822448058623439,
719.139871382643,5.009443074244802,1.8215453629981617,
720.1400723472733,5.009401188025637,1.8206433566238036,
721.1402733119036,5.009359395932038,1.8197420339582955,
722.1404742765338,5.00931769770231,1.818841389456693,
723.1406752411641,5.0092760930760525,1.8179414175709008,
724.1408762057944,5.009234581794152,1.8170421127494265,
725.1410771704246,5.009193163598774,1.816143469437026,
726.1412781350549,5.009151838233363,1.8152454820744888,
727.1414790996852,5.009110605442627,1.814348145098292,
728.1416800643154,5.00906946497254,1.813451452940325,
729.1418810289457,5.009028416570329,1.8125554000276087,
730.142081993576,5.008987459984475,1.8116599807819944,
731.1422829582062,5.0089465949647,1.81076518961984,
732.1424839228365,5.008905821261965,1.809871020951718,
733.1426848874668,5.008865138628464,1.8089774691821399,
734.142885852097,5.008824546817619,1.8080845287092013,
735.1430868167273,5.008784045584071,1.807192193924298,
736.1432877813576,5.008743634683676,1.8063004592118,
737.1434887459878,5.008703313873501,1.80540931894874,
738.1436897106181,5.0086630829118155,1.8045187675044803,
739.1438906752484,5.008622941558089,1.8036287992404296,
740.1440916398786,5.008582889572983,1.8027394085096446,
741.1442926045089,5.008542926718346,1.8018505896565573,
742.1444935691392,5.008503052757209,1.8009623370166237,
743.1446945337694,5.008463267453783,1.8000746449160043,
744.1448954983997,5.008423570573444,1.799187507671166,
745.14509646303,5.008383961882741,1.7983009195886102,
746.1452974276602,5.00834444114938,1.7974148749644827,
747.1454983922905,5.008305008142226,1.7965293680842178,
748.1456993569208,5.008265662631291,1.7956443932221946,
749.145900321551,5.008226404387737,1.794759944641389,
750.1461012861813,5.0081872331838655,1.7938760165929837,
751.1463022508116,5.008148148793114,1.7929926033160273,
752.1465032154418,5.008109150990052,1.7921096990370335,
753.1467041800721,5.008070239550374,1.791227297969631,
754.1469051447024,5.008031414250898,1.7903453943141507,
755.1471061093326,5.007992674869558,1.7894639822572636,
756.1473070739629,5.007954021185402,1.7885830559716147,
757.1475080385932,5.007915452978582,1.787702609615355,
758.1477090032234,5.007876970030359,1.786822637331819,
759.1479099678537,5.007838572123087,1.785943133249064,
760.148110932484,5.007800259040218,1.7850640914794795,
761.1483118971142,5.007762030566293,1.7841855061193896,
762.1485128617445,5.0077238864869384,1.7833073712486112,
763.1487138263748,5.007685826588862,1.782429680930024,
764.148914791005,5.007647850659847,1.7815524292091365,
765.1491157556353,5.007609958488753,1.7806756101136987,
766.1493167202656,5.007572149865505,1.7797992176531778,
767.1495176848958,5.0075344245810935,1.7789232458183766,
768.1497186495261,5.0074967824275705,1.7780476885809322,
769.1499196141564,5.007459223198044,1.7771725398929037,
770.1501205787866,5.007421746686674,1.7762977936862536,
771.1503215434169,5.00738435268867,1.7754234438724015,
772.1505225080472,5.007347041000286,1.7745494843417289,
773.1507234726774,5.007309811418817,1.7736759089631184,
774.1509244373077,5.007272663742595,1.7728027115834226,
775.151125401938,5.007235597770985,1.771929886026986,
776.1513263665682,5.007198613304385,1.7710574260951388,
777.1515273311985,5.007161710144215,1.77018532556566,
778.1517282958288,5.007124888092923,1.7693135781922955,
779.151929260459,5.00708814695397,1.7684421777041432,
780.1521302250893,5.0070514865318385,1.7675711178052118,
781.1523311897196,5.007014906632021,1.7667003921738305,
782.1525321543498,5.006978407061018,1.765829994462046,
783.1527331189801,5.0069419876263375,1.7649599182951345,
784.1529340836104,5.00690564813649,1.7640901572710006,
785.1531350482406,5.006869388400985,1.7632207049595863,
786.1533360128709,5.006833208230328,1.762351554902272,
787.1535369775012,5.006797107436019,1.7614827006113043,
788.1537379421314,5.0067610858305445,1.7606141355691352,
789.1539389067617,5.006725143227382,1.7597458532278893,
790.154139871392,5.006689279440992,1.7588778470086406,
791.1543408360222,5.006653494286814,1.758010110300816,
792.1545418006525,5.00661778758127,1.757142636461571,
793.1547427652828,5.006582159141754,1.7562754188150689,
794.154943729913,5.006546608786635,1.7554084506518515,
795.1551446945433,5.00651113633525,1.754541725228136,
796.1553456591736,5.0064757416079075,1.7536752357651386,
797.1555466238038,5.006440424425877,1.7528089754483462,
798.1557475884341,5.006405184611393,1.751942937426815,
799.1559485530644,5.006370021987648,1.7510771148124133,
800.1561495176946,5.006334936378793,1.7502115006791148,
801.1563504823249,5.006299927609935,1.7493460880622131,
802.1565514469552,5.0062649955071326,1.7484808699575647,
803.1567524115854,5.006230139897396,1.747615839320817,
804.1569533762157,5.006195360608684,1.7467509890665789,
805.157154340846,5.0061606574699,1.7458863120676178,
806.1573553054762,5.006126030310894,1.7450218011540832,
807.1575562701065,5.006091478962457,1.7441574491125869,
808.1577572347368,5.006057003256319,1.7432932486853943,
809.157958199367,5.0060226030251505,1.742429192569555,
810.1581591639973,5.005988278102556,1.7415652734159743,
811.1583601286276,5.005954028323078,1.7407014838285735,
812.1585610932578,5.005919853522189,1.739837816363325,
813.1587620578881,5.005885753536294,1.7389742635272887,
814.1589630225184,5.005851728202726,1.7381108177777178,
815.1591639871486,5.0058177773597485,1.7372474715210342,
816.1593649517789,5.0057839008465495,1.7363842171118729,
817.1595659164092,5.005750098503242,1.735521046852017,
818.1597668810394,5.005716370170863,1.7346579529894217,
819.1599678456697,5.005682715691374,1.73379492771715,
820.1601688103,5.005649134907654,1.7329319631722662,
821.1603697749302,5.005615627663503,1.7320690514347472,
822.1605707395605,5.005582193803642,1.7312061845264402,
823.1607717041908,5.005548833173706,1.7303433544097957,
824.160972668821,5.005515545620249,1.7294805529868187,
825.1611736334513,5.005482330990741,1.7286177720978428,
826.1613745980816,5.005449189133565,1.7277550035202962,
827.1615755627118,5.00541611989802,1.7268922389675117,
828.1617765273421,5.005383123134315,1.7260294700874177,
829.1619774919724,5.005350198693576,1.7251666884613157,
830.1621784566026,5.005317346427839,1.7243038856025363,
831.1623794212329,5.005284566190051,1.7234410529550703,
832.1625803858632,5.00525185783407,1.7225781818922314,
833.1627813504934,5.005219221214666,1.7217152637152704,
834.1629823151237,5.005186656187518,1.7208522896519332,
835.163183279754,5.005154162609216,1.719989250854985,
836.1633842443842,5.00512174033726,1.7191261384007486,
837.1635852090145,5.00508938923006,1.7182629432875836,
838.1637861736448,5.005057109146935,1.7173996564343086,
839.163987138275,5.005024899948115,1.7165362686786096,
840.1641881029053,5.004992761494739,1.7156727707754338,
841.1643890675356,5.004960693648858,1.7148091533953445,
842.1645900321658,5.004928696273433,1.7139454071227924,
843.1647909967961,5.004896769232336,1.713081522454367,
844.1649919614264,5.00486491239035,1.7122174897970541,
845.1651929260566,5.004833125613173,1.711353299466427,
846.1653938906869,5.004801408767412,1.7104889416847466,
847.1655948553172,5.004769761720592,1.7096244065790862,
848.1657958199474,5.004738184341149,1.7087596841793873,
849.1659967845777,5.0047066764984365,1.707894764416441,
850.166197749208,5.004675238062723,1.7070296371198708,
851.1663987138382,5.004643868905196,1.7061642920160611,
852.1665996784685,5.004612568897963,1.7052987187260125,
853.1668006430988,5.0045813379140505,1.7044329067631403,
854.167001607729,5.004550175827406,1.7035668455310202,
855.1672025723593,5.004519082512902,1.7027005243211222,
856.1674035369896,5.004488057846334,1.7018339323104619,
857.1676045016198,5.0044571017044275,1.7009670585591687,
858.1678054662501,5.004426213964834,1.7000998920080383,
859.1680064308804,5.004395394506136,1.6992324214759715,
860.1682073955106,5.00436464320785,1.698364635657444,
861.1684083601409,5.0043339599504275,1.6974965231197636,
862.1686093247712,5.0043033446152565,1.6966280723004241,
863.1688102894014,5.004272797084665,1.6957592715042413,
864.1690112540317,5.004242317241924,1.6948901089005115,
865.169212218662,5.00421190497125,1.6940205725201167,
866.1694131832922,5.004181560157806,1.693150650252426,
867.1696141479225,5.004151282687709,1.6922803298422389,
868.1698151125528,5.004121072448028,1.6914095988866165,
869.170016077183,5.0040909293267894,1.690538444831601,
870.1702170418133,5.004060853212983,1.6896668549688694,
871.1704180064436,5.00403084399656,1.6887948164322653,
872.1706189710738,5.004000901568443,1.6879223161943366,
873.1708199357041,5.003971025820524,1.6870493410626461,
874.1710209003344,5.003941216645674,1.6861758776760272,
875.1712218649647,5.003911473937742,1.6853019125008095,
876.1714228295949,5.003881797591563,1.684427431826856,
877.1716237942252,5.003852187502962,1.683552421763487,
878.1718247588555,5.003822643568756,1.6826768682353594,
879.1720257234857,5.003793165686764,1.6818007569781737,
880.172226688116,5.003763753755806,1.680924073534252,
881.1724276527463,5.003734407675714,1.6800468032480116,
882.1726286173765,5.003705127347334,1.6791689312613514,
883.1728295820068,5.003675912672531,1.6782904425087957,
884.173030546637,5.003646763554198,1.6774113217125939,
885.1732315112673,5.003617679896261,1.6765315533776168,
886.1734324758976,5.0035886616036835,1.6756511217861472,
887.1736334405279,5.003559708582475,1.6747700109924826,
888.1738344051581,5.003530820739696,1.6738882048173938,
889.1740353697884,5.003501997983468,1.6730056868423557,
890.1742363344187,5.003473240222978,1.672122440403729,
891.1744372990489,5.0034445473684865,1.6712384485866458,
892.1746382636792,5.003415919331336,1.6703536942187276,
893.1748392283095,5.003387356023957,1.6694681598636243,
894.1750401929397,5.00335885735988,1.6685818278144238,
895.17524115757,5.003330423253742,1.667694680086708,
896.1754421222003,5.003302053621294,1.6668066984114613,
897.1756430868305,5.003273748379411,1.665917864227795,
898.1758440514608,5.0032455074461035,1.6650281586753457,
899.176045016091,5.003217330740525,1.6641375625864985,
900.1762459807213,5.003189218182983,1.6632460564783154,
901.1764469453516,5.003161169694947,1.6623536205441887,
902.1766479099819,5.003133185199066,1.6614602346452851,
903.1768488746121,5.003105264619171,1.6605658783016102,
904.1770498392424,5.0030774078802915,1.6596705306828117,
905.1772508038727,5.003049614908669,1.6587741705987158,
906.1774517685029,5.003021885631763,1.6578767764894091,
907.1776527331332,5.002994219978271,1.6569783264151647,
908.1778536977635,5.002966617878137,1.656078798045802,
909.1780546623937,5.002939079262565,1.6551781686498561,
910.178255627024,5.002911604064035,1.6542764150832368,
911.1784565916543,5.002884192216319,1.653373513777606,
912.1786575562845,5.002856843654491,1.6524694407281486,
913.1788585209148,5.002829558314945,1.6515641714810845,
914.179059485545,5.002802336135413,1.6506576811206466,
915.1792604501753,5.002775177054979,1.649749944255558,
916.1794614148056,5.002748081014098,1.648840935005018,
917.1796623794359,5.002721047954611,1.6479306269841953,
918.1798633440661,5.002694077819766,1.6470189932890973,
919.1800643086964,5.002667170554234,1.6461060064809219,
920.1802652733267,5.002640326104132,1.645191638569818,
921.1804662379569,5.0026135444170405,1.644275860997926,
922.1806672025872,5.002586825442027,1.643358644621851,
923.1808681672175,5.002560169129665,1.6424399596944141,
924.1810691318477,5.002533575432057,1.6415197758455569,
925.181270096478,5.0025070443028605,1.6405980620626908,
926.1814710611083,5.002480575697307,1.6396747866700345,
927.1816720257385,5.002454169572231,1.6387499173072546,
928.1818729903688,5.0024278258860955,1.6378234209071572,
929.182073954999,5.0024015445990155,1.6368952636723828,
930.1822749196293,5.002375325672789,1.635965411051234,
931.1824758842596,5.002349169070924,1.635033827712406,
932.1826768488899,5.00232307475867,1.6341004775186494,
933.1828778135201,5.002297042703045,1.633165323499186,
934.1830787781504,5.002271072872872,1.6322283278210912,
935.1832797427807,5.002245165238808,1.6312894517592653,
936.1834807074109,5.002219319773382,1.630348655665108,
937.1836816720412,5.002193536451029,1.6294058989337241,
938.1838826366715,5.002167815248125,1.628461139969742,
939.1840836013017,5.002142156143029,1.627514336151362,
940.184284565932,5.002116559116122,1.626565443792966,
941.1844855305623,5.002091024149847,1.6256144181057024,
942.1846864951925,5.0020655512287515,1.6246612131563907,
943.1848874598228,5.0020401403395365,1.62370578182431,
944.185088424453,5.002014791471098,1.6227480757559432,
945.1852893890833,5.00198950461458,1.621788045317482,
946.1854903537136,5.001964279763422,1.62082563954495,
947.1856913183439,5.0019391169134115,1.6198608060917308,
948.1858922829741,5.001914016062741,1.6188934911736002,
949.1860932476044,5.0018889772120625,1.6179236395107275,
950.1862942122347,5.00186400036455,1.6169511942667234,
951.1864951768649,5.001839085525957,1.6159760969844996,
952.1866961414952,5.001814232704687,1.6149982875185895,
953.1868971061255,5.001789441911855,1.6140177039639336,
954.1870980707557,5.001764713161362,1.6130342825806048,
955.187299035386,5.0017400464699655,1.6120479577145062,
956.1875000000163,5.001715441857361,1.6110586617135136,
957.1877009646465,5.00169089934626,1.6100663248388716,
958.1879019292768,5.001666418962469,1.6090708751713656,
959.1881028939071,5.0016420007349875,1.608072238512206,
960.1883038585373,5.0016176446960925,1.60707033827794,
961.1885048231676,5.001593350881437,1.6060650953889442,
962.1887057877979,5.0015691193301555,1.6050564281513742,
963.1889067524281,5.001544950084962,1.6040442521315108,
964.1891077170584,5.001520843192269,1.603028480022576,
965.1893086816887,5.001496798702302,1.6020090215028182,
966.1895096463189,5.001472816669221,1.600985783084581,
967.1897106109492,5.001448897151253,1.599958667953577,
968.1899115755795,5.001425040210825,1.5989275757972814,
969.1901125402097,5.001401245914711,1.5978924026219983,
970.19031350484,5.00137751433418,1.596853040557274,
971.1905144694703,5.001353845545158,1.5958093776468334,
972.1907154341005,5.001330239628394,1.5947612976246097,
973.1909163987308,5.001306696669639,1.5937086796749356,
974.1911173633611,5.001283216759834,1.5926513981750396,
975.1913183279913,5.001259799995309,1.5915893224186612,
976.1915192926216,5.001236446477995,1.5905223163187558,
977.1917202572519,5.001213156315642,1.5894502380873683,
978.1919212218821,5.001189929622063,1.5883729398906157,
979.1921221865124,5.00116676651738,1.5872902674763099,
980.1923231511427,5.001143667128294,1.5862020597714492,
981.1925241157729,5.001120631588369,1.5851081484465706,
982.1927250804032,5.0010976600383374,1.5840083574436137,
983.1929260450335,5.001074752626419,1.5829025024634007,
984.1931270096637,5.00105190950867,1.5817903904084214,
985.193327974294,5.00102913084935,1.5806718187761795,
986.1935289389243,5.00100641682132,1.5795465749974082,
987.1937299035545,5.000983767606464,1.5784144357131424,
988.1939308681848,5.000961183396146,1.577275165983238,
989.1941318328151,5.000938664391694,1.576128518418581,
990.1943327974453,5.000916210804935,1.5749742322275218,
991.1945337620756,5.000893822858756,1.5738120321659126,
992.1947347267059,5.000871500787718,1.572641627378733,
993.1949356913361,5.000849244838723,1.5714627101189889,
994.1951366559664,5.00082705527173,1.5702749543277676,
995.1953376205967,5.000804932360539,1.5690780140564942,
996.1955385852269,5.000782876393634,1.5678715217092016,
997.1957395498572,5.000760887675121,1.5666550860793647,
998.1959405144875,5.000738966525728,1.5654282901505083,
999.1961414791177,5.000717113283925,1.564190688625468,
1000.196342443748,5.000695329056059,1.5629418480871093,
1001.1965434083783,5.000673628600854,1.5616820949942043,
1002.1967443730085,5.000652019791945,1.560411356259421,
1003.1969453376388,5.000630502794764,1.5591290828992814,
1004.1971463022691,5.000609077797767,1.5578346835809762,
1005.1973472668993,5.000587745014165,1.5565275198470454,
1006.1975482315296,5.000566504683866,1.5552069006222577,
1007.1977491961599,5.0005453570756435,1.5538720758655893,
1008.1979501607901,5.0005243024895805,1.5525222291987797,
1009.1981511254204,5.000503341259827,1.551156469301077,
1010.1983520900507,5.000482473757727,1.549773819807707,
1011.1985530546809,5.000461700395384,1.5483732073797238,
1012.1987540193112,5.0004410216297375,1.54695344752254,
1013.1989549839415,5.000420437967264,1.545513227609202,
1014.1991559485717,5.000399949969418,1.5440510864014716,
1015.199356913202,5.000379558258966,1.5425653891397626,
1016.1995578778323,5.000359263527438,1.5410542969666532,
1017.1997588424625,5.000339066543921,1.53951572901717,
1018.1999598070928,5.000318968165565,1.5379473148969898,
1019.2001607717231,5.0002989693502204,1.5363463343775818,
1020.2003617363533,5.000279071171828,1.5347096398193132,
1021.2005627009836,5.000259274839362,1.533033554835099,
1022.2007636656139,5.000239581720464,1.5313137396045915,
1023.2009646302441,5.000219993371399,1.5295450082926865,
1024.2011655948743,5.000200511575664,1.5277210758460513,
1025.2013665595045,5.000181138394799,1.5258341974264429,
1026.2015675241348,5.000161876236865,1.5238746386644406,
1027.201768488765,5.000142727951412,1.5218298676601623,
1028.2019694533953,5.000123696965892,1.519683264901767,
1029.2021704180256,5.000104787490307,1.5174119421271088,
1030.2023713826559,5.000086004841955,1.5149827717410713,
1031.2025723472862,5.000067356000912,1.512344401344796,
1032.2027733119164,5.00004885066698,1.5094087244685113,
1033.2029742765467,5.000030503634215,1.5059968884232307,
1034.203175241177,5.000012342097862,1.5015915826261783,
1035.2033762058072,5.0,1.4953487812212205,
