Time,Mass,Radius,Lx
23.0,68.9970542082866,10.27,1.4400000000000044e+30
33.0,68.96534925780945,10.267012922287309,9.608148632040048e+29
43.0,68.94238208961964,10.26484875871855,7.141689329244582e+29
53.0,68.92439839843152,10.263153996341604,5.649705259564626e+29
63.0,68.90963494149217,10.26176258380632,4.654733014708629e+29
73.0,68.89712246379324,10.260583233788735,3.946250603696251e+29
83.0,68.88627125234528,10.259560400959952,3.417395902614609e+29
93.0,68.87669595328673,10.258657786231641,3.0083149638050898e+29
103.0,68.8681310006727,10.257850372692868,2.682945830449133e+29
113.0,68.86038568063938,10.257120193742994,2.4183009040256858e+29
123.0,68.85331845102594,10.256453914490438,2.1990531876004418e+29
133.0,68.84682139808754,10.25584136780094,2.01460140002313e+29
143.0,68.84081038099824,10.25527462601245,1.8573854515210003e+29
153.0,68.83521853766555,10.254747389226255,1.721872906045712e+29
163.0,68.82999186455307,10.254254568940636,1.6039245033447164e+29
173.0,68.82508612375207,10.253791996697277,1.5003833144437669e+29
183.0,68.82046462639286,10.253356215272223,1.4088008244861241e+29
193.0,68.81609661057607,10.252944325867917,1.3272495945060565e+29
203.0,68.81195603232571,10.25255387421104,1.2541922296193692e+29
213.0,68.80802064955613,10.25218276425247,1.1883878871947347e+29
223.0,68.80427131783145,10.251829191818695,1.1288243725567976e+29
233.0,68.80069144179194,10.251491592927897,1.0746680239487184e+29
243.0,68.79726654273271,10.25116860304843,1.0252261876257541e+29
253.0,68.79398391404197,10.250859024634504,9.799187485050038e+28
263.0,68.79083234392905,10.250561801001332,9.382562705124826e+28
273.0,68.78780189027721,10.250275995111112,8.998230266134645e+28
283.0,68.78488369629717,10.25000077220308,8.642636909587312e+28
293.0,68.78206983842581,10.249735385461557,8.312728050695232e+28
303.0,68.77935319993578,10.249479164106472,8.005863674988826e+28
313.0,68.77672736521525,10.249231503431401,7.719750648521582e+28
323.0,68.77418653079292,10.24899185641939,7.452387830236762e+28
333.0,68.77172543002584,10.24875972664611,7.202021254098013e+28
343.0,68.76933926900935,10.248534662240411,6.9671072943074535e+28
353.0,68.76702367176226,10.248316250718865,6.746282206115816e+28
363.0,68.76477463312305,10.24810411454686,6.538336793721333e+28
373.0,68.76258847809217,10.247897907307136,6.342195228112778e+28
383.0,68.76046182659081,10.247697310378681,6.156897244556254e+28
393.0,68.75839156279365,10.247502030046657,5.981583108342004e+28
403.0,68.75637480834149,10.247311794977932,5.815480860414325e+28
413.0,68.75440889886012,10.24712635400816,5.657895450390807e+28
423.0,68.75249136330764,10.246945474195407,5.508199439716609e+28
433.0,68.75061990575155,10.246768939102747,5.365825017113498e+28
443.0,68.74879238924066,10.246596547278259,5.23025711568212e+28
453.0,68.74700682148965,10.246428110905851,5.101027458724873e+28
463.0,68.74526134213725,10.246263454604382,4.977709391647304e+28
473.0,68.74355421137538,10.246102414355954,4.859913381753382e+28
483.0,68.7418837997758,10.245944836547123,4.747283087594925e+28
493.0,68.74024857916642,10.24579057710894,4.639491915713742e+28
503.0,68.73864711442995,10.245639500744005,4.536239995863235e+28
513.0,68.73707805611535,10.245491480230056,4.437251516692003e+28
523.0,68.73554013376733,10.245346395791273,4.34227237286978e+28
533.0,68.73403214989187,10.24520413452949,4.251068082095961e+28
543.0,68.73255297448642,10.24506458990865,4.163421936639282e+28
553.0,68.73110154007259,10.24492766128661,4.079133359242739e+28
563.0,68.72967683717687,10.244793253489172,3.998016437574193e+28
573.0,68.72827791021207,10.244661276421871,3.919898615058394e+28
583.0,68.72690385371729,10.244531644715577,3.844619519010201e+28
593.0,68.7255538089198,10.244404277402412,3.772029909598973e+28
603.0,68.72422696058645,10.244279097618971,3.7019907353898785e+28
613.0,68.72292253413563,10.244156032334098,3.634372283094322e+28
623.0,68.72163979298455,10.244035012098834,3.56905341077223e+28
633.0,68.72037803610905,10.243915970816406,3.505920855107606e+28
643.0,68.71913659579607,10.243798845530364,3.4448686045621543e+28
653.0,68.71791483557054,10.243683576229172,3.3857973312299055e+28
663.0,68.716712148281,10.24357010566575,3.328613875094102e+28
673.0,68.7155279543294,10.243458379190601,3.273230775146898e+28
683.0,68.71436170003228,10.243348344597338,3.2195658424905007e+28
693.0,68.71321285610193,10.243239951979504,3.1675417711098536e+28
703.0,68.71208091623701,10.24313315359772,3.1170857825044177e+28
713.0,68.71096539581337,10.243027903756264,3.068129300800425e+28
723.0,68.70986583066669,10.242924158688329,3.0206076553441653e+28
733.0,68.7087817759592,10.242821876449176,2.9744598081088783e+28
743.0,68.70771280512378,10.242721016816606,2.9296281035391305e+28
753.0,68.70665850887904,10.24262154119811,2.8860580387125904e+28
763.0,68.70561849430983,10.242523412544186,2.8436980519245997e+28
773.0,68.70459238400797,10.242426595267338,2.802499327999786e+28
783.0,68.70357981526861,10.242331055166325,2.7624156188107363e+28
793.0,68.70258043933791,10.242236759355217,2.7234030776392454e+28
803.0,68.70159392070815,10.242143676196973,2.6854201061535656e+28
813.0,68.70061993645672,10.242051775241094,2.6484272128975043e+28
823.0,68.69965817562584,10.24196102716518,2.6123868822960744e+28
833.0,68.69870833863996,10.24187140371998,2.5772634532793694e+28
843.0,68.6977701367581,10.241782877677776,2.54302300671281e+28
853.0,68.69684329155872,10.241695422783817,2.509633260899142e+28
863.0,68.69592753445491,10.241609013710613,2.477063474486638e+28
873.0,68.69502260623746,10.241523626014857,2.4452843561798343e+28
883.0,68.69412825664433,10.241439236096834,2.414267980704598e+28
893.0,68.69324424395442,10.241355821162133,2.383987710529156e+28
903.0,68.69237033460415,10.241273359185485,2.354418122887489e+28
913.0,68.69150630282522,10.241191828876623,2.325534941691823e+28
923.0,68.6906519303023,10.241111209648011,2.2973149739572844e+28
933.0,68.68980700584925,10.24103148158431,2.2697360503945666e+28
943.0,68.68897132510271,10.240952625413492,2.2427769698560827e+28
953.0,68.688144690232,10.240874622479494,2.216417447347854e+28
963.0,68.68732690966412,10.24079745471629,2.190638065343639e+28
973.0,68.68651779782327,10.240721104623333,2.1654202281597913e+28
983.0,68.68571717488354,10.240645555242233,2.140746119169251e+28
993.0,68.68492486653436,10.240570790134656,2.116598660651226e+28
1003.0,68.68414086744843,10.240496808807853,2.090081135351165e+28
1013.0,68.68336727815701,10.240423809487545,2.057564507998924e+28
1023.0,68.68260465766295,10.240351844936225,2.0258657787155107e+28
1033.0,68.68185274503898,10.24028089054404,1.9949566780668547e+28
1043.0,68.6811112880203,10.240210922518006,1.9648101746444167e+28
1053.0,68.68038004263705,10.240141917847355,1.9354004096365916e+28
1063.0,68.67965877286579,10.240073854270673,1.90670263543932e+28
1073.0,68.67894725029863,10.240006710244705,1.8786931580213176e+28
1083.0,68.67824525382919,10.239940464914753,1.851349282781836e+28
1093.0,68.67755256935419,10.239875098086522,1.824649263659377e+28
1103.0,68.6768689894899,10.239810590199404,1.7985722552685233e+28
1113.0,68.67619431330252,10.239746922301038,1.7730982678592005e+28
1123.0,68.67552834605159,10.239684076023131,1.748208124908331e+28
1133.0,68.674870898946,10.239622033558442,1.723883423168225e+28
1143.0,68.67422178891144,10.23956077763886,1.700106495009184e+28
1153.0,68.67358083836905,10.239500291514533,1.6768603729058693e+28
1163.0,68.67294787502442,10.239440558933968,1.6541287559280541e+28
1173.0,68.67232273166641,10.23938156412506,1.6318959781065499e+28
1183.0,68.6717052459753,10.239323291777012,1.6101469785544454e+28
1193.0,68.67109526033971,10.23926572702306,1.588867273232399e+28
1203.0,68.67049262168189,10.239208855424007,1.5680429282546348e+28
1213.0,68.66989718129082,10.239152662952478,1.5476605346395964e+28
1223.0,68.66930879466285,10.239097135977902,1.5277071844159233e+28
1233.0,68.66872732134931,10.239042261252129,1.5081704480006252e+28
1243.0,68.6681526248109,10.238988025895715,1.4890383527720523e+28
1253.0,68.66758457227843,10.23893441738478,1.4702993627655415e+28
1263.0,68.66702303461956,10.23888142353844,1.4519423594245204e+28
1273.0,68.66646788621127,10.238829032506793,1.433956623344352e+28
1283.0,68.66591900481775,10.238777232759391,1.41633181695041e+28
1293.0,68.66537627147355,10.238726013074226,1.3990579680557288e+28
1303.0,68.66483957037143,10.238675362527157,1.3821254542471741e+28
1313.0,68.66430878875511,10.238625270481796,1.3655249880524102e+28
1323.0,68.6637838168163,10.238575726579793,1.3492476028430196e+28
1333.0,68.66326454759604,10.238526720731532,1.333284639432007e+28
1343.0,68.66275087688996,10.238478243107203,1.3176277333265775e+28
1353.0,68.66224270315743,10.238430284128233,1.3022688025995552e+28
1363.0,68.6617399274344,10.238382834459063,1.2872000363451093e+28
1373.0,68.66124245324959,10.238335884999245,1.272413883686598e+28
1383.0,68.66075018654412,10.238289426875864,1.257903043306326e+28
1393.0,68.66026303559418,10.238243451436249,1.2436604534688825e+28
1403.0,68.65978091093682,10.238197950240965,1.2296792825114366e+28
1413.0,68.65930372529849,10.238152915057086,1.2159529197759997e+28
1423.0,68.65883139352643,10.238108337851713,1.2024749669601522e+28
1433.0,68.65836383252264,10.238064210785755,1.1892392298641452e+28
1443.0,68.65790096118035,10.238020526207936,1.1762397105136008e+28
1453.0,68.65744270032283,10.237977276649023,1.1634705996382474e+28
1463.0,68.65698897264461,10.237934454816282,1.1509262694882854e+28
1473.0,68.65653970265475,10.237892053588126,1.1386012669710393e+28
1483.0,68.65609481662226,10.237850066008978,1.1264903070915544e+28
1493.0,68.65565424252351,10.237808485284296,1.114588266681745e+28
1503.0,68.65521790999159,10.237767304775808,1.102890178403556e+28
1513.0,68.65478575026744,10.2377265179969,1.0913912250124469e+28
1523.0,68.65435769615272,10.237686118608174,1.0800867338682597e+28
1533.0,68.65393368196443,10.23764610041316,1.0689721716812628e+28
1543.0,68.65351364349115,10.237606457354195,1.058043139481841e+28
1553.0,68.65309751795068,10.23756718350843,1.0472953678029298e+28
1563.0,68.65268524394932,10.237528273083983,1.036724712064904e+28
1573.0,68.65227676144247,10.23748972041623,1.0263271481531739e+28
1583.0,68.65187201169663,10.237451519964218,1.0160987681792809e+28
1593.0,68.65147093725267,10.237413666307198,1.0060357764167797e+28
1603.0,68.6510734818904,10.23737615414129,9.961344854036515e+27
1613.0,68.65067959059432,10.237338978276238,9.863913122034388e+27
1623.0,68.65028920952047,10.23730213363231,9.768027748177005e+27
1633.0,68.64990228596447,10.237265615237261,9.67365488742779e+27
1643.0,68.6495187683306,10.237229418223418,9.580761636642259e+27
1653.0,68.64913860610184,10.237193537824874,9.489316002825918e+27
1663.0,68.648761749811,10.237157969374733,9.399286872645987e+27
1673.0,68.6483881510127,10.237122708302502,9.310643983140233e+27
1683.0,68.64801776225629,10.237087750131511,9.223357893569133e+27
1693.0,68.64765053705969,10.23705309047646,9.137399958360179e+27
1703.0,68.64728642988399,10.237018725041013,9.05274230109589e+27
1713.0,68.64692539610891,10.236984649615492,8.96935778949935e+27
1723.0,68.64656739200903,10.236950860074632,8.887220011373481e+27
1733.0,68.64621237473078,10.236917352375412,8.806303251452434e+27
1743.0,68.6458603022701,10.23688412255494,8.726582469125438e+27
1753.0,68.64551113345085,10.236851166728433,8.648033276995488e+27
1763.0,68.64516482790391,10.236818481087226,8.570631920237025e+27
1773.0,68.64482134604683,10.236786061896868,8.49435525671848e+27
1783.0,68.64448064906415,10.236753905495261,8.419180737857249e+27
1793.0,68.6441426988884,10.236722008290862,8.345086390176169e+27
1803.0,68.64380745818156,10.236690366760945,8.272050797532034e+27
1813.0,68.64347489031708,10.236658977449892,8.200053083988135e+27
1823.0,68.64314495936257,10.236627836967578,8.129072897304038e+27
1833.0,68.64281763006286,10.236596941987758,8.059090393017164e+27
1843.0,68.64249286782363,10.236566289246522,7.990086219091827e+27
1853.0,68.6421706386955,10.236535875540808,7.922041501112572e+27
1863.0,68.64185090935861,10.236505697726937,7.854937827999701e+27
1873.0,68.64153364710765,10.236475752719207,7.788757238225886e+27
1883.0,68.64121881983728,10.236446037488506,7.723482206513706e+27
1893.0,68.64090639602803,10.236416549061001,7.659095630994922e+27
1903.0,68.64059634473256,10.236387284516825,7.595580820813075e+27
1913.0,68.64028863556234,10.236358240988828,7.532921484151906e+27
1923.0,68.63998323867469,10.236329415661354,7.471101716672822e+27
1933.0,68.63968012476018,10.236300805769051,7.410105990345382e+27
1943.0,68.63937926503041,10.236272408595726,7.349919142655515e+27
1953.0,68.63908063120614,10.236244221473207,7.290526366176811e+27
1963.0,68.63878419550569,10.236216241780273,7.231913198490886e+27
1973.0,68.63848993063371,10.236188466941572,7.174065512443448e+27
1983.0,68.63819780977028,10.236160894426611,7.116969506723222e+27
1993.0,68.63790780656024,10.236133521748737,7.060611696751503e+27
2003.0,68.63761989510286,10.23610634646417,7.004978905870561e+27
2013.0,68.63733404994178,10.236079366171053,6.9500582568197e+27
2023.0,68.63705024605524,10.23605257850852,6.895837163488174e+27
2033.0,68.6367684588465,10.236025981155812,6.842303322934677e+27
2043.0,68.63648866413463,10.23599957183139,6.78944470766351e+27
2053.0,68.63621083814546,10.235973348292095,6.737249558147974e+27
2063.0,68.63593495750276,10.235947308332303,6.685706375591914e+27
2073.0,68.63566099921972,10.235921449783135,6.634803914920715e+27
2083.0,68.63538894069065,10.235895770511657,6.584531177993409e+27
2093.0,68.63511875968278,10.23587026842013,6.534877407027916e+27
2103.0,68.63485043432844,10.235844941445249,6.485832078231711e+27
2113.0,68.63458394311729,10.235819787557421,6.437384895630586e+27
2123.0,68.6343192648889,10.23579480476007,6.389525785088442e+27
2133.0,68.63405637882535,10.235769991088928,6.342244888511314e+27
2143.0,68.63379526444419,10.235745344611374,6.295532558229129e+27
2153.0,68.63353590159143,10.235720863425781,6.24937935154897e+27
2163.0,68.63327827043481,10.235696545660874,6.203776025473794e+27
2173.0,68.63302235145723,10.2356723894751,6.158713531580889e+27
2183.0,68.63276812545023,10.235648393056042,6.114183011054509e+27
2193.0,68.63251557350779,10.235624554619802,6.070175789867359e+27
2203.0,68.63226467702022,10.235600872410446,6.026683374105825e+27
2213.0,68.63201541766814,10.235577344699424,5.983697445434027e+27
2223.0,68.6317677774167,10.235553969785034,5.941209856691981e+27
2233.0,68.63152173850989,10.235530745991879,5.899212627623287e+27
2243.0,68.631277283465,10.235507671670346,5.857697940728021e+27
2253.0,68.63103439506722,10.2354847451961,5.816658137236578e+27
2263.0,68.63079305636437,10.235461964969577,5.776085713200457e+27
2273.0,68.63055325066173,10.23543932941551,5.735973315696062e+27
2283.0,68.63031496151706,10.235416836982449,5.696313739137784e+27
2293.0,68.63007817273564,10.235394486142296,5.65709992169678e+27
2303.0,68.6298428683655,10.235372275389857,5.618324941821917e+27
2313.0,68.6296090326928,10.235350203242403,5.579982014859597e+27
2323.0,68.62937665023716,10.235328268239234,5.5420644897692e+27
2333.0,68.62914570574729,10.23530646894126,5.504565845931068e+27
2343.0,68.62891618419658,10.235284803930591,5.467479690044014e+27
2353.0,68.62868807077889,10.235263271810139,5.430799753109507e+27
2363.0,68.62846135090435,10.235241871203211,5.394519887499714e+27
2373.0,68.62823601019532,10.235220600753156,5.358634064106775e+27
2383.0,68.62801203448245,10.235199459122953,5.323136369570685e+27
2393.0,68.62778940980076,10.235178444994878,5.288021003583316e+27
2403.0,68.62756812238584,10.235157557070126,5.253282276266181e+27
2413.0,68.62734815867022,10.23513679406847,5.218914605619628e+27
2423.0,68.62712950527967,10.235116154727919,5.184912515041214e+27
2433.0,68.62691214902972,10.235095637804381,5.151270630911126e+27
2443.0,68.62669607692216,10.235075242071343,5.117983680242569e+27
2453.0,68.62648127614166,10.23505496631954,5.085046488395105e+27
2463.0,68.6262677340525,10.23503480935666,5.052453976849009e+27
2473.0,68.62605543819531,10.235014770007023,5.020201161038791e+27
2483.0,68.6258443762839,10.234994847111292,4.98828314824405e+27
2493.0,68.62563453620214,10.234975039526175,4.956695135535962e+27
2503.0,68.62542590600104,10.234955346124147,4.925432407777659e+27
2513.0,68.62521847389564,10.234935765793164,4.8944903356769395e+27
2523.0,68.62501222826224,10.23491629743639,4.863864373889693e+27
2533.0,68.62480715763547,10.234896939971936,4.833550059172542e+27
2543.0,68.6246032507056,10.234877692332589,4.803543008583241e+27
2553.0,68.62440049631576,10.234858553465562,4.773838917727393e+27
2563.0,68.62419888345931,10.234839522332248,4.7444335590501514e+27
2573.0,68.62399840127725,10.234820597907959,4.7153227801715404e+27
2583.0,68.62379903905563,10.234801779181698,4.686502502264155e+27
2593.0,68.62360078622312,10.23478306515593,4.657968718471975e+27
2603.0,68.62340363234853,10.234764454846333,4.629717492369114e+27
2613.0,68.62320756713842,10.234745947281588,4.601744956457332e+27
2623.0,68.6230125804348,10.234727541503151,4.574047310701211e+27
2633.0,68.6228186622128,10.234709236565044,4.546620821099889e+27
2643.0,68.6226258025784,10.23469103153363,4.51946181829432e+27
2653.0,68.62243399176633,10.234672925487422,4.4925666962090457e+27
2663.0,68.62224322013782,10.23465491751687,4.4659319107274855e+27
2673.0,68.62205347817853,10.23463700672416,4.439553978399809e+27
2683.0,68.6218647564965,10.23461919222303,4.4134294751824675e+27
2693.0,68.62167704582012,10.234601473138568,4.3875550352084826e+27
2703.0,68.62149033699612,10.234583848607032,4.361927349587651e+27
2713.0,68.62130462098764,10.234566317775666,4.3365431652358174e+27
2723.0,68.62111988887236,10.234548879802512,4.3113992837324027e+27
2733.0,68.62093613184057,10.234531533856245,4.28649256020542e+27
2743.0,68.6207533411934,10.234514279115997,4.2618199022432046e+27
2753.0,68.62057150834102,10.234497114771182,4.2373782688321333e+27
2763.0,68.62039062480082,10.234480040021344,4.213164669319616e+27
2773.0,68.62021068219578,10.234463054075976,4.1891761624016685e+27
2783.0,68.62003167225271,10.234446156154373,4.165409855134403e+27
2793.0,68.61985358680063,10.234429345485475,4.1418629019687787e+27
2803.0,68.61967641776913,10.234412621307715,4.118532503807997e+27
2813.0,68.61950015718679,10.234395982868858,4.095415907086919e+27
2823.0,68.61932479717963,10.234379429425866,4.072510402872924e+27
2833.0,68.61915032996953,10.234362960244749,4.0498133259876243e+27
2843.0,68.61897674787278,10.234346574600421,4.0273220541488994e+27
2853.0,68.61880404329857,10.234330271776564,4.0050340071326904e+27
2863.0,68.61863220874758,10.234314051065493,3.982946645954044e+27
2873.0,68.61846123681055,10.234297911768017,3.961057472066896e+27
2883.0,68.61829112016684,10.234281853193314,3.939364026582101e+27
2893.0,68.61812185158317,10.234265874658796,3.917863889503228e+27
2903.0,68.61795342391217,10.234249975489986,3.896554678979668e+27
2913.0,68.61778583009114,10.234234155020397,3.8754340505765916e+27
2923.0,68.61761906314074,10.234218412591407,3.8544996965613276e+27
2933.0,68.61745311616369,10.234202747552134,3.8337493452057357e+27
2943.0,68.6172879823436,10.234187159259331,3.8131807601041674e+27
2953.0,68.61712365494367,10.234171647077263,3.792791739506602e+27
2963.0,68.61696012730556,10.234156210377593,3.7725801156665846e+27
2973.0,68.6167973928482,10.23414084853928,3.7525437542035844e+27
2983.0,68.61663544506659,10.234125560948456,3.732680553479397e+27
2993.0,68.61647427753073,10.234110346998332,3.7129884439882546e+27
3003.0,68.61631388388446,10.23409520608909,3.6934653877602815e+27
3013.0,68.61615425784441,10.234080137627775,3.674109377777966e+27
3023.0,68.6159953931989,10.234065141028196,3.654918437405324e+27
3033.0,68.6158372838069,10.234050215710836,3.635890619829437e+27
3043.0,68.61567992359699,10.234035361102737,3.617024007514053e+27
3053.0,68.61552330656636,10.234020576637421,3.5983167116649533e+27
3063.0,68.61536742677978,10.234005861754786,3.5797668717067947e+27
3073.0,68.61521227836866,10.233991215901012,3.5613726547711475e+27
3083.0,68.61505785553004,10.233976638528484,3.5431322551954445e+27
3093.0,68.61490415252571,10.233962129095682,3.5250438940325866e+27
3103.0,68.61475116368122,10.233947687067115,3.507105818570932e+27
3113.0,68.614598883385,10.233933311913216,3.489316301864428e+27
3123.0,68.61444730608747,10.233919003110273,3.471673642272632e+27
3133.0,68.61429642630013,10.233904760140337,3.454176163010385e+27
3143.0,68.61414623859471,10.233890582491142,3.4368222117069026e+27
3153.0,68.61399673760235,10.233876469656021,3.4196101599740676e+27
3163.0,68.6138479180127,10.233862421133841,3.402538402983684e+27
3173.0,68.61369977457313,10.233848436428906,3.3856053590535004e+27
3183.0,68.61355230208798,10.233834515050894,3.368809469241778e+27
3193.0,68.61340549541765,10.233820656514784,3.352149196950212e+27
3203.0,68.61325934947791,10.233806860340767,3.335623027534996e+27
3213.0,68.6131138592391,10.233793126054191,3.3192294679258525e+27
3223.0,68.61296901972541,10.233779453185484,3.302967046252831e+27
3233.0,68.61282482601406,10.233765841270076,3.2868343114806943e+27
3243.0,68.61268127323467,10.233752289848344,3.2708298330507214e+27
3253.0,68.61253835656846,10.233738798465529,3.2549522005297456e+27
3263.0,68.61239607124762,10.23372536667169,3.239200023266266e+27
3273.0,68.61225441255452,10.233711994021615,3.223571930053467e+27
3283.0,68.61211337582115,10.233698680074776,3.208066568798985e+27
3293.0,68.61197295642837,10.23368542439525,3.192682606201272e+27
3303.0,68.61183314980525,10.233672226551677,3.177418727432395e+27
3313.0,68.61169395142846,10.23365908611718,3.1622736358271376e+27
3323.0,68.6115553568216,10.233646002669305,3.147246052578246e+27
3333.0,68.6114173615546,10.233632975789984,3.1323347164376943e+27
3343.0,68.61127996124307,10.233620005065445,3.117538383423817e+27
3353.0,68.61114315154775,10.233607090086183,3.102855826534189e+27
3363.0,68.61100692817384,10.233594230446888,3.0882858354641207e+27
3373.0,68.61087128687046,10.233581425746392,3.073827216330632e+27
3383.0,68.61073622343008,10.233568675587616,3.059478791401804e+27
3393.0,68.6106017336879,10.233555979577517,3.0452393988313605e+27
3403.0,68.61046781352135,10.233543337327037,3.031107892398391e+27
3413.0,68.61033445884951,10.233530748451043,3.017083141252077e+27
3423.0,68.61020166563256,10.233518212568287,3.003164029661331e+27
3433.0,68.61006942987127,10.233505729301347,2.989349456769218e+27
3443.0,68.60993774760647,10.233493298276583,2.9756383363520846e+27
3453.0,68.60980661491851,10.233480919124084,2.962029596583257e+27
3463.0,68.60967602792678,10.23346859147762,2.9485221798012355e+27
3473.0,68.60954598278921,10.233456314974603,2.9351150422822746e+27
3483.0,68.60941647570175,10.233444089256027,2.921807154017258e+27
3493.0,68.6092875028979,10.233431913966436,2.9085974984927695e+27
3503.0,68.60915906064825,10.233419788753867,2.8954850724762775e+27
3513.0,68.60903114526,10.233407713269818,2.882468885805339e+27
3523.0,68.60890375307648,10.233395687169189,2.8695479611807346e+27
3533.0,68.6087768804767,10.233383710110257,2.856721333963461e+27
3543.0,68.60865052387494,10.233371781754617,2.8439880519754775e+27
3553.0,68.60852467972026,10.233359901767152,2.831347175304157e+27
3563.0,68.60839934449606,10.233348069815984,2.818797776110331e+27
3573.0,68.60827451471972,10.233336285572442,2.806338938439876e+27
3583.0,68.60815018694213,10.233324548711014,2.793969758038752e+27
3593.0,68.60802635774724,10.233312858909315,2.78168934217143e+27
3603.0,68.6079030237517,10.233301215848037,2.7694968094426294e+27
3613.0,68.6077801816045,10.233289619210929,2.7573912896223036e+27
3623.0,68.60765782798646,10.233278068684745,2.7453719234737977e+27
3633.0,68.60753595960992,10.233266563959207,2.733437862585118e+27
3643.0,68.60741457321835,10.23325510472698,2.7215882692032513e+27
3653.0,68.60729366558594,10.233243690683627,2.7098223160714554e+27
3663.0,68.60717323351724,10.233232321527574,2.698139186269483e+27
3673.0,68.60705327384682,10.233220996960082,2.6865380730566553e+27
3683.0,68.60693378343883,10.233209716685206,2.675018179717748e+27
3693.0,68.60681475918678,10.233198480409762,2.6635787194116096e+27
3703.0,68.60669619801301,10.233187287843295,2.6522189150224764e+27
3713.0,68.60657809686852,10.233176138698052,2.6409379990139167e+27
3723.0,68.60646045273248,10.233165032688941,2.6297352132853547e+27
3733.0,68.60634326261199,10.233153969533502,2.618609809031123e+27
3743.0,68.60622652354172,10.233142948951876,2.607561046601993e+27
3753.0,68.60611023258357,10.233131970666777,2.596588195369125e+27
3763.0,68.60599438682638,10.23312103440346,2.5856905335904005e+27
3773.0,68.60587898338555,10.233110139889686,2.574867348279084e+27
3783.0,68.60576401940281,10.233099286855698,2.564117935074767e+27
3793.0,68.60564949204584,10.233088475034195,2.5534415981165473e+27
3803.0,68.60553539850801,10.233077704160292,2.5428376499184034e+27
3813.0,68.60542173600805,10.233066973971505,2.5323054112467183e+27
3823.0,68.60530850178979,10.233056284207711,2.521844210999908e+27
3833.0,68.60519569312184,10.233045634611132,2.511453386090116e+27
3843.0,68.60508330729732,10.233035024926297,2.501132281326932e+27
3853.0,68.60497134163356,10.233024454900026,2.490880249303095e+27
3863.0,68.60485979347183,10.23301392428139,2.480696650282143e+27
3873.0,68.60474866017708,10.233003432821706,2.4705808520879673e+27
3883.0,68.60463793913763,10.232992980274485,2.4605322299962407e+27
3893.0,68.60452762776494,10.232982566395428,2.450550166627677e+27
3903.0,68.60441772349333,10.232972190942393,2.44063405184309e+27
3913.0,68.60430822377974,10.23296185367537,2.4307832826402154e+27
3923.0,68.60419912610344,10.232951554356456,2.4209972630522625e+27
3933.0,68.60409042796579,10.232941292749837,2.411275404048163e+27
3943.0,68.60398212688999,10.232931068621754,2.4016171234344798e+27
3953.0,68.60387422042086,10.232920881740498,2.3920218457589527e+27
3963.0,68.60376670612457,10.23291073187636,2.38248900221564e+27
3973.0,68.6036595815884,10.232900618801638,2.373018030551633e+27
3983.0,68.6035528444205,10.232890542290589,2.363608374975309e+27
3993.0,68.6034464922497,10.232880502119427,2.3542594860660962e+27
4003.0,68.60334052272522,10.232870498066287,2.344970820685719e+27
4013.0,68.60323493351649,10.232860529911214,2.3357418418909012e+27
4023.0,68.6031297223129,10.232850597436135,2.3265720188474928e+27
4033.0,68.60302488682359,10.232840700424845,2.3174608267459975e+27
4043.0,68.60292042477722,10.23283083866297,2.308407746718476e+27
4053.0,68.6028163339218,10.232821011937974,2.2994122657567958e+27
4063.0,68.6027126120244,10.232811220039116,2.2904738766322043e+27
4073.0,68.60260925687105,10.23280146275744,2.2815920778162e+27
4083.0,68.6025062662664,10.232791739885752,2.272766373402681e+27
4093.0,68.60240363803364,10.232782051218605,2.2639962730313385e+27
4103.0,68.6023013700142,10.232772396552276,2.2552812918122858e+27
4113.0,68.60219946006767,10.232762775684753,2.2466209502518836e+27
4123.0,68.60209790607145,10.232753188415707,2.2380147741797563e+27
4133.0,68.60199670592071,10.232743634546482,2.2294622946769636e+27
4143.0,68.6018958575281,10.232734113880078,2.2209630480053176e+27
4153.0,68.6017953588236,10.232724626221124,2.2125165755378122e+27
4163.0,68.60169520775432,10.232715171375872,2.2041224236901585e+27
4173.0,68.60159540228433,10.232705749152167,2.195780143853395e+27
4183.0,68.60149594039449,10.232696359359444,2.1874892923275578e+27
4193.0,68.60139682008224,10.232687001808701,2.179249430256391e+27
4203.0,68.60129803936145,10.232677676312488,2.1710601235630806e+27
4213.0,68.60119959626225,10.232668382684885,2.162920942886989e+27
4223.0,68.60110148883082,10.232659120741493,2.1548314635213748e+27
4233.0,68.60100371512927,10.23264989029941,2.1467912653520822e+27
4243.0,68.60090627323544,10.232640691177222,2.1387999327971793e+27
4253.0,68.60080916124275,10.232631523194987,2.1308570547475294e+27
4263.0,68.60071237726004,10.232622386174215,2.1229622245082784e+27
4273.0,68.6006159194114,10.232613279937857,2.115115039741246e+27
4283.0,68.60051978583601,10.232604204310286,2.107315102408197e+27
4293.0,68.60042397468801,10.232595159117288,2.0995620187149845e+27
4303.0,68.60032848413631,10.232586144186042,2.0918553990565467e+27
4313.0,68.60023331236444,10.23257715934511,2.0841948579627403e+27
4323.0,68.60013845757042,10.232568204424418,2.0765800140449996e+27
4333.0,68.60004391796662,10.232559279255247,2.0690104899438047e+27
4343.0,68.59994969177957,10.232550383670215,2.0614859122769458e+27
4353.0,68.59985577724986,10.232541517503266,2.054005911588567e+27
4363.0,68.59976217263197,10.232532680589657,2.0465701222989805e+27
4373.0,68.59966887619413,10.232523872765938,2.0391781826552347e+27
4383.0,68.5995758862182,10.232515093869951,2.031829734682423e+27
4393.0,68.59948320099952,10.232506343740805,2.024524424135723e+27
4403.0,68.59939081884674,10.23249762221887,2.017261900453151e+27
4413.0,68.59929873808177,10.232488929145765,2.0100418167090202e+27
4423.0,68.59920695703957,10.232480264364336,2.002863829568093e+27
4433.0,68.59911547406803,10.232471627718658,1.9957275992404108e+27
4443.0,68.59902428752787,10.232463019054013,1.9886327894367942e+27
4453.0,68.5989333957925,10.232454438216877,1.9815790673249993e+27
4463.0,68.59884279724788,10.232445885054913,1.97456610348652e+27
4473.0,68.59875249029243,10.232437359416963,1.967593571874028e+27
4483.0,68.59866247333683,10.232428861153023,1.9606611497694318e+27
4493.0,68.59857274480402,10.232420390114246,1.953768517742556e+27
4503.0,68.59848330312894,10.232411946152919,1.946915359610418e+27
4513.0,68.59839414675852,10.232403529122454,1.9401013623971028e+27
4523.0,68.59830527415153,10.232395138877392,1.9333262162942188e+27
4533.0,68.59821668377842,10.232386775273367,1.9265896146219276e+27
4543.0,68.59812837412127,10.232378438167117,1.9198912537905384e+27
4553.0,68.59804034367366,10.232370127416457,1.9132308332626568e+27
4563.0,68.59795259094052,10.232361842880282,1.9066080555158793e+27
4573.0,68.59786511443805,10.232353584418544,1.9000226260060245e+27
4583.0,68.59777791269363,10.232345351892253,1.8934742531308902e+27
4593.0,68.59769098424566,10.23233714516346,1.8869626481945325e+27
4603.0,68.5976043276435,10.232328964095247,1.880487525372053e+27
4613.0,68.59751794144732,10.232320808551723,1.874048601674889e+27
4623.0,68.59743182422807,10.232312678398005,1.8676455969165943e+27
4633.0,68.59734597456728,10.232304573500214,1.8612782336791138e+27
4643.0,68.59726039105703,10.232296493725467,1.854946237279525e+27
4653.0,68.59717507229985,10.232288438941865,1.848649335737259e+27
4663.0,68.59709001690855,10.23228040901848,1.8423872597417768e+27
4673.0,68.5970052235062,10.232272403825354,1.8361597426207058e+27
4683.0,68.596920690726,10.232264423233481,1.8299665203084206e+27
4693.0,68.59683641721116,10.232256467114805,1.8238073313150648e+27
4703.0,68.59675240161488,10.232248535342208,1.8176819166960057e+27
4713.0,68.59666864260015,10.2322406277895,1.8115900200217174e+27
4723.0,68.59658513883976,10.232232744331409,1.80553138734808e+27
4733.0,68.59650188901612,10.23222488484358,1.7995057671870937e+27
4743.0,68.59641889182126,10.232217049202557,1.7935129104779976e+27
4753.0,68.59633614595666,10.232209237285787,1.7875525705587892e+27
4763.0,68.59625365013319,10.232201448971592,1.7816245031381374e+27
4773.0,68.59617140307107,10.232193684139181,1.7757284662676815e+27
4783.0,68.59608940349969,10.232185942668632,1.7698642203147102e+27
4793.0,68.59600765015759,10.232178224440878,1.7640315279352188e+27
4803.0,68.59592614179236,10.232170529337715,1.7582301540473313e+27
4813.0,68.59584487716057,10.232162857241779,1.752459865805089e+27
4823.0,68.59576385502767,10.232155208036549,1.7467204325725947e+27
4833.0,68.59568307416788,10.232147581606332,1.7410116258985086e+27
4843.0,68.59560253336419,10.23213997783626,1.7353332194908917e+27
4853.0,68.59552223140818,10.232132396612275,1.729684989192389e+27
4863.0,68.59544216710003,10.232124837821134,1.7240667129557497e+27
4873.0,68.59536233924838,10.232117301350389,1.718478170819675e+27
4883.0,68.5952827466703,10.232109787088392,1.7129191448849958e+27
4893.0,68.59520338819118,10.232102294924275,1.7073894192911658e+27
4903.0,68.59512426264465,10.232094824747948,1.701888780193072e+27
4913.0,68.59504536887252,10.232087376450101,1.6964170157381567e+27
4923.0,68.59496670572474,10.232079949922182,1.6909739160438435e+27
4933.0,68.59488827205926,10.2320725450564,1.6855592731752644e+27
4943.0,68.594810066742,10.232065161745714,1.680172881123284e+27
4953.0,68.59473208864677,10.23205779988383,1.674814535782815e+27
4963.0,68.59465433665518,10.232050459365185,1.6694840349314214e+27
4973.0,68.59457680965664,10.232043140084958,1.6641811782082042e+27
4983.0,68.59449950654819,10.232035841939043,1.658905767092966e+27
4993.0,68.59442242623447,10.232028564824057,1.6536576048856497e+27
5003.0,68.59434556762773,10.232021308637329,1.6484364966860487e+27
