Time,Mass,Radius,Lx
23.0,6.728688454232868,8.74,1.3e+30
23.1,6.72729345585578,8.734295966492507,1.2752474159660922e+30
23.200000000000003,6.7259257228309774,8.728652761198322,1.2510700187002163e+30
23.300000000000004,6.724584595091916,8.723069197671197,1.2274520488710872e+30
23.400000000000006,6.723269431679323,8.717544119711485,1.204378243952064e+30
23.500000000000007,6.7219796100964135,8.712076400457088,1.1818338205272531e+30
23.60000000000001,6.72071452568898,8.706664941505208,1.159804457299554e+30
23.70000000000001,6.719473591049271,8.701308672063687,1.1382762787699839e+30
23.80000000000001,6.7182562354426265,8.696006548130894,1.117235839559073e+30
23.900000000000013,6.717061904255915,8.69075755170309,1.0966701093425096e+30
24.000000000000014,6.715890058466806,8.685560690008266,1.0765664583745275e+30
24.100000000000016,6.714740174133031,8.680414994765478,1.0569126435737776e+30
24.200000000000017,6.713611741900743,8.675319521468765,1.0376967951476133e+30
24.30000000000002,6.71250426653122,8.670273348694742,1.0189074037318373e+30
24.40000000000002,6.711417266445101,8.665275577433006,1.0005333080240303e+30
24.50000000000002,6.7103502732834395,8.66032533043854,9.825636828895939e+29
24.600000000000023,6.709302831484891,8.655421751605314,9.64988027920604e+29
24.700000000000024,6.708274497878337,8.650564005360316,9.477961564284822e+29
24.800000000000026,6.70726484129034,8.645751276077277,9.309781848523675e+29
24.900000000000027,6.706273442166802,8.640982767509424,9.145245225658937e+29
25.00000000000003,6.705299892208261,8.636257702240481,8.9842586206586e+29
25.10000000000003,6.704343794018268,8.631575321153429,8.826731695270362e+29
25.20000000000003,6.703404760764309,8.626934882916197,8.672576757080504e+29
25.300000000000033,6.70248241585079,8.622335663483874,8.521708671939781e+29
25.400000000000034,6.70157639260357,8.617776955616717,8.37404477961903e+29
25.500000000000036,6.700686333965619,8.61325806841349,8.229504812563264e+29
25.600000000000037,6.699811892203325,8.608778326859527,8.088010817618802e+29
25.70000000000004,6.698952728623063,8.604337071389068,7.949487080613647e+29
25.80000000000004,6.698108513297595,8.599933657461325,7.813860053676446e+29
25.90000000000004,6.697278924801937,8.595567455149798,7.68105828518451e+29
26.000000000000043,6.696463649958313,8.591237848744443,7.551012352236112e+29
26.100000000000044,6.6956623835898466,8.586944236366142,7.423654795546813e+29
26.200000000000045,6.6948748282826624,8.582686029593168,7.298920056673982e+29
26.300000000000047,6.6941006941560595,8.578462653099141,7.176744417477727e+29
26.40000000000005,6.693339698640458,8.57427354430213,7.057065941730487e+29
26.50000000000005,6.692591566262823,8.570118153024497,6.939824418791223e+29
26.60000000000005,6.691856028439275,8.565995941163147,6.824961309263782e+29
26.700000000000053,6.691132823274633,8.561906382369788,6.712419692562433e+29
26.800000000000054,6.690421695368604,8.557848961740897,6.602144216310775e+29
26.900000000000055,6.689722395628397,8.553823175517065,6.494081047503424e+29
27.000000000000057,6.689034681087502,8.549828530791363,6.388177825362774e+29
27.10000000000006,6.68835831473042,8.545864545226475,6.284383615826022e+29
27.20000000000006,6.687693065323113,8.541930746780311,6.1826488676003266e+29
27.30000000000006,6.687038707248971,8.538026673439738,6.082925369726546e+29
27.400000000000063,6.686395020350098,8.534151872962276,5.9851662105945e+29
27.500000000000064,6.6857617897737045,8.530305902625383,5.88932573835504e+29
27.600000000000065,6.685138805823448,8.526488328983174,5.795359522676454e+29
27.700000000000067,6.6845258638155185,8.522698727630257,5.7032243177949045e+29
27.800000000000068,6.683922763939314,8.51893668297249,5.612878026810644e+29
27.90000000000007,6.683329311122536,8.515201788004429,5.524279667183711e+29
28.00000000000007,6.682745314900543,8.51149364409324,5.437389337384708e+29
28.100000000000072,6.68217058928982,8.507811860768872,5.3521681846580304e+29
28.200000000000074,6.681604952665412,8.504156055520285,5.268578373856659e+29
28.300000000000075,6.681048227642186,8.500525853597537,5.18658305730925e+29
28.400000000000077,6.6805002409597725,8.496920887819549,5.106146345681845e+29
28.500000000000078,6.679960823371088,8.493340798387356,5.027233279798007e+29
28.60000000000008,6.679429809534281,8.489785232702665,4.9498098033826454e+29
28.70000000000008,6.6789070379080036,8.486253845191586,4.873842736696151e+29
28.800000000000082,6.678392350649886,8.48274629713331,4.7992997510267955e+29
28.900000000000084,6.677885593518105,8.479262256493637,4.726149344010585e+29
29.000000000000085,6.6773866157759425,8.475801397763172,4.6543608157490084e+29
29.100000000000087,6.676895270099228,8.472363401800024,4.5839042456962184e+29
29.200000000000088,6.67641141248657,8.468947955676928,4.514750470288339e+29
29.30000000000009,6.67593490217228,8.46555475253259,4.446871061288627e+29
29.40000000000009,6.675465601541902,8.462183491427131,4.3802383048232406e+29
29.500000000000092,6.675003376050253,8.458833877201565,4.3148251810833335e+29
29.600000000000094,6.674548094141903,8.455505620341082,4.2506053446701296e+29
29.700000000000095,6.67409962717399,8.45219843684213,4.187553105560535e+29
29.800000000000097,6.673657849341324,8.448912048083082,4.1256434106716715e+29
29.900000000000098,6.6732226376036765,8.445646180698452,4.064851826003586e+29
30.0000000000001,6.672793871615197,8.442400566456499,4.0051545193401116e+29
30.1000000000001,6.672371433655888,8.439174942140154,3.94652824348869e+29
30.200000000000102,6.671955208565061,8.435969049431142,3.888950320040601e+29
30.300000000000104,6.671545083676719,8.432782634797215,3.832398623633823e+29
30.400000000000105,6.6711409487568005,8.429615449382412,3.7768515667013476e+29
30.500000000000107,6.670742695942219,8.426467248900224,3.7222880846884595e+29
30.600000000000108,6.670350219681649,8.423337793529605,3.668687621723067e+29
31.600000000000108,6.666721487181564,8.393024455741374,3.18146386737034e+29
32.60000000000011,6.6635694473703735,8.364351403277052,2.7712226201347403e+29
33.60000000000011,6.660819025554283,8.337138855606984,2.4239712365316817e+29
34.60000000000011,6.658408835550349,8.311234770031527,2.1285745156809813e+29
35.60000000000011,6.656288359771165,8.286509631320268,1.8761104938064032e+29
36.60000000000011,6.654415773944172,8.262852359289743,1.6593844382880353e+29
37.60000000000011,6.652756255189583,8.240167069081641,1.472559170515849e+29
38.60000000000011,6.651280655854495,8.21837048716419,1.3108716885692441e+29
39.60000000000011,6.649964456487399,8.197389875529714,1.1704143490042497e+29
40.60000000000011,6.648786933561061,8.177161352698315,1.0479647265669278e+29
41.60000000000011,6.647730493652514,8.1576285267682,9.40852452589582e+28
42.60000000000011,6.646780137564759,8.13874137553655,8.468543443475606e+28
43.60000000000011,6.6459110479055905,8.120436428904691,8.076731301845238e+28
44.60000000000011,6.645061253288663,8.102593717001236,7.998358543779821e+28
45.60000000000011,6.644225134832642,8.08518409230416,7.9224591210932045e+28
46.60000000000011,6.643402178302368,8.068187844539107,7.848903255829003e+28
47.60000000000011,6.642591899368292,8.051586560171314,7.7775705789164545e+28
48.60000000000011,6.641793841278791,8.0353630119052,7.708349267370769e+28
49.60000000000011,6.641007572757559,8.019501059658646,7.641135276507622e+28
50.60000000000011,6.640232686100255,8.003985561615176,7.575831655027682e+28
51.60000000000011,6.63946879544798,7.9888022941513075,7.512347932585678e+28
52.60000000000011,6.638715535218047,7.973937879600161,7.450599570933788e+28
53.60000000000011,6.637972558675028,7.959379720951366,7.390507470971005e+28
54.60000000000011,6.637239536627156,7.945115942705311,7.331997529079304e+28
55.60000000000011,6.636516156235016,7.9311353372005655,7.275000237016639e+28
56.60000000000011,6.635802119920993,7.917427315819507,7.219450320392919e+28
57.60000000000011,6.635097144369357,7.903981864551069,7.165286411399937e+28
58.60000000000011,6.634400959608008,7.8907895034533215,7.112450752017916e+28
59.60000000000011,6.633713308163926,7.877841249613395,7.060888924394495e+28
60.60000000000011,6.6330339442853035,7.865128583249859,7.010549605499116e+28
61.60000000000011,6.632362633224065,7.852643416643911,6.961384343506825e+28
62.60000000000011,6.631699150573189,7.840378065621524,6.913347353669123e+28
63.60000000000011,6.631043281653853,7.828325223340043,6.8663953316926414e+28
64.60000000000011,6.630394820947924,7.816477936159934,6.820487282875151e+28
65.60000000000011,6.629753571571791,7.804829581406343,6.7755843654474775e+28
66.60000000000011,6.629119344787954,7.7933738468461335,6.731649746743827e+28
67.60000000000011,6.628491959551131,7.7821047117244415,6.688648470974997e+28
68.60000000000011,6.62787124208597,7.771016429221099,6.646547337512323e+28
69.60000000000011,6.627257025493739,7.760103510201599,6.6053147887072385e+28
70.60000000000011,6.626649149385625,7.749360708149991,6.564920806374405e+28
71.60000000000011,6.626047459540483,7.738783005182299,6.525336816157217e+28
72.60000000000011,6.6254518075850894,7.72836559904907,6.486535599074741e+28
73.60000000000011,6.62486205069514,7.718103891044544,6.448491209620249e+28
74.60000000000011,6.62427805131537,7.707993474747793,6.411178899844388e+28
75.60000000000011,6.623699676897347,7.698030125528291,6.374575048912059e+28
76.60000000000011,6.623126799653595,7.688209790754646,6.338657097671764e+28
77.60000000000011,6.622559296326832,7.67852858065085,6.303403487820528e+28
78.60000000000011,6.621997047973221,7.668982759749513,6.268793605287061e+28
79.60000000000011,6.621439939758603,7.659568738896034,6.234807727491165e+28
80.60000000000011,6.6208878607667865,7.650283067761752,6.201426974169051e+28
81.60000000000011,6.620340703819046,7.641122427827819,6.168633261482555e+28
82.60000000000011,6.619798365304038,7.6320836258048175,6.136409259155739e+28
83.60000000000011,6.619260745017412,7.623163587456139,6.1047383504052035e+28
84.60000000000011,6.618727746010467,7.6143593517958355,6.073604594451059e+28
85.60000000000011,6.618199274447233,7.605668065634138,6.042992691414051e+28
86.60000000000011,6.6176752394694125,7.597086978445972,6.012887949421046e+28
87.60000000000011,6.617155553068682,7.588613437539898,5.983276253756298e+28
88.60000000000011,6.616640129965848,7.580244883506618,5.954144037909475e+28
89.60000000000011,6.61612888749644,7.57197884592798,5.925478256383954e+28
90.60000000000011,6.615621745502313,7.563812939328816,5.897266359139982e+28
91.60000000000011,6.615118626228893,7.555744859355329,5.869496267557661e+28
92.60000000000011,6.614619454227701,7.547772379165076,5.842156351813813e+28
93.60000000000011,6.614124156263848,7.539893346014665,5.81523540957536e+28
94.60000000000011,6.613632661228179,7.53210567803233,5.7887226459194115e+28
95.60000000000011,6.613144900053792,7.524407361163563,5.762607654397341e+28
96.60000000000011,6.612660805636681,7.516796446278798,5.736880399166445e+28
97.60000000000011,6.612180312760245,7.509271046432982,5.711531198118664e+28
98.60000000000011,6.611703358023441,7.501829334267551,5.686550706941143e+28
99.60000000000011,6.611229879772373,7.494469539546136,5.661929904048294e+28
100.60000000000011,6.610759818035121,7.487189946815729,5.637660076329511e+28
101.60000000000011,6.61029311445962,7.479988893185849,5.613732805660762e+28
102.60000000000011,6.609829712254419,7.472864766218597,5.590139956132047e+28
103.60000000000011,6.609369556132169,7.465816001923063,5.566873661946169e+28
104.60000000000011,6.608912592255671,7.458841082847947,5.543926315947445e+28
105.60000000000011,6.6084587681863685,7.451938536266763,5.521290558741889e+28
106.60000000000011,6.608008032835127,7.445106932450187,5.498959268373079e+28
107.60000000000011,6.6075603364152,7.438344883020719,5.476925550520447e+28
108.60000000000011,6.607115630397247,7.431651039384901,5.455182729188939e+28
109.60000000000011,6.606673867466309,7.425024091238837,5.433724337861171e+28
110.60000000000011,6.606235001480638,7.418462765142909,5.412544111085097e+28
111.60000000000011,6.6057989874322685,7.411965823161902,5.391635976472062e+28
112.60000000000011,6.605365781409272,7.405532061566982,5.3709940470817145e+28
113.60000000000011,6.604935340559578,7.399160309596201,5.350612614171845e+28
114.60000000000011,6.6045076230563025,7.392849428270377,5.330486140292614e+28
115.60000000000011,6.604082588064501,7.38659830926143,5.310609252705976e+28
116.60000000000011,6.60366019570928,7.380405873810426,5.2909767371123015e+28
117.60000000000011,6.603240407045197,7.374271071692721,5.271583531667395e+28
118.60000000000011,6.6028231840268825,7.368192880227788,5.252424721274079e+28
119.60000000000011,6.602408489480838,7.362170303331419,5.233495532133592e+28
120.60000000000011,6.6019962870783395,7.356202370608196,5.214791326542885e+28
121.60000000000011,6.6015865413094055,7.350288136482131,5.1963075979248015e+28
122.60000000000011,6.6011792174577675,7.344426679363638,5.178039966078874e+28
123.60000000000011,6.60077428157681,7.338617100850996,5.159984172641273e+28
124.60000000000011,6.600371700466426,7.332858524964621,5.142136076743044e+28
125.60000000000011,6.599971441650747,7.3271500974125505,5.124491650856496e+28
126.60000000000011,6.599573473356709,7.32149098488561,5.107046976820136e+28
127.60000000000011,6.59917776449342,7.315880374380887,5.089798242033153e+28
128.6000000000001,6.598784284632287,7.310317472552088,5.0727417358109404e+28
129.6000000000001,6.598393003987873,7.304801505085589,5.055873845893659e+28
130.6000000000001,6.59800389339945,7.299331716100918,5.0391910551002765e+28
131.6000000000001,6.597616924313218,7.29390736757456,5.022689938120977e+28
132.6000000000001,6.597232068765162,7.288527738786,5.006367158441206e+28
142.6000000000001,6.593493995632622,7.237043840271154,4.85227180094808e+28
152.6000000000001,6.5899403260807325,7.189349413319068,4.7128993308381805e+28
162.6000000000001,6.586550699211622,7.144941640117887,4.586008659520164e+28
172.6000000000001,6.583308097185855,7.103410476037002,4.469811906650348e+28
182.6000000000001,6.580198137029382,7.064417268666585,4.3628626029161715e+28
192.6000000000001,6.577208542580372,7.027679182307903,4.263975917394979e+28
202.6000000000001,6.5743287438751565,6.992957637317289,4.172170589683772e+28
212.6000000000001,6.571549568507734,6.960049585721478,4.086625906704156e+28
222.6000000000001,6.568863000556574,6.928780828810428,4.006649318222512e+28
232.6000000000001,6.566261989944969,6.899000830005766,3.9316517112974086e+28
242.6000000000001,6.563740299989578,6.870578639536161,3.861128288091329e+28
252.6000000000001,6.561292384242965,6.843399657317173,3.7946436034747105e+28
262.60000000000014,6.558913286074654,6.817363035776157,3.7318197320645763e+28
272.60000000000014,6.556598556093994,6.792379576916609,3.6723268183246923e+28
282.60000000000014,6.554344183712138,6.768370015146836,3.615875461704506e+28
292.60000000000014,6.552146540011681,6.745263604151296,3.5622105293998973e+28
302.60000000000014,6.550002329736169,6.722996945560167,3.511106090358263e+28
312.60000000000014,6.547908550692765,6.701513011525529,3.462361237676532e+28
322.60000000000014,6.545862459224719,6.680760324007757,3.415796620672272e+28
332.60000000000014,6.543861540687536,6.660692261628961,3.371251548194418e+28
342.60000000000014,6.54190348407617,6.64126647107282,3.3285815550259974e+28
352.60000000000014,6.539986160116367,6.622444364707482,3.2876563462143324e+28
362.60000000000014,6.538107602263051,6.604190689742236,3.2483580517594764e+28
372.60000000000014,6.5362659901510325,6.586473157062848,3.2105797376739103e+28
382.60000000000014,6.534459635124679,6.569262120117141,3.174224129992601e+28
392.60000000000014,6.5326869675382175,6.552530295984228,3.1392025165924745e+28
402.60000000000014,6.530946525570724,6.5362525221639824,3.1054337982137074e+28
412.60000000000014,6.529236945342245,6.520405543748009,3.072843665263987e+28
422.60000000000014,6.5275569521520245,6.504967826540055,3.0413638811333257e+28
432.60000000000014,6.525905352688056,6.489919392428874,3.010931656079825e+28
442.60000000000014,6.524281028080469,6.475241673915759,2.98148909844055e+28
452.60000000000014,6.522682927690432,6.460917385189777,2.952982732110392e+28
462.60000000000014,6.521110063542285,6.446930407547775,2.9253630710191156e+28
472.60000000000014,6.519561505319882,6.433265687290353,2.8985842428032512e+28
482.60000000000014,6.5180363758593085,6.419909144502498,2.8726036550782757e+28
492.60000000000014,6.5165338470795335,6.406847591359014,2.8473816987171257e+28
502.60000000000014,6.5150531363004545,6.394068658788727,2.822881483372951e+28
512.6000000000001,6.513593502904529,6.3815607304943,2.799068601178202e+28
522.6000000000001,6.512154245303885,6.369312883462019,2.775910915133799e+28
532.6000000000001,6.510734698179675,6.357314834212174,2.7533783691911284e+28
542.6000000000001,6.50933422996461,6.345556890139617,2.7314428174423085e+28
552.6000000000001,6.507952240543184,6.334029905378209,2.710077870183477e+28
562.6000000000001,6.506588159147193,6.322725240694986,2.68925875491264e+28
572.6000000000001,6.505241442426792,6.311634726981559,2.668962190576414e+28
582.6000000000001,6.503911572679658,6.300750631963361,2.649166273596065e+28
592.6000000000001,6.502598056222826,6.29006562979319,2.6298503743884317e+28
602.6000000000001,6.5013004218934904,6.279572773235026,2.6109950432564306e+28
612.6000000000001,6.5000182196665985,6.269265468178457,2.592581924661002e+28
622.6000000000001,6.498751019378394,6.2591374502538315,2.5745936790048234e+28
632.6000000000001,6.497498409546219,6.249182763344271,2.5570139111607378e+28
642.6000000000001,6.496259996275915,6.2393957398133,2.539827105066938e+28
652.6000000000001,6.4950354022490675,6.229770982286746,2.52301856378848e+28
662.6000000000001,6.4938242657831315,6.2203033468449345,2.5065743545123264e+28
672.6000000000001,6.492626239958175,6.210987927496513,2.4904812580022316e+28
682.6000000000001,6.4914409918045965,6.201820041818669,2.474726722091564e+28
692.6000000000001,6.490268201546746,6.192795217660464,2.459298818837612e+28
702.6000000000001,6.489107561897835,6.183909180816396,2.444186205000888e+28
712.6000000000001,6.487958777401996,6.175157843586746,2.4293780855481904e+28
722.6000000000001,6.486821563819716,6.166537294149363,2.414864179909262e+28
732.6000000000001,6.485695647553225,6.158043786675032,2.4006346907444085e+28
742.6000000000001,6.484580765108738,6.149673732124967,2.3866802750048025e+28
752.6000000000001,6.4834766625927225,6.14142368967488,2.3729920170888405e+28
762.6000000000001,6.482383095239612,6.133290358715252,2.3595614039171388e+28
772.6000000000001,6.4812998269686295,6.125270571382064,2.3463803017658954e+28
782.6000000000001,6.480226629967561,6.117361285576486,2.3334409347136042e+28
792.6000000000001,6.479163284301523,6.1095595784356505,2.3207358645697597e+28
802.6000000000001,6.4781095775449336,6.101862640220109,2.3082579721663947e+28
812.6000000000001,6.477065304435026,6.094267768586533,2.2960004399042233e+28
822.6000000000001,6.476030266545414,6.08677236321695,2.2839567354549794e+28
832.6000000000001,6.4750042719783005,6.0793739207783,2.2721205965303385e+28
842.6000000000001,6.473987135074068,6.072070030188275,2.260486016635764e+28
852.6000000000001,6.472978676137067,6.064858368165435,2.249047231734735e+28
862.6000000000001,6.471978721176526,6.057736695043417,2.237798707755267e+28
872.6000000000001,6.47098710166158,6.050702850830705,2.2267351288764572e+28
882.6000000000001,6.470003654289497,6.043754751498891,2.2158513865380367e+28
892.6000000000001,6.469028220766255,6.036890385483801,2.205142569120678e+28
902.6000000000001,6.468060647598663,6.030107810384973,2.1946039522491215e+28
912.6000000000001,6.467100785897331,6.023405149850248,2.1842309896740966e+28
922.6000000000001,6.466148491189772,6.016780590633134,2.174019304692575e+28
932.6000000000001,6.465203623243042,6.010232379811628,2.1639646820691247e+28
942.6000000000001,6.4642660458953145,6.003758822158005,2.1540630604240697e+28
952.6000000000001,6.463335626895865,5.997358277649859,2.1443105250568652e+28
962.6000000000001,6.462412237752945,5.991029159113419,2.1347033011755093e+28
972.6000000000001,6.461495753589095,5.984769929990838,2.1252377475050865e+28
982.6000000000001,6.460586053003453,5.978579102223678,2.1159103502505464e+28
992.6000000000001,6.459683017940649,5.972455234245492,2.1067177173907154e+28
1002.6000000000001,6.4587869398435585,5.966397438752914,2.091399226475722e+28
1012.6000000000001,6.457903943358706,5.960412180186953,2.0588492769452325e+28
1022.6000000000001,6.457036286362479,5.9545010982257445,2.0271183829833557e+28
1032.6000000000001,6.456183552310593,5.94866251261795,1.996178224213684e+28
1042.6000000000001,6.455345339943805,5.94289479772274,1.9660017209907862e+28
1052.6000000000001,6.454521262584478,5.9371963802136385,1.9365629688037815e+28
1062.6000000000001,6.453710947471933,5.931565736900218,1.9078371767310037e+28
1072.6000000000001,6.45291403513411,5.926001392660554,1.8798006096602215e+28
1082.6000000000001,6.452130178793236,5.920501918477825,1.8524305340114646e+28
1092.6000000000001,6.451359043803357,5.915065929574856,1.8257051667201002e+28
1102.6000000000001,6.4506003071177425,5.909692083640877,1.7996036272565968e+28
1112.6000000000001,6.449853656784334,5.904379079145118,1.774105892476636e+28
1122.6000000000001,6.449118791467499,5.899125653732236,1.7491927541109372e+28
1132.6000000000001,6.448395419994518,5.893930582694912,1.7248457787185803e+28
1142.6000000000001,6.447683260925295,5.88879267751922,1.7010472699408098e+28
1152.6000000000001,6.446982042143932,5.883710784498719,1.677780232904397e+28
1162.6000000000001,6.446291500470851,5.878683783413413,1.6550283406347627e+28
1172.6000000000001,6.445611381294281,5.873710586270022,1.6327759023492589e+28
1182.6000000000001,6.444941438219972,5.8687901361002,1.6110078335103852e+28
1192.6000000000001,6.444281432738099,5.8639214058135725,1.5897096275273546e+28
1202.6000000000001,6.443631133906357,5.859103397102629,1.5688673290023513e+28
1212.6000000000001,6.442990318048354,5.854335139396731,1.5484675084251576e+28
1222.6000000000001,6.442358768466422,5.849615688862613,1.5284972382265523e+28
1232.6000000000001,6.441736275168057,5.844944127448963,1.5089440701071195e+28
1242.6000000000001,6.441122634605228,5.840319561972768,1.4897960135638468e+28
1252.6000000000001,6.440517649425855,5.835741123245311,1.4710415155421855e+28
1262.6000000000001,6.439921128236794,5.831207965235739,1.452669441146168e+28
1272.6000000000001,6.439332885377699,5.826719264270334,1.4346690553436975e+28
1282.6000000000001,6.438752740705206,5.822274218265688,1.4170300056083228e+28
1292.6000000000001,6.438180519386849,5.81787204599406,1.3997423054427118e+28
1302.6000000000001,6.437616051704246,5.813511986379366,1.3827963187326195e+28
1312.6000000000001,6.437059172865022,5.809193297822258,1.3661827448834979e+28
1322.6000000000001,6.436509722823059,5.804915257552889,1.349892604694991e+28
1332.6000000000001,6.435967546106606,5.800677161010013,1.333917226931433e+28
1342.6000000000001,6.4354324916538825,5.796478321245203,1.3182482355491317e+28
1352.6000000000001,6.434904412655769,5.792318068350891,1.3028775375437188e+28
1362.6000000000001,6.434383166405245,5.78819574891123,1.2877973113831324e+28
1372.6000000000001,6.433868614153229,5.784110725474584,1.2729999959939705e+28
1382.6000000000001,6.4333606209705065,5.780062376046727,1.2584782802709286e+28
1392.6000000000001,6.4328590556154435,5.776050093603747,1.244225093080915e+28
1402.6000000000001,6.432363790407208,5.772073285623776,1.23023359373516e+28
1412.6000000000001,6.43187470110423,5.768131373636654,1.2164971629042582e+28
1422.6000000000001,6.431391666787646,5.764223792790752,1.2030093939525916e+28
1432.6000000000001,6.430914569749488,5.760349991436161,1.1897640846699835e+28
1442.6000000000001,6.430443295385402,5.756509430723527,1.1767552293797578e+28
1452.6000000000001,6.429977732091667,5.752701584217814,1.1639770114035938e+28
1462.6000000000001,6.429517771166331,5.748925937526385,1.1514237958647262e+28
1472.6000000000001,6.429063306714255,5.745181987940738,1.1390901228121065e+28
1482.6000000000001,6.428614235555894,5.741469244091302,1.1269707006491444e+28
1492.6000000000001,6.4281704571396485,5.737787225614756,1.1150603998515964e+28
1502.6000000000001,6.427731873457608,5.734135462833322,1.1033542469600367e+28
1512.6000000000001,6.4272983889645525,5.730513496445507,1.0918474188331816e+28
1522.6000000000001,6.426869910500048,5.726920877227849,1.0805352371491004e+28
1532.6000000000001,6.426446347213508,5.7233571657471565,1.069413163142079e+28
1542.6000000000001,6.426027610492092,5.719821932082853,1.0584767925635758e+28
1552.6000000000001,6.425613613891301,5.716314755558969,1.0477218508563502e+28
1562.6000000000001,6.425204273068171,5.712835224485401,1.0371441885314414e+28
1572.6000000000001,6.424799505716938,5.709382935908078,1.0267397767382368e+28
1582.6000000000001,6.424399231507073,5.7059574953676115,1.0165047030184006e+28
1592.6000000000001,6.424003372023584,5.702558516666182,1.006435167234922e+28
1602.6000000000001,6.423611850709489,5.69918562164224,9.965274776680241e+27
1612.6000000000001,6.423224592810366,5.695838439952768,9.867780472700906e+27
1622.6000000000001,6.422841525320899,5.692516608862771,9.77183390072209e+27
1632.6000000000001,6.422462576933322,5.689219773041751,9.677401177352924e+27
1642.6000000000001,6.422087677987702,5.685947584366836,9.584449362391232e+27
1652.6000000000001,6.4217167604239656,5.682699701732361,9.492946427030053e+27
1662.6000000000001,6.421349757735611,5.6794757908656095,9.402861223320315e+27
1672.6000000000001,6.420986604925032,5.676275524148517,9.314163454832849e+27
1682.6000000000001,6.420627238460381,5.6730985804450675,9.226823648465789e+27
1692.6000000000001,6.420271596233927,5.669944644934196,9.140813127346182e+27
1702.6000000000001,6.419919617521829,5.666813408947997,9.05610398477711e+27
1712.6000000000001,6.419571242945284,5.663704569814998,8.972669059184207e+27
1722.6000000000001,6.419226414432977,5.6606178307083646,8.890481910017604e+27
1732.6000000000001,6.418885075184806,5.657552900498802,8.809516794567578e+27
1742.6000000000001,6.418547169636811,5.654509493612023,8.729748645654268e+27
1752.6000000000001,6.418212643427264,5.651487329890594,8.651153050153658e+27
1762.6000000000001,6.417881443363891,5.648486134459988,8.57370622832396e+27
1772.6000000000001,6.417553517392158,5.645505637598735,8.497385013898199e+27
1782.6000000000001,6.4172288145646,5.64254557461247,8.422166834910504e+27
1792.6000000000001,6.41690728501114,5.639605685711777,8.348029695225081e+27
1802.6000000000001,6.416588879910369,5.636685715893677,8.274952156738417e+27
1812.6000000000001,6.41627355146175,5.633785414826635,8.202913322226558e+27
1822.6000000000001,6.415961252858704,5.630904536738974,8.131892818810715e+27
1832.6000000000001,6.415651938262555,5.628042840310549,8.061870782015632e+27
1842.6000000000001,6.415345562777294,5.62520008856759,7.99282784039638e+27
1852.6000000000001,6.41504208242514,5.622376048780609,7.924745100710368e+27
1862.6000000000001,6.414741454122856,5.61957049236524,7.857604133612375e+27
1872.6000000000001,6.41444363565881,5.616783194785938,7.791386959851521e+27
1882.6000000000001,6.41414858567074,5.6140139354624345,7.726076036949947e+27
1892.6000000000001,6.413856263624199,5.611262497678821,7.661654246343965e+27
1902.6000000000001,6.4135666297916645,5.608528668495243,7.59810488096928e+27
1912.6000000000001,6.413279645232283,5.60581223866205,7.535411633272695e+27
1922.6000000000001,6.412995271772219,5.603113002536352,7.473558583633529e+27
1932.6000000000001,6.412713471985607,5.600430758000892,7.412530189178685e+27
1942.6000000000001,6.412434209176062,5.5977653063851776,7.352311272976036e+27
1952.6000000000001,6.4121574473587515,5.59511645238876,7.292887013591474e+27
1962.6000000000001,6.411883151242987,5.592484004006639,7.234242934995571e+27
1972.6000000000001,6.411611286215338,5.589867772456682,7.176364896806461e+27
1982.6000000000001,6.411341818323238,5.587267572109008,7.119239084856103e+27
1992.6000000000001,6.411074714259064,5.58468322041729,7.062852002067618e+27
2002.6000000000001,6.410809941344684,5.582114537851886,7.007190459631977e+27
2012.6000000000001,6.410547467516452,5.579561347834764,6.952241568472757e+27
2022.6000000000001,6.410287261310624,5.577023476676137,6.897992730988182e+27
2032.6000000000001,6.410029291849201,5.574500753512799,6.84443163306014e+27
2042.6000000000001,6.409773528826172,5.571993010248054,6.791546236320274e+27
2052.6000000000004,6.4095199424941445,5.569500081493233,6.739324770663662e+27
2062.6000000000004,6.409268503651353,5.567021804510734,6.687755727000998e+27
2072.6000000000004,6.409019183629029,5.564558019158515,6.636827850240578e+27
2082.6000000000004,6.408771954279131,5.56210856783604,6.586530132491721e+27
2092.6000000000004,6.408526787962403,5.559673295431608,6.536851806481621e+27
2102.6000000000004,6.408283657536774,5.557252049271016,6.487782339177954e+27
2112.6000000000004,6.40804253634607,5.55484467906752,6.43931142560985e+27
2122.6000000000004,6.407803398209036,5.552451036873087,6.391428982880172e+27
2132.6000000000004,6.407566217408661,5.550070977030849,6.344125144362301e+27
2142.6000000000004,6.4073309686817845,5.547704356128746,6.29739025407491e+27
2152.6000000000004,6.407097627208991,5.54535103295434,6.251214861228475e+27
2162.6000000000004,6.406866168604771,5.543010868450738,6.2055897149375e+27
2172.6000000000004,6.406636568907948,5.540683725673604,6.16050575909268e+27
2182.6000000000004,6.406408804572357,5.538369469749224,6.115954127387481e+27
2192.6000000000004,6.406182852457773,5.536067967833603,6.071926138493765e+27
2202.6000000000004,6.405958689821076,5.5337790890725564,6.028413291381368e+27
2212.6000000000004,6.405736294307649,5.531502704562747,5.985407260776698e+27
2222.6000000000004,6.405515643943001,5.529238687313704,5.942899892755605e+27
2232.6000000000004,6.40529671712461,5.526986912210708,5.900883200465993e+27
2242.6000000000004,6.405079492613967,5.5247472559785855,5.859349359975772e+27
2252.6000000000004,6.40486394952884,5.522519597146367,5.818290706241949e+27
2262.6000000000004,6.404650067335725,5.52030381601277,5.777699729196802e+27
2272.6000000000004,6.404437825842494,5.518099794612505,5.737569069947243e+27
2282.6000000000004,6.404227205191231,5.515907416683358,5.697891517083601e+27
2292.6000000000004,6.404018185851246,5.513726567634064,5.658660003094222e+27
2302.6000000000004,6.403810748612268,5.511557134512898,5.619867600882415e+27
2312.6000000000004,6.403604874577807,5.509399005977025,5.581507520382369e+27
2322.6000000000004,6.403400545158684,5.5072520722625296,5.543573105270839e+27
2332.6000000000004,6.403197742066717,5.505116225155147,5.506057829771481e+27
2342.6000000000004,6.40299644730857,5.502991357961658,5.468955295548843e+27
2352.6000000000004,6.402796643179749,5.500877365481941,5.432259228689127e+27
2362.6000000000004,6.402598312258748,5.4987741439816435,5.395963476764942e+27
2372.6000000000004,6.402401437401335,5.496681591165487,5.360062005981366e+27
2382.6000000000004,6.402206001734981,5.494599606151146,5.324548898400743e+27
2392.6000000000004,6.4020119886534195,5.492528089443749,5.289418349243699e+27
2402.6000000000004,6.401819381811344,5.490466942910906,5.254664664264005e+27
2412.6000000000004,6.401628165119225,5.488416069758318,5.220282257194957e+27
2422.6000000000004,6.401438322738256,5.4863753745059105,5.186265647265021e+27
2432.6000000000004,6.4012498390754216,5.4843447629645,5.152609456780619e+27
2442.6000000000004,6.401062698778675,5.482324142212962,5.119308408773953e+27
2452.6000000000004,6.400876886732241,5.480313420575906,5.08635732471386e+27
2462.6000000000004,6.400692388052015,5.478312507601829,5.053751122277772e+27
2472.6000000000004,6.400509188081086,5.476321314041745,5.0214848131829e+27
2482.6000000000004,6.400327272385352,5.474339751828266,4.989553501074835e+27
2492.6000000000004,6.400146626749241,5.472367734055144,4.957952379471831e+27
2502.6000000000004,6.399967237171535,5.470405174957243,4.9266767297630775e+27
2512.6000000000004,6.399789089861283,5.468451989890934,4.895721919259331e+27
2522.6000000000004,6.399612171233816,5.466508095314911,4.8650833992943486e+27
2532.6000000000004,6.3994364679068445,5.464573408771409,4.834756703375591e+27
2542.6000000000004,6.399261966696654,5.46264784886781,4.8047374453827315e+27
2552.6000000000004,6.399088654614382,5.460731335258654,4.7750213178125567e+27
2562.6000000000004,6.398916518862376,5.458823788627997,4.745604090068884e+27
2572.6000000000004,6.39874554683064,5.456925130672158,4.716481606796169e+27
2582.6000000000004,6.39857572609336,5.455035284082808,4.687649786255532e+27
2592.6000000000004,6.3984070444054995,5.453154172530418,4.659104618741953e+27
2602.6000000000004,6.398239489699483,5.451281720648041,4.6308421650414413e+27
2612.6000000000004,6.398073050081942,5.449417854015422,4.602858554927023e+27
2622.6000000000004,6.39790771383054,5.447562499143441,4.5751499856924283e+27
2632.6000000000004,6.397743469390861,5.445715583458857,4.547712720722389e+27
2642.6000000000004,6.397580305373375,5.443877035289381,4.52054308809849e+27
2652.6000000000004,6.3974182105504624,5.442046783849021,4.4936374792395835e+27
2662.6000000000004,6.397257173853506,5.440224759223753,4.466992347575757e+27
2672.6000000000004,6.397097184370044,5.438410892357454,4.4406042072549196e+27
2682.6000000000004,6.396938231340989,5.436605115038114,4.414469631881081e+27
2692.6000000000004,6.3967803041579,5.434807359884347,4.3885852532834345e+27
2702.6000000000004,6.396623392360324,5.433017560332136,4.362947760315375e+27
2712.6000000000004,6.396467485633176,5.4312356506218595,4.337553897682624e+27
2722.6000000000004,6.396312573804196,5.429461565785562,4.31240046479965e+27
2732.6000000000004,6.396158646841447,5.427695241634486,4.2874843146735907e+27
2742.6000000000004,6.396005694850865,5.42593661474682,4.2628023528149365e+27
2752.6000000000004,6.395853708073867,5.42418562245572,4.238351536174218e+27
2762.6000000000004,6.3957026768850085,5.422442202837528,4.214128872104004e+27
2772.6000000000004,6.395552591789684,5.420706294700243,4.190131417345503e+27
2782.6000000000004,6.395403443421881,5.418977837572189,4.1663562770391073e+27
2792.6000000000004,6.395255222541979,5.417256771690931,4.1428006037582306e+27
2802.6000000000004,6.395107920034592,5.415543037992359,4.1194615965658043e+27
2812.6000000000004,6.394961526906459,5.413836578100025,4.096336500092827e+27
2822.6000000000004,6.394816034284375,5.412137334314641,4.073422603638377e+27
2832.6000000000004,6.394671433413164,5.410445249603805,4.0507172402905036e+27
2842.6000000000004,6.394527715653697,5.408760267591903,4.0282177860674597e+27
2852.6000000000004,6.394384872480947,5.4070823325502,4.0059216590787147e+27
2862.6000000000004,6.394242895482082,5.405411389387122,3.983826318705237e+27
2872.6000000000004,6.3941017763546,5.4037473836387155,3.961929264798541e+27
2882.6000000000004,6.3939615069045015,5.402090261459284,3.940228036897995e+27
2892.6000000000004,6.393822079044494,5.400439969612191,3.918720213465912e+27
2902.6000000000004,6.393683484792236,5.39879645546084,3.8974034111399796e+27
2912.6000000000004,6.393545716268617,5.397159666959819,3.876275284002544e+27
2922.6000000000004,6.393408765696069,5.3955295526461935,3.8553335228663486e+27
2932.6000000000004,6.393272625396911,5.39390606163098,3.8345758545762704e+27
2942.6000000000004,6.393137287791727,5.39228914359075,3.814000041326663e+27
2952.6000000000004,6.393002745397778,5.3906787487594,3.7936038799938983e+27
2962.6000000000004,6.392868990827443,5.389074827920069,3.773385201483717e+27
2972.6000000000004,6.392736016786687,5.387477332397195,3.753341870093015e+27
2982.6000000000004,6.392603816073564,5.385886214048714,3.733471782885696e+27
2992.6000000000004,6.392472381576749,5.384301425258402,3.713772869082237e+27
3002.6000000000004,6.3923417062740935,5.382722918928348,3.694243089462613e+27
3012.6000000000004,6.392211783231213,5.381150648471567,3.6748804357822637e+27
3022.6000000000004,6.3920826056001,5.379584567804731,3.655682930200748e+27
3032.6000000000004,6.391954166617762,5.378024631341036,3.6366486247227933e+27
3042.6000000000004,6.39182645960489,5.376470793983201,3.617775600651424e+27
3052.6000000000004,6.391699477964545,5.374923011116567,3.5990619680528594e+27
3062.6000000000004,6.391573215180879,5.37338123860234,3.580505865232905e+27
3072.6000000000004,6.391447664817869,5.371845432770934,3.5621054582245484e+27
3082.6000000000004,6.391322820518083,5.370315550415437,3.5438589402864705e+27
3092.6000000000004,6.391198676001469,5.368791548785189,3.5257645314122397e+27
3102.6000000000004,6.391075225064158,5.367273385579464,3.507820477849884e+27
3112.6000000000004,6.3909524615773,5.365761018941266,3.4900250516316236e+27
3122.6000000000004,6.390830379485917,5.364254407451237,3.4723765501135005e+27
3132.6000000000004,6.390708972807772,5.362753510121646,3.454873295524672e+27
3142.6000000000004,6.390588235632271,5.361258286390504,3.43751363452613e+27
3152.6000000000004,6.390468162119373,5.359768696115766,3.420295937778623e+27
3162.6000000000004,6.390348746498526,5.35828469956963,3.4032185995195664e+27
3172.6000000000004,6.39022998306762,5.356806257432941,3.386280037148711e+27
3182.6000000000004,6.3901118661919645,5.35533333078967,3.369478690822377e+27
3192.6000000000004,6.3899943903032765,5.3538658811215125,3.3528130230560416e+27
3202.6000000000004,6.389877549898693,5.352403870302545,3.336281518335087e+27
3212.6000000000004,6.389761339539796,5.350947260593994,3.3198826827335104e+27
3222.6000000000004,6.389645753851662,5.349496014639083,3.303615043540418e+27
3232.6000000000004,6.389530787521919,5.3480500954579595,3.287477148894111e+27
3242.6000000000004,6.389416435299833,5.346609466442715,3.271467567423594e+27
3252.6000000000004,6.389302691995397,5.345174091352478,3.2555848878973254e+27
3262.6000000000004,6.389189552478444,5.343743934308584,3.2398277188790544e+27
3272.6000000000004,6.389077011677778,5.342318959789846,3.224194688390563e+27
3282.6000000000004,6.388965064580312,5.340899132627867,3.208684443581168e+27
3292.6000000000004,6.38885370623023,5.33948441800246,3.1932956504038176e+27
3302.6000000000004,6.388742931728155,5.338074781437117,3.1780269932976484e+27
3312.6000000000004,6.3886327362303374,5.336670188794569,3.1628771748768253e+27
3322.6000000000004,6.38852311494786,5.3352706062724105,3.147844915625553e+27
3332.6000000000004,6.388414063145848,5.333876000398784,3.1329289535990966e+27
3342.6000000000004,6.388305576142697,5.332486338028154,3.1181280441306873e+27
3352.6000000000004,6.38819764930932,5.331101586337127,3.1034409595441726e+27
3362.6000000000004,6.388090278068398,5.3297217128203425,3.0888664888722874e+27
3372.6000000000004,6.387983457893648,5.328346685286449,3.074403437580418e+27
3382.6000000000004,6.387877184309105,5.32697647185411,3.0600506272957306e+27
3392.6000000000004,6.387771452888414,5.325611040948095,3.045806895541557e+27
3402.6000000000004,6.387666259254131,5.324250361295428,3.0316710954769046e+27
3412.6000000000004,6.387561599077046,5.322894401921593,3.017642095640992e+27
3422.6000000000004,6.387457468075501,5.321543132146791,3.003718779702685e+27
3432.6000000000004,6.387353862014741,5.320196521582272,2.989900046214744e+27
3442.6000000000004,6.387250776706254,5.3188545401267096,2.9761848083727485e+27
3452.6000000000004,6.387148208007136,5.317517157962639,2.9625719937786245e+27
3462.6000000000004,6.387046151819463,5.31618434555294,2.9490605442086637e+27
3472.6000000000004,6.386944604089673,5.314856073637389,2.9356494153859206e+27
3482.6000000000004,6.386843560807959,5.313532313229246,2.9223375767569247e+27
3492.6000000000004,6.386743018007669,5.31221303561191,2.9091240112725845e+27
3502.6000000000004,6.386642971764722,5.31089821233561,2.896007715173206e+27
3512.6000000000004,6.386543418197026,5.309587815214159,2.882987697777541e+27
3522.6000000000004,6.3864443534639115,5.308281816321747,2.870062981275764e+27
3532.6000000000004,6.386345773765573,5.306980187989784,2.857232600526313e+27
3542.6000000000004,6.386247675342518,5.305682902803804,2.8444956028564877e+27
3552.6000000000004,6.386150054475026,5.304389933600392,2.831851047866754e+27
3562.6000000000004,6.386052907482616,5.303101253464165,2.8192980072386474e+27
3572.6000000000004,6.385956230723522,5.301816835724821,2.806835564546214e+27
3582.6000000000004,6.38586002059418,5.30053665395419,2.7944628150709207e+27
3592.6000000000004,6.385764273528718,5.299260681963356,2.7821788656199415e+27
3602.6000000000004,6.385668985998459,5.297988893799829,2.7699828343477683e+27
3612.6000000000004,6.3855741545114295,5.296721263744729,2.7578738505810645e+27
3622.6000000000004,6.385479775611877,5.295457766310032,2.7458510546467007e+27
3632.6000000000004,6.385385845879793,5.2941983762358555,2.733913597702898e+27
3642.6000000000004,6.385292361930448,5.2929430684877765,2.722060641573426e+27
3652.6000000000004,6.3851993204139275,5.291691818254191,2.7102913585847806e+27
3662.6000000000004,6.385106718014681,5.290444600943715,2.6986049314062843e+27
3672.6000000000004,6.385014551451077,5.289201392182617,2.6870005528930557e+27
3682.6000000000004,6.38492281747496,5.287962167812291,2.675477425931775e+27
3692.6000000000004,6.384831512871222,5.286726903886766,2.664034763289201e+27
3702.6000000000004,6.384740634457376,5.285495576670256,2.652671787463376e+27
3712.6000000000004,6.384650179083136,5.2842681626347225,2.641387730537466e+27
3722.6000000000004,6.384560143630005,5.283044638457515,2.6301818340361844e+27
3732.6000000000004,6.3844705250108715,5.281824981018991,2.619053348784744e+27
3742.6000000000004,6.384381320169607,5.280609167400219,2.608001534770284e+27
3752.6000000000004,6.384292526080671,5.27939717488068,2.597025661005733e+27
3762.6000000000004,6.3842041397487295,5.278188980936017,2.5861250053960396e+27
3772.6000000000004,6.3841161582082675,5.276984563235816,2.575298854606747e+27
3782.6000000000004,6.384028578523215,5.275783899641405,2.5645465039348427e+27
3792.6000000000004,6.383941397786579,5.274586968203707,2.553867257181851e+27
3802.6000000000004,6.383854613120076,5.273393747161096,2.5432604265291225e+27
3812.6000000000004,6.383768221673776,5.272204214937311,2.532725332415268e+27
3822.6000000000004,6.383682220625746,5.2710183501393715,2.5222613034157073e+27
3832.6000000000004,6.383596607181706,5.2698361315555315,2.51186767612428e+27
3842.6000000000004,6.383511378574679,5.268657538153285,2.501543795036887e+27
3852.6000000000004,6.383426532064662,5.267482549077355,2.49128901243711e+27
3862.6000000000004,6.3833420649382875,5.266311143647749,2.4811026882837893e+27
3872.6000000000004,6.383257974508498,5.265143301357817,2.4709841901004977e+27
3882.6000000000004,6.383174258114222,5.26397900187235,2.4609328928668997e+27
3892.6000000000004,6.383090913120054,5.262818225025695,2.450948178911933e+27
3902.6000000000004,6.3830079369159485,5.261660950819904,2.4410294378088006e+27
3912.6000000000004,6.382925326916901,5.260507159422895,2.4311760662717205e+27
3922.6000000000004,6.382843080562651,5.259356831166659,2.4213874680544098e+27
3932.6000000000004,6.382761195317381,5.258209946545469,2.411663053850264e+27
3942.6000000000004,6.38267966866942,5.257066486214123,2.4020022411942059e+27
3952.6000000000004,6.382598498130951,5.255926430986215,2.3924044543661578e+27
3962.6000000000004,6.3825176812377284,5.254789761832422,2.3828691242961282e+27
3972.6000000000004,6.382437215548791,5.253656459878809,2.373395688470858e+27
3982.6000000000004,6.382357098646185,5.252526506405178,2.3639835908420164e+27
3992.6000000000004,6.382277328134692,5.251399882843408,2.354632281735902e+27
4002.6000000000004,6.382197901641554,5.25027657077585,2.3453412177646344e+27
4012.6000000000004,6.38211881681621,5.249156551933709,2.336109861738795e+27
4022.6000000000004,6.382040071330033,5.248039808195479,2.3269376825814996e+27
4032.6000000000004,6.381961662876069,5.246926321585376,2.317824155243871e+27
4042.6000000000004,6.3818835891687815,5.245816074271805,2.3087687606218856e+27
4052.6000000000004,6.381805847943803,5.244709048565834,2.2997709854745716e+27
4062.6000000000004,6.381728436957684,5.243605226919707,2.290830322343529e+27
4072.6000000000004,6.381651353987649,5.2425045919253535,2.2819462694737496e+27
4082.6000000000004,6.381574596831355,5.241407126312936,2.273118330735714e+27
4092.6000000000004,6.381498163306654,5.240312812949407,2.2643460155487388e+27
4102.6,6.38142205125136,5.239221634837087,2.2556288388055496e+27
4112.6,6.381346258523016,5.238133575112254,2.2469663207980687e+27
4122.6,6.381270782998666,5.237048617043774,2.2383579871443752e+27
4132.6,6.381195622574631,5.235966744031712,2.2298033687168374e+27
4142.6,6.381120775166288,5.234887939605995,2.2213020015713788e+27
4152.6,6.3810462387078495,5.233812187425075,2.2128534268778696e+27
4162.6,6.38097201115215,5.2327394712746065,2.204457190851612e+27
4172.6,6.380898090470433,5.231669775066155,2.1961128446859122e+27
4182.6,6.38082447465214,5.230603082835909,2.1878199444857064e+27
4192.6,6.3807511617047075,5.229539378743416,2.1795780512022324e+27
4202.6,6.380678149653357,5.228478647070321,2.1713867305687184e+27
4212.6,6.3806054365408995,5.227420872219142,2.1632455530370822e+27
4222.6,6.380533020427536,5.226366038712046,2.155154093715611e+27
4232.6,6.380460899390659,5.225314131189639,2.1471119323076103e+27
4242.6,6.380389071524663,5.224265134409784,2.139118653051006e+27
4252.6,6.380317534940752,5.223219033246421,2.1311738446588795e+27
4262.6,6.380246287766753,5.222175812688404,2.1232771002609175e+27
4272.6,6.380175328146931,5.221135457838361,2.1154280173457676e+27
4282.6,6.380104654241805,5.220097953911555,2.1076261977042747e+27
4292.6,6.380034264227967,5.2190632862347694,2.0998712473735913e+27
4302.6,6.379964156297906,5.218031440245204,2.092162776582136e+27
4312.6,6.379894328659834,5.217002401489383,2.084500399695399e+27
4322.6,6.379824779537508,5.215976155622075,2.0768837351625663e+27
4332.6,6.379755507170064,5.214952688405228,2.069312405463954e+27
4342.6,6.379686509811845,5.213931985706927,2.061786037059243e+27
4352.6,6.379617785732236,5.212914033500342,2.0543042603364923e+27
4362.6,6.379549333215502,5.211898817862709,2.046866709561922e+27
4372.6,6.379481150560622,5.210886324974316,2.0394730228304502e+27
4382.6,6.379413236081132,5.2098765411175005,2.032122842016974e+27
4392.6,6.379345588104965,5.208869452675658,2.02481581272838e+27
4402.6,6.3792782049743,5.207865046132265,2.0175515842562687e+27
4412.6,6.379211085045401,5.206863308069914,2.0103298095303868e+27
4422.6,6.379144226688473,5.205864225169362,2.0031501450727498e+27
4432.6,6.379077628287506,5.204867784208577,1.9960122509524476e+27
4442.6,6.379011288240132,5.2038739720618175,1.988915790741115e+27
4452.6,6.3789452049574775,5.202882775698708,1.9818604314690646e+27
4462.6,6.378879376864019,5.201894182183324,1.9748458435820627e+27
4472.6,6.378813802397439,5.200908178673298,1.967871700898742e+27
4482.6,6.378748480008492,5.199924752418928,1.9609376805686404e+27
4492.6,6.378683408160861,5.198943890762305,1.9540434630308504e+27
4502.6,6.37861858533102,5.197965581136436,1.947188731973277e+27
4512.6,6.378554010008104,5.196989811064391,1.9403731742924853e+27
4522.6,6.378489680693771,5.196016568158456,1.9335964800541347e+27
4532.6,6.378425595902072,5.195045840119295,1.9268583424539856e+27
4542.6,6.378361754159323,5.19407761473512,1.920158457779472e+27
4552.6,6.378298154003977,5.19311187988087,1.9134965253718276e+27
4562.6,6.378234793986492,5.192148623517413,1.9068722475887585e+27
4572.6,6.378171672669212,5.19118783369073,1.9002853297676534e+27
4582.6,6.378108788626242,5.190229498531135,1.893735480189321e+27
4592.6,6.378046140443325,5.189273606252495,1.887222410042246e+27
4602.6,6.377983726717722,5.188320145151446,1.8807458333873585e+27
4612.6,6.3779215460580945,5.187369103606645,1.8743054671233014e+27
4622.6,6.377859597084385,5.186420470078003,1.867901030952196e+27
4632.6,6.377797878427705,5.185474233105943,1.8615322473458926e+27
4642.6,6.377736388730214,5.18453038131066,1.855198841512696e+27
4652.6,6.377675126645013,5.183588903391395,1.8489005413645665e+27
4662.6,6.377614090836029,5.182649788125712,1.842637077484779e+27
4672.6,6.377553279977907,5.181713024368783,1.8364081830960407e+27
4682.6,6.377492692755901,5.180778601052685,1.8302135940290533e+27
4692.6,6.377432327865763,5.179846507185703,1.8240530486915191e+27
4702.6,6.377372184013641,5.178916731851639,1.8179262880375786e+27
4712.6,6.377312259915974,5.1779892642091365,1.8118330555376736e+27
4722.6,6.377252554299384,5.177064093490991,1.805773097148833e+27
4732.6,6.377193065900577,5.1761412090035,1.7997461612853695e+27
4742.6,6.377133793466243,5.175220600125797,1.793751998789982e+27
4752.6,6.377074735752952,5.174302256309202,1.78779036290526e+27
4762.6,6.377015891527061,5.173386167076573,1.7818610092455798e+27
4772.6,6.376957259564611,5.17247232202167,1.7759636957693886e+27
4782.6,6.376898838651232,5.171560710808526,1.7700981827518695e+27
4792.6,6.37684062758205,5.170651323170824,1.7642642327579813e+27
4802.6,6.376782625161591,5.169744148911276,1.7584616106158695e+27
4812.6,6.376724830203691,5.168839177901021,1.7526900833906371e+27
4822.6,6.376667241531399,5.167936400079013,1.7469494203584768e+27
4832.6,6.37660985797689,5.167035805451428,1.7412393929811512e+27
4842.6,6.376552678381375,5.166137384091076,1.735559774880824e+27
4852.6,6.3764957015950126,5.1652411261368165,1.7299103418152298e+27
4862.6,6.37643892647682,5.164347021792977,1.7242908716531784e+27
4872.6,6.376382351894589,5.163455061328787,1.7187011443503942e+27
4882.6,6.376325976724796,5.162565235077809,1.7131409419256748e+27
4892.6,6.376269799852524,5.161677533437382,1.7076100484373765e+27
4902.6,6.376213820171374,5.160791946868069,1.7021082499602108e+27
4912.6,6.376158036583385,5.159908465893107,1.696635334562353e+27
4922.6,6.376102447998951,5.159027081097869,1.691191092282857e+27
4932.6,6.376047053336741,5.158147783129327,1.6857753151093702e+27
4942.6,6.3759918515236205,5.157270562695522,1.6803877969561467e+27
4952.6,6.375936841494572,5.156395410565042,1.6750283336423497e+27
4962.6,6.3758820221926165,5.155522317566504,1.6696967228706446e+27
4972.6,6.375827392568737,5.154651274588034,1.6643927642060724e+27
4982.6,6.375772951581803,5.153782272576769,1.6591162590552044e+27
4992.6,6.375718698198496,5.152915302538352,1.6538670106455694e+27
5002.6,6.375664631393234,5.1520503555364305,1.6486448240053532e+27
