Time,Mass,Radius,Lx
23.0,32.763096042130094,6.41,1.3e+30
33.0,32.71179476226235,6.403645679817055,1.3e+30
43.0,32.660558106531894,6.397295711850878,1.3e+30
53.0,32.6093860115757,6.390950094237587,1.3e+30
63.0,32.558278414078835,6.38460882511394,1.3e+30
73.0,32.50723525077442,6.3782719026173345,1.3e+30
83.0,32.45625645844362,6.371939324885809,1.3e+30
93.0,32.40534197391558,6.365611090058038,1.3e+30
103.0,32.35449173406743,6.359287196273335,1.3e+30
113.0,32.30370567582422,6.3529676416716505,1.3e+30
123.0,32.252983736158896,6.346652424393575,1.3e+30
133.0,32.202325852092294,6.340341542580333,1.3e+30
143.0,32.15173196069308,6.334034994373787,1.3e+30
153.0,32.101201999077716,6.3277327779164345,1.3e+30
163.0,32.05073590441046,6.32143489135141,1.3e+30
173.0,32.000333613903294,6.315141332822482,1.3e+30
183.0,31.949995064815923,6.308852100474055,1.3e+30
193.0,31.89972019445573,6.302567192451166,1.3e+30
203.0,31.84950894017774,6.296286606899489,1.3e+30
213.0,31.799361239384602,6.290010341965329,1.3e+30
223.0,31.749277029526553,6.283738395795626,1.3e+30
233.0,31.699256248101378,6.277470766537952,1.3e+30
243.0,31.64957119657124,6.271241609273895,1.2541429960944086e+30
253.0,31.603837729363903,6.26550469991761,1.1161325563380528e+30
263.0,31.562743385665218,6.260347132691917,9.97809074940249e+29
273.0,31.525662915124432,6.255691212708177,8.957679812813632e+29
283.0,31.4920746987153,6.251472053711213,8.072895134077068e+29
293.0,31.461540582835664,6.247635099659726,7.301829367428829e+29
303.0,31.433690180910762,6.244134192152582,6.626700397277004e+29
313.0,31.408208540096243,6.240930049819516,6.032970956671398e+29
323.0,31.384826368789806,6.237989061776454,5.5086769046970675e+29
333.0,31.363312231528386,6.235282322762688,5.043910073372929e+29
343.0,31.34346626883033,6.2327848558906025,4.630416749157489e+29
353.0,31.325115108878457,6.230474982229147,4.261283462807125e+29
363.0,31.3081077179601,6.2283338061887,3.930689272855705e+29
373.0,31.292311995727424,6.226344792892085,3.633709103718077e+29
383.0,31.277611965468083,6.224493419110057,3.366156585469188e+29
393.0,31.263905442785735,6.222766883405022,3.1244576782043998e+29
403.0,31.251102091289216,6.221153864216101,2.905548451886703e+29
413.0,31.239121793159235,6.219644316984271,2.7067919429518936e+29
423.0,31.22789327730576,6.218229303240949,2.525910169315647e+29
433.0,31.21735295934368,6.216900846000324,2.360928260490253e+29
443.0,31.207443956604877,6.215651806903374,2.2101283241690305e+29
453.0,31.198115248468593,6.214475781432599,2.0720111789165917e+29
463.0,31.189320957874678,6.21336700920565,1.9452644738276307e+29
473.0,31.181019734321875,6.212320296904299,1.82873601900731e+29
483.0,31.173174222199133,6.211330951833678,1.721411386767247e+29
493.0,31.165750601146197,6.210394724459204,1.6223950283521205e+29
503.0,31.158718187438687,6.2095077585533245,1.5308942966642789e+29
513.0,31.152049087257208,6.208666547815313,1.446205880767346e+29
523.0,31.145717894218713,6.207867898015654,1.3677042496945083e+29
533.0,31.139701424790797,6.20710889387079,1.2948317764253073e+29
543.0,31.133978486230188,6.206386869980701,1.227090271785195e+29
553.0,31.12852967252848,6.205699385266426,1.1640337055170188e+29
563.0,31.123337184544916,6.205044200431188,1.1052619302383796e+29
573.0,31.118384671085096,6.204419258040876,1.0504152552757598e+29
583.0,31.11365708816714,6.203822664879667,9.991697428971188e+28
593.0,31.109140574120826,6.203252676286854,9.512331203827561e+28
603.0,31.1048223385041,6.202707682223213,9.063412185746676e+28
613.0,31.100690563106934,6.202186194850759,8.64254861737127e+28
623.0,31.096734313553387,6.201686837439805,8.247571453110657e+28
633.0,31.092943460217057,6.201208334442747,7.876510479037928e+28
643.0,31.089308607338406,6.200749502595541,7.527573319863957e+28
653.0,31.085821029380245,6.200309242926383,7.199126945658474e+28
663.0,31.082472613783747,6.1998865335667395,6.889681347935927e+28
673.0,31.079255809395356,6.1994804232734655,6.597875102587363e+28
683.0,31.076163579927655,6.19909002558224,6.32246257747833e+28
693.0,31.073189361896983,6.198714513522571,6.06230257662003e+28
703.0,31.07032702654934,6.198353114833187,5.816348241699602e+28
713.0,31.06757084534559,6.198005107624076,5.583638056282218e+28
723.0,31.064915458628352,6.1976698164378545,5.363287818879153e+28
733.0,31.062355847137766,6.197346608668762,5.154483468895384e+28
743.0,31.059887306082043,6.197034891302421,4.956474664711537e+28
753.0,31.05750542150267,6.196734107943726,4.768569026219922e+28
763.0,31.055206048703685,6.196443736103985,4.590126965357968e+28
773.0,31.052985292540278,6.19616328472159,4.4205570378441805e+28
783.0,31.050839489384643,6.195892291893407,4.259311757656206e+28
793.0,31.048765190606982,6.195630322796543,4.105883822994243e+28
803.0,31.046759147426965,6.19537696778232,3.959802708711313e+28
813.0,31.044818297006458,6.195131840626249,3.8206315856044065e+28
823.0,31.042939749667905,6.194894576919508,3.687964531665052e+28
833.0,31.041120777134772,6.194664832588875,3.5614240044844747e+28
843.0,31.03935880170115,6.1944422825335055,3.4406585475817872e+28
853.0,31.037651386247017,6.194226619368028,3.3253407065459103e+28
863.0,31.035996225024054,6.19401755226254,3.2151651336144923e+28
873.0,31.034391135144396,6.193814805871012,3.109846861708507e+28
883.0,31.0328340487113,6.193618119340431,3.0091197310443923e+28
893.0,31.031323005536635,6.19342724539375,2.9127349532950263e+28
903.0,31.029856146395403,6.193241949480418,2.8204597998995407e+28
913.0,31.028431706772253,6.193062008988793,2.7320764025584943e+28
923.0,31.02704801105909,6.192887212515317,2.647380655219643e+28
933.0,31.025703467166792,6.192717359185811,2.566181207981722e+28
943.0,31.02439656151733,6.192552258024633,2.488298544337532e+28
953.0,31.023125854385786,6.192391727367874,2.4135641340590457e+28
963.0,31.021889975564342,6.192235594317093,2.34181965481001e+28
973.0,31.02068762032299,6.192083694230381,2.2729162762675017e+28
983.0,31.019517545643758,6.191935870247879,2.206714001153521e+28
993.0,31.01837856670738,6.191791972849064,2.1430810581300393e+28
1003.0,31.01726889754264,6.191651776550496,2.090081135351165e+28
1013.0,31.016178434724452,6.191514005000133,2.057564507998924e+28
1023.0,31.01510345430133,6.191378187790335,2.0258657787155107e+28
1033.0,31.014043587600284,6.191244278415222,1.9949566780668547e+28
1043.0,31.012998478198202,6.191112231913287,1.9648101746444167e+28
1053.0,31.01196778140178,6.190982004801865,1.9354004096365916e+28
1063.0,31.010951163754232,6.190853555014965,1.90670263543932e+28
1073.0,31.009948302567192,6.190726841844289,1.8786931580213176e+28
1083.0,31.008958885476243,6.190601825883217,1.851349282781836e+28
1093.0,31.007982610018736,6.1904784689736,1.824649263659377e+28
1103.0,31.007019183232554,6.190356734155199,1.7985722552685233e+28
1113.0,31.006068321274597,6.190236585617604,1.7730982678592005e+28
1123.0,31.005129749057886,6.19011798865449,1.748208124908331e+28
1133.0,31.004203199906172,6.1900009096200925,1.723883423168225e+28
1143.0,31.00328841522511,6.189885315887769,1.700106495009184e+28
1153.0,31.00238514418902,6.1897711758105025,1.6768603729058693e+28
1163.0,31.001493143442396,6.189658458683296,1.6541287559280541e+28
1173.0,31.000612176815356,6.189547134707299,1.6318959781065499e+28
1183.0,30.999742015052224,6.189437174955593,1.6101469785544454e+28
1193.0,30.998882435552595,6.1893285513405605,1.588867273232399e+28
1203.0,30.99803322212416,6.189221236582725,1.5680429282546348e+28
1213.0,30.997194164746677,6.189115204180994,1.5476605346395964e+28
1223.0,30.996365059346516,6.189010428384247,1.5277071844159233e+28
1233.0,30.995545707581208,6.188906884164171,1.5081704480006252e+28
1243.0,30.994735916633456,6.188804547189292,1.4890383527720523e+28
1253.0,30.993935499014178,6.188703393800153,1.4702993627655415e+28
1263.0,30.993144272374042,6.188603400985546,1.4519423594245204e+28
1273.0,30.992362059323135,6.188504546359783,1.433956623344352e+28
1283.0,30.99158868725829,6.188406808140927,1.41633181695041e+28
1293.0,30.990823988197743,6.188310165129945,1.3990579680557288e+28
1303.0,30.990067798622732,6.18821459669074,1.3821254542471741e+28
1313.0,30.989319959325666,6.188120082731005,1.3655249880524102e+28
1323.0,30.98858031526461,6.188026603683879,1.3492476028430196e+28
1333.0,30.987848715423713,6.187934140490351,1.333284639432007e+28
1343.0,30.987125012679332,6.187842674582376,1.3176277333265775e+28
1353.0,30.986409063671577,6.187752187866682,1.3022688025995552e+28
1363.0,30.985700728680985,6.187662662709221,1.2872000363451093e+28
1373.0,30.984999871510134,6.187574081920238,1.272413883686598e+28
1383.0,30.984306359369917,6.187486428739936,1.257903043306326e+28
1393.0,30.983620062770306,6.187399686824693,1.2436604534688825e+28
1403.0,30.982940855415343,6.187313840233834,1.2296792825114366e+28
1413.0,30.982268614102225,6.187228873416894,1.2159529197759997e+28
1423.0,30.981603218624237,6.187144771201384,1.2024749669601522e+28
1433.0,30.980944551677425,6.1870615187810225,1.1892392298641452e+28
1443.0,30.980292498770773,6.186979101704403,1.1762397105136008e+28
1453.0,30.979646948139777,6.186897505864103,1.1634705996382474e+28
1463.0,30.979007790663246,6.186816717486187,1.1509262694882854e+28
1473.0,30.978374919783196,6.186736723120104,1.1386012669710393e+28
1483.0,30.977748231427686,6.186657509628958,1.1264903070915544e+28
1493.0,30.977127623936493,6.186579064180137,1.114588266681745e+28
1503.0,30.97651299798948,6.186501374236273,1.102890178403556e+28
1513.0,30.975904256537564,6.186424427546543,1.0913912250124469e+28
1523.0,30.975301304736142,6.186348212138263,1.0800867338682597e+28
1533.0,30.97470404988092,6.186272716308809,1.0689721716812628e+28
1543.0,30.974112401345995,6.186197928617796,1.058043139481841e+28
1553.0,30.97352627052412,6.186123837879546,1.0472953678029298e+28
1563.0,30.972945570769056,6.186050433155821,1.036724712064904e+28
1573.0,30.97237021733995,6.185977703748807,1.0263271481531739e+28
1583.0,30.971800127347592,6.18590563919433,1.0160987681792809e+28
1593.0,30.971235219702553,6.185834229255322,1.0060357764167797e+28
1603.0,30.97067541506508,6.185763463915497,9.961344854036515e+27
1613.0,30.970120635796686,6.185693333373243,9.863913122034388e+27
1623.0,30.969570805913364,6.18562382803573,9.768027748177005e+27
1633.0,30.969025851040385,6.185554938513193,9.67365488742779e+27
1643.0,30.968485698368585,6.185486655613434,9.580761636642259e+27
1653.0,30.967950276612104,6.18541897033648,9.489316002825918e+27
1663.0,30.96741951596751,6.185351873869431,9.399286872645987e+27
1673.0,30.96689334807426,6.185285357581476,9.310643983140233e+27
1683.0,30.966371705976456,6.185219413019059,9.223357893569133e+27
1693.0,30.965854524085806,6.185154031901219,9.137399958360179e+27
1703.0,30.965341738145806,6.1850892061150615,9.05274230109589e+27
1713.0,30.964833285197056,6.185024927711387,8.96935778949935e+27
1723.0,30.96432910354366,6.184961188900455,8.887220011373481e+27
1733.0,30.963829132720697,6.184897982047875,8.806303251452434e+27
1743.0,30.96333331346273,6.184835299670638,8.726582469125438e+27
1753.0,30.962841587673257,6.184773134433263,8.648033276995488e+27
1763.0,30.962353898395143,6.18471147914406,8.570631920237025e+27
1773.0,30.961870189781948,6.184650326751521,8.49435525671848e+27
1783.0,30.961390407070137,6.184589670340813,8.419180737857249e+27
1793.0,30.96091449655214,6.184529503130372,8.345086390176169e+27
1803.0,30.960442405550214,6.184469818468617,8.272050797532034e+27
1813.0,30.959974082391128,6.184410609830744,8.200053083988135e+27
1823.0,30.95950947638155,6.184351870815627,8.129072897304038e+27
1833.0,30.959048537784234,6.184293595142816,8.059090393017164e+27
1843.0,30.958591217794854,6.18423577664961,7.990086219091827e+27
1853.0,30.958137468519556,6.184178409288225,7.922041501112572e+27
1863.0,30.957687242953167,6.184121487123046,7.854937827999701e+27
1873.0,30.957240494958015,6.184065004327956,7.788757238225886e+27
1883.0,30.956797179243395,6.184008955183741,7.723482206513706e+27
1893.0,30.956357251345604,6.183953334075577,7.659095630994922e+27
1903.0,30.955920667608567,6.183898135490575,7.595580820813075e+27
1913.0,30.955487385164993,6.18384335401542,7.532921484151906e+27
1923.0,30.955057361918094,6.183788984334047,7.471101716672822e+27
1933.0,30.9546305565238,6.183735021225407,7.410105990345382e+27
1943.0,30.954206928373488,6.183681459561286,7.349919142655515e+27
1953.0,30.95378643757718,6.183628294304184,7.290526366176811e+27
1963.0,30.95336904494722,6.183575520505256,7.231913198490886e+27
1973.0,30.952954711982404,6.183523133302307,7.174065512443448e+27
1983.0,30.95254340085253,6.183471127917846,7.116969506723222e+27
1993.0,30.952135074383396,6.183419499657191,7.060611696751503e+27
2003.0,30.951729696042182,6.183368243906626,7.004978905870561e+27
2013.0,30.95132722992326,6.1833173561316075,6.9500582568197e+27
2023.0,30.95092764073435,6.183266831875021,6.895837163488174e+27
2033.0,30.95053089378308,6.183216666755479,6.842303322934677e+27
2043.0,30.95013695496388,6.183166856465679,6.78944470766351e+27
2053.0,30.94974579074525,6.183117396770783,6.737249558147974e+27
2063.0,30.949357368157344,6.183068283506857,6.685706375591914e+27
2073.0,30.94897165477989,6.1830195125793495,6.634803914920715e+27
2083.0,30.948588618730422,6.182971079961604,6.584531177993409e+27
2093.0,30.94820822865283,6.182922981693408,6.534877407027916e+27
2103.0,30.947830453706203,6.182875213879595,6.485832078231711e+27
2113.0,30.94745526355394,6.1828277726886665,6.437384895630586e+27
2123.0,30.94708262835318,6.182780654351452,6.389525785088442e+27
2133.0,30.946712518744462,6.182733855159816,6.342244888511314e+27
2143.0,30.94634490584169,6.182687371465379,6.295532558229129e+27
2153.0,30.94597976122231,6.1826411996782875,6.24937935154897e+27
2163.0,30.94561705691777,6.182595336266004,6.203776025473794e+27
2173.0,30.945256765404185,6.182549777752135,6.158713531580889e+27
2183.0,30.944898859593287,6.18250452071528,6.114183011054509e+27
2193.0,30.944543312823544,6.182459561787916,6.070175789867359e+27
2203.0,30.94419009885153,6.182414897655312,6.026683374105825e+27
2213.0,30.943839191843505,6.18237052505446,5.983697445434027e+27
2223.0,30.943490566367206,6.18232644077304,5.941209856691981e+27
2233.0,30.943144197383816,6.182282641648409,5.899212627623287e+27
2243.0,30.942800060240156,6.182239124566611,5.857697940728021e+27
2253.0,30.942458130661052,6.182195886461423,5.816658137236578e+27
2263.0,30.942118384741885,6.182152924313402,5.776085713200457e+27
2273.0,30.941780798941334,6.182110235148977,5.735973315696062e+27
2283.0,30.94144535007427,6.182067816039555,5.696313739137784e+27
2293.0,30.941112015304842,6.182025664100638,5.65709992169678e+27
2303.0,30.940780772139707,6.181983776490977,5.618324941821917e+27
2313.0,30.940451598421436,6.181942150411736,5.579982014859597e+27
2323.0,30.940124472322065,6.181900783105681,5.5420644897692e+27
2333.0,30.939799372336807,6.181859671856383,5.504565845931068e+27
2343.0,30.939476277277894,6.181818813987442,5.467479690044014e+27
2353.0,30.939155166268577,6.181778206861729,5.430799753109507e+27
2363.0,30.938836018737263,6.18173784788065,5.394519887499714e+27
2373.0,30.938518814411772,6.181697734483413,5.358634064106775e+27
2383.0,30.93820353331375,6.181657864146333,5.323136369570685e+27
2393.0,30.937890155753188,6.181618234382128,5.288021003583316e+27
2403.0,30.937578662323077,6.18157884273926,5.253282276266181e+27
2413.0,30.93726903389418,6.181539686801256,5.218914605619628e+27
2423.0,30.936961251609922,6.18150076418608,5.184912515041214e+27
2433.0,30.936655296881398,6.181462072545495,5.151270630911126e+27
2443.0,30.936351151382485,6.181423609564444,5.117983680242569e+27
2453.0,30.936048797045075,6.181385372960454,5.085046488395105e+27
2463.0,30.9357482160544,6.181347360483043,5.052453976849009e+27
2473.0,30.935449390844465,6.18130956991314,5.020201161038791e+27
2483.0,30.935152304093588,6.18127199906253,4.98828314824405e+27
2493.0,30.93485693872003,6.181234645773297,4.956695135535962e+27
2503.0,30.934563277877732,6.181197507917282,4.925432407777659e+27
2513.0,30.934271304952116,6.181160583395564,4.8944903356769395e+27
2523.0,30.933981003556017,6.181123870137936,4.863864373889693e+27
2533.0,30.933692357525665,6.181087366102404,4.833550059172542e+27
2543.0,30.933405350916782,6.181051069274691,4.803543008583241e+27
2553.0,30.93311996800075,6.181014977667754,4.773838917727393e+27
2563.0,30.93283619326085,6.180979089321311,4.7444335590501514e+27
2573.0,30.93255401138861,6.180943402301378,4.7153227801715404e+27
2583.0,30.9322734072802,6.180907914699814,4.686502502264155e+27
2593.0,30.93199436603291,6.180872624633877,4.657968718471975e+27
2603.0,30.931716872941724,6.180837530245791,4.629717492369114e+27
2613.0,30.93144091349594,6.18080262970232,4.601744956457332e+27
2623.0,30.931166473375864,6.1807679211943505,4.574047310701211e+27
2633.0,30.930893538449588,6.180733402936485,4.546620821099889e+27
2643.0,30.930622094769813,6.180699073166638,4.51946181829432e+27
2653.0,30.930352128570757,6.18066493014565,4.4925666962090457e+27
2663.0,30.930083626265116,6.180630972156902,4.4659319107274855e+27
2673.0,30.929816574441084,6.1805971975059375,4.439553978399809e+27
2683.0,30.929550959859448,6.180563604520099,4.4134294751824675e+27
2693.0,30.92928676945072,6.180530191548162,4.3875550352084826e+27
2703.0,30.929023990312352,6.18049695695999,4.361927349587651e+27
2713.0,30.928762609705988,6.180463899146177,4.3365431652358174e+27
2723.0,30.92850261505477,6.180431016517718,4.3113992837324027e+27
2733.0,30.92824399394073,6.1803983075056745,4.28649256020542e+27
2743.0,30.92798673410217,6.180365770560845,4.2618199022432046e+27
2753.0,30.927730823431173,6.180333404153449,4.2373782688321333e+27
2763.0,30.927476249971097,6.18030120677281,4.213164669319616e+27
2773.0,30.927223001914157,6.180269176927056,4.1891761624016685e+27
2783.0,30.926971067599037,6.180237313142813,4.165409855134403e+27
2793.0,30.926720435508557,6.180205613964909,4.1418629019687787e+27
2803.0,30.926471094267374,6.18017407795609,4.118532503807997e+27
2813.0,30.926223032639747,6.18014270369673,4.095415907086919e+27
2823.0,30.925976239527326,6.18011148978456,4.072510402872924e+27
2833.0,30.925730703966995,6.1800804348343865,4.0498133259876243e+27
2843.0,30.925486415128752,6.180049537477834,4.0273220541488994e+27
2853.0,30.92524336231363,6.180018796363074,4.0050340071326904e+27
2863.0,30.92500153495166,6.179988210154574,3.982946645954044e+27
2873.0,30.92476092259987,6.179957777532836,3.961057472066896e+27
2883.0,30.924521514940313,6.179927497194162,3.939364026582101e+27
2893.0,30.92428330177816,6.179897367850398,3.917863889503228e+27
2903.0,30.9240462730398,6.179867388228701,3.896554678979668e+27
2913.0,30.923810418770984,6.179837557071311,3.8754340505765916e+27
2923.0,30.923575729135013,6.179807873135307,3.8544996965613276e+27
2933.0,30.92334219441095,6.179778335192397,3.8337493452057357e+27
2943.0,30.923109804991864,6.179748942028684,3.8131807601041674e+27
2953.0,30.922878551383114,6.179719692444457,3.792791739506602e+27
2963.0,30.922648424200663,6.179690585253974,3.7725801156665846e+27
2973.0,30.922419414169415,6.179661619285256,3.7525437542035844e+27
2983.0,30.922191512121593,6.179632793379878,3.732680553479397e+27
2993.0,30.921964708995137,6.179604106392769,3.7129884439882546e+27
3003.0,30.921738995832143,6.179575557192012,3.6934653877602815e+27
3013.0,30.92151436377732,6.179547144658656,3.674109377777966e+27
3023.0,30.921290804076474,6.179518867686515,3.654918437405324e+27
3033.0,30.92106830807503,6.179490725181993,3.635890619829437e+27
3043.0,30.920846867216564,6.179462716063885,3.617024007514053e+27
3053.0,30.920626473041384,6.179434839263208,3.5983167116649533e+27
3063.0,30.920407117185114,6.17940709372302,3.5797668717067947e+27
3073.0,30.920188791377317,6.1793794783982445,3.5613726547711475e+27
3083.0,30.919971487440137,6.179351992255498,3.5431322551954445e+27
3093.0,30.91975519728696,6.179324634272925,3.5250438940325866e+27
3103.0,30.919539912921113,6.17929740344003,3.507105818570932e+27
3113.0,30.919325626434574,6.179270298757516,3.489316301864428e+27
3123.0,30.919112330006705,6.179243319237126,3.471673642272632e+27
3133.0,30.918900015903013,6.179216463901481,3.454176163010385e+27
3143.0,30.91868867647393,6.179189731783935,3.4368222117069026e+27
3153.0,30.91847830415361,6.179163121928413,3.4196101599740676e+27
3163.0,30.91826889145875,6.1791366333892705,3.402538402983684e+27
3173.0,30.918060430987442,6.179110265231144,3.3856053590535004e+27
3183.0,30.91785291541801,6.179084016528806,3.368809469241778e+27
3193.0,30.917646337507918,6.1790578863670245,3.352149196950212e+27
3203.0,30.917440690092654,6.179031873840426,3.335623027534996e+27
3213.0,30.917235966084654,6.179005978053354,3.3192294679258525e+27
3223.0,30.917032158472235,6.178980198119743,3.302967046252831e+27
3233.0,30.916829260318554,6.178954533162979,3.2868343114806943e+27
3243.0,30.916627264760574,6.178928982315769,3.2708298330507214e+27
3253.0,30.916426165008062,6.178903544720022,3.2549522005297456e+27
3263.0,30.91622595434259,6.178878219526716,3.239200023266266e+27
3273.0,30.916026626116558,6.178853005895775,3.223571930053467e+27
3283.0,30.915828173752235,6.178827902995952,3.208066568798985e+27
3293.0,30.915630590740815,6.1788029100047055,3.192682606201272e+27
3303.0,30.915433870641483,6.178778026108085,3.177418727432395e+27
3313.0,30.915238007080504,6.178753250500613,3.1622736358271376e+27
3323.0,30.915042993750326,6.178728582385173,3.147246052578246e+27
3333.0,30.914848824408693,6.178704020972899,3.1323347164376943e+27
3343.0,30.91465549287778,6.178679565483062,3.117538383423817e+27
3353.0,30.91446299304333,6.178655215142966,3.102855826534189e+27
3363.0,30.91427131885381,6.178630969187838,3.0882858354641207e+27
3373.0,30.9140804643196,6.178606826860726,3.073827216330632e+27
3383.0,30.91389042351216,6.178582787412398,3.059478791401804e+27
3393.0,30.913701190563238,6.178558850101235,3.0452393988313605e+27
3403.0,30.913512759664073,6.178535014193135,3.031107892398391e+27
3413.0,30.91332512506463,6.178511278961414,3.017083141252077e+27
3423.0,30.91313828107283,6.1784876436867116,3.003164029661331e+27
3433.0,30.912952222053793,6.178464107656894,2.989349456769218e+27
3443.0,30.91276694242911,6.17844067016696,2.9756383363520846e+27
3453.0,30.9125824366761,6.178417330518951,2.962029596583257e+27
3463.0,30.912398699327113,6.178394088021859,2.9485221798012355e+27
3473.0,30.912215724968803,6.178370941991538,2.9351150422822746e+27
3483.0,30.91203350824145,6.178347891750614,2.921807154017258e+27
3493.0,30.91185204383827,6.178324936628408,2.9085974984927695e+27
3503.0,30.91167132650474,6.178302075960836,2.8954850724762775e+27
3513.0,30.91149135103794,6.178279309090337,2.882468885805339e+27
3523.0,30.911312112285902,6.178256635365788,2.8695479611807346e+27
3533.0,30.911133605146958,6.178234054142419,2.856721333963461e+27
3543.0,30.910955824569122,6.17821156478174,2.8439880519754775e+27
3553.0,30.910778765549452,6.1781891666514515,2.831347175304157e+27
3563.0,30.910602423133454,6.178166859125383,2.818797776110331e+27
3573.0,30.910426792414466,6.178144641583401,2.806338938439876e+27
3583.0,30.910251868533063,6.178122513411342,2.793969758038752e+27
3593.0,30.910077646676484,6.17810047400094,2.78168934217143e+27
3603.0,30.90990412207804,6.178078522749747,2.7694968094426294e+27
3613.0,30.90973129001656,6.178056659061068,2.7573912896223036e+27
3623.0,30.909559145815816,6.178034882343885,2.7453719234737977e+27
3633.0,30.909387684843992,6.178013192012793,2.733437862585118e+27
3643.0,30.909216902513123,6.177991587487926,2.7215882692032513e+27
3653.0,30.909046794278574,6.1779700681948935,2.7098223160714554e+27
3663.0,30.9088773556385,6.17794863356471,2.698139186269483e+27
3673.0,30.90870858213334,6.177927283033735,2.6865380730566553e+27
3683.0,30.9085404693453,6.177906016043602,2.675018179717748e+27
3693.0,30.90837301289785,6.177884832041161,2.6635787194116096e+27
3703.0,30.90820620845523,6.177863730478411,2.6522189150224764e+27
3713.0,30.908040051721954,6.177842710812442,2.6409379990139167e+27
3723.0,30.907874538442336,6.177821772505371,2.6297352132853547e+27
3733.0,30.907709664400016,6.177800915024284,2.618609809031123e+27
3743.0,30.907545425417485,6.177780137841176,2.607561046601993e+27
3753.0,30.90738181735563,6.177759440432895,2.596588195369125e+27
3763.0,30.90721883611328,6.177738822281078,2.5856905335904005e+27
3773.0,30.907056477626753,6.177718282872106,2.574867348279084e+27
3783.0,30.90689473786942,6.177697821697037,2.564117935074767e+27
3793.0,30.906733612851266,6.177677438251556,2.5534415981165473e+27
3803.0,30.90657309861847,6.177657132035923,2.5428376499184034e+27
3813.0,30.90641319125297,6.177636902554912,2.5323054112467183e+27
3823.0,30.906253886872054,6.177616749317771,2.521844210999908e+27
3833.0,30.90609518162795,6.177596671838154,2.511453386090116e+27
3843.0,30.905937071707417,6.177576669634085,2.501132281326932e+27
3853.0,30.90577955333135,6.177556742227899,2.490880249303095e+27
3863.0,30.905622622754386,6.177536889146193,2.480696650282143e+27
3873.0,30.905466276264516,6.177517109919782,2.4705808520879673e+27
3883.0,30.905310510182698,6.177497404083642,2.4605322299962407e+27
3893.0,30.905155320862484,6.177477771176871,2.450550166627677e+27
3903.0,30.905000704689655,6.177458210742639,2.44063405184309e+27
3913.0,30.90484665808184,6.177438722328139,2.4307832826402154e+27
3923.0,30.904693177488166,6.177419305484545,2.4209972630522625e+27
3933.0,30.9045402593889,6.177399959766963,2.411275404048163e+27
3943.0,30.904387900295088,6.177380684734396,2.4016171234344798e+27
3953.0,30.90423609674822,6.177361479949682,2.3920218457589527e+27
3963.0,30.904084845319886,6.177342344979474,2.38248900221564e+27
3973.0,30.90393414261143,6.1773232793941775,2.373018030551633e+27
3983.0,30.90378398525363,6.1773042827679205,2.363608374975309e+27
3993.0,30.903634369906356,6.177285354678506,2.3542594860660962e+27
4003.0,30.903485293258267,6.177266494707373,2.344970820685719e+27
4013.0,30.90333675202647,6.1772477024395585,2.3357418418909012e+27
4023.0,30.903188742956207,6.177228977463654,2.3265720188474928e+27
4033.0,30.90304126282057,6.17721031937177,2.3174608267459975e+27
4043.0,30.90289430842016,6.1771917277594905,2.308407746718476e+27
4053.0,30.902747876582804,6.177173202225845,2.2994122657567958e+27
4063.0,30.902601964163264,6.1771547423732605,2.2904738766322043e+27
4073.0,30.90245656804292,6.177136347807533,2.2815920778162e+27
4083.0,30.902311685129494,6.177118018137784,2.272766373402681e+27
4093.0,30.90216731235677,6.177099752976431,2.2639962730313385e+27
4103.0,30.902023446684296,6.177081551939142,2.2552812918122858e+27
4113.0,30.901880085097112,6.177063414644812,2.2466209502518836e+27
4123.0,30.901737224605473,6.177045340715521,2.2380147741797563e+27
4133.0,30.901594862244586,6.177027329776499,2.2294622946769636e+27
4143.0,30.90145299507433,6.177009381456099,2.2209630480053176e+27
4153.0,30.901311620178998,6.176991495385752,2.2125165755378122e+27
4163.0,30.901170734667037,6.176973671199948,2.2041224236901585e+27
4173.0,30.901030335670786,6.1769559085361925,2.195780143853395e+27
4183.0,30.900890420346222,6.176938207034981,2.1874892923275578e+27
4193.0,30.900750985872715,6.176920566339761,2.179249430256391e+27
4203.0,30.900612029452777,6.1769029860969065,2.1710601235630806e+27
4213.0,30.900473548311812,6.176885465955687,2.162920942886989e+27
4223.0,30.90033553969788,6.17686800556823,2.1548314635213748e+27
4233.0,30.900198000881467,6.176850604589501,2.1467912653520822e+27
4243.0,30.900060929155227,6.176833262677265,2.1387999327971793e+27
4253.0,30.89992432183378,6.176815979492063,2.1308570547475294e+27
4263.0,30.899788176253452,6.17679875469718,2.1229622245082784e+27
4273.0,30.899652489772073,6.176781587958618,2.115115039741246e+27
4283.0,30.899517259768743,6.176764478945066,2.107315102408197e+27
4293.0,30.89938248364361,6.176747427327873,2.0995620187149845e+27
4303.0,30.89924815881766,6.1767304327810235,2.0918553990565467e+27
4313.0,30.899114282732487,6.176713494981104,2.0841948579627403e+27
4323.0,30.898980852850105,6.176696613607282,2.0765800140449996e+27
4333.0,30.898847866652712,6.176679788341278,2.0690104899438047e+27
4343.0,30.898715321642502,6.176663018867334,2.0614859122769458e+27
4353.0,30.898583215341453,6.1766463048721985,2.054005911588567e+27
4363.0,30.898451545291124,6.1766296460450905,2.0465701222989805e+27
4373.0,30.89832030905246,6.1766130420776815,2.0391781826552347e+27
4383.0,30.898189504205586,6.176596492664064,2.031829734682423e+27
4393.0,30.898059128349633,6.176579997500735,2.024524424135723e+27
4403.0,30.897929179102523,6.176563556286564,2.017261900453151e+27
4413.0,30.89779965410079,6.1765471687227755,2.0100418167090202e+27
4423.0,30.897670550999397,6.17653083451292,2.002863829568093e+27
4433.0,30.89754186747154,6.176514553362853,1.9957275992404108e+27
4443.0,30.89741360120847,6.176498324980714,1.9886327894367942e+27
4453.0,30.89728574991932,6.176482149076899,1.9815790673249993e+27
4463.0,30.897158311330916,6.176466025364044,1.97456610348652e+27
4473.0,30.897031283187605,6.176449953556993,1.967593571874028e+27
4483.0,30.896904663251085,6.176433933372792,1.9606611497694318e+27
4493.0,30.89677844930023,6.176417964530647,1.953768517742556e+27
4503.0,30.896652639130913,6.176402046751922,1.946915359610418e+27
4513.0,30.896527230555854,6.176386179760104,1.9401013623971028e+27
4523.0,30.89640222140444,6.176370363280787,1.9333262162942188e+27
4533.0,30.896277609522567,6.176354597041656,1.9265896146219276e+27
4543.0,30.89615339277248,6.176338880772455,1.9198912537905384e+27
4553.0,30.89602956903261,6.176323214204981,1.9132308332626568e+27
4563.0,30.895906136197418,6.176307597073051,1.9066080555158793e+27
4573.0,30.89578309217724,6.176292029112492,1.9000226260060245e+27
4583.0,30.89566043489813,6.176276510061116,1.8934742531308902e+27
4593.0,30.89553816230171,6.176261039658701,1.8869626481945325e+27
4603.0,30.895416272345017,6.176245617646978,1.880487525372053e+27
4613.0,30.895294763000358,6.176230243769601,1.874048601674889e+27
4623.0,30.89517363225516,6.176214917772141,1.8676455969165943e+27
4633.0,30.89505287811182,6.176199639402058,1.8612782336791138e+27
4643.0,30.89493249858758,6.176184408408689,1.854946237279525e+27
4653.0,30.89481249171436,6.1761692245432265,1.848649335737259e+27
4663.0,30.89469285553864,6.1761540875587,1.8423872597417768e+27
4673.0,30.8945735881213,6.176138997209965,1.8361597426207058e+27
4683.0,30.894454687537507,6.1761239532536765,1.8299665203084206e+27
4693.0,30.894336151876562,6.176108955448279,1.8238073313150648e+27
4703.0,30.894217979241766,6.176094003553986,1.8176819166960057e+27
4713.0,30.894100167750302,6.176079097332766,1.8115900200217174e+27
4723.0,30.89398271553309,6.1760642365483225,1.80553138734808e+27
4733.0,30.893865620734672,6.17604942096608,1.7995057671870937e+27
4743.0,30.893748881513062,6.176034650353168,1.7935129104779976e+27
4753.0,30.893632496039643,6.176019924478405,1.7875525705587892e+27
4763.0,30.89351646249903,6.17600524311228,1.7816245031381374e+27
4773.0,30.89340077908895,6.175990606026942,1.7757284662676815e+27
4783.0,30.89328544402012,6.175976012996179,1.7698642203147102e+27
4793.0,30.89317045551612,6.175961463795407,1.7640315279352188e+27
4803.0,30.893055811813287,6.175946958201653,1.7582301540473313e+27
4813.0,30.892941511160586,6.17593249599354,1.752459865805089e+27
4823.0,30.8928275518195,6.175918076951276,1.7467204325725947e+27
4833.0,30.89271393206391,6.17590370085663,1.7410116258985086e+27
4843.0,30.892600650179975,6.17588936749293,1.7353332194908917e+27
4853.0,30.892487704466042,6.175875076645037,1.729684989192389e+27
4863.0,30.89237509323251,6.175860828099342,1.7240667129557497e+27
4873.0,30.892262814801732,6.175846621643744,1.718478170819675e+27
4883.0,30.892150867507908,6.175832457067638,1.7129191448849958e+27
4893.0,30.892039249696964,6.175818334161903,1.7073894192911658e+27
4903.0,30.891927959726463,6.175804252718887,1.701888780193072e+27
4913.0,30.89181699596549,6.175790212532398,1.6964170157381567e+27
4923.0,30.891706356794543,6.175776213397683,1.6909739160438435e+27
4933.0,30.891596040605446,6.175762255111421,1.6855592731752644e+27
4943.0,30.89148604580123,6.175748337471707,1.680172881123284e+27
4953.0,30.891376370796046,6.175734460278045,1.674814535782815e+27
4963.0,30.89126701401505,6.175720623331326,1.6694840349314214e+27
4973.0,30.89115797389432,6.1757068264338235,1.6641811782082042e+27
4983.0,30.89104924888075,6.175693069389179,1.658905767092966e+27
4993.0,30.89094083743196,6.175679352002384,1.6536576048856497e+27
5003.0,30.890832738016186,6.17566567407978,1.6484364966860487e+27
