Time,Mass,Radius,Lx
23.0,14.63349375081365,8.74,1.3e+30
24.0,14.628784574445115,8.705111947586486,1.3e+30
25.0,14.624136610385612,8.67174332466573,1.3e+30
26.0,14.619546662283037,8.639769449739877,1.3e+30
27.0,14.615011818143554,8.609080205522202,1.3e+30
28.0,14.610529415445692,8.57957786935251,1.3e+30
29.0,14.606097011625568,8.551175331632503,1.3e+30
30.0,14.601712358949893,8.523794622080745,1.3e+30
31.0,14.597373383000159,8.497365682270159,1.3e+30
32.0,14.593078164149468,8.471825336776664,1.3e+30
33.0,14.588824921535354,8.447116425678137,1.3e+30
34.0,14.58461199912696,8.423187069037212,1.3e+30
35.0,14.580437853559387,8.39999004004265,1.3e+30
36.0,14.576301043467089,8.37748222814738,1.3e+30
37.0,14.572200220095121,8.35562417717002,1.3e+30
38.0,14.568134119004814,8.334379686171864,1.3e+30
39.0,14.564101552720876,8.313715463168124,1.3e+30
40.0,14.560101404191702,8.293600823518332,1.3e+30
41.0,14.556132620954893,8.274007426269986,1.3e+30
42.0,14.552194209916605,8.254909042879685,1.3e+30
43.0,14.548285232667086,8.236281353667097,1.3e+30
44.0,14.544404801266154,8.2181017681149,1.3e+30
45.0,14.540552074441878,8.200349265747704,1.3e+30
46.0,14.536726254153663,8.183004254832575,1.3e+30
47.0,14.532926582477659,8.16604844656455,1.3e+30
48.0,14.529152338778054,8.149464742749718,1.3e+30
49.0,14.525402837132608,8.133237135289182,1.3e+30
50.0,14.521677423984837,8.117350616010542,1.3e+30
51.0,14.5179754759988,8.10179109559774,1.3e+30
52.0,14.514296398095336,8.086545330542211,1.3e+30
53.0,14.510639621651247,8.071600857183967,1.3e+30
54.0,14.50700460284506,8.056945932034694,1.3e+30
55.0,14.503390821134955,8.042569477680194,1.3e+30
56.0,14.499797777856106,8.028461033649341,1.3e+30
57.0,14.496224994926065,8.01461071171369,1.3e+30
58.0,14.492672013648153,8.001009155148004,1.3e+30
59.0,14.489138393603863,7.987647501538978,1.3e+30
60.0,14.485623711626246,7.974517348778621,1.3e+30
61.0,14.482127560847136,7.961610723921417,1.3e+30
62.0,14.478649549811744,7.948920054621441,1.3e+30
63.0,14.475189301654886,7.936438142897785,1.3e+30
64.0,14.471746453333616,7.924158141004762,1.3e+30
65.0,14.468320654911583,7.912073529208044,1.3e+30
66.0,14.464911568890908,7.900178095289297,1.3e+30
67.0,14.46151886958772,7.888465915620927,1.3e+30
68.0,14.458142242547913,7.8769313376691095,1.3e+30
69.0,14.454781383999968,7.865568963798058,1.3e+30
70.0,14.451436000341996,7.8543736362613785,1.3e+30
71.0,14.448105807660383,7.843340423277866,1.3e+30
72.0,14.4447905312777,7.832464606099343,1.3e+30
73.0,14.441489905327694,7.821741666987112,1.3e+30
74.0,14.438203672355401,7.811167278021662,1.3e+30
75.0,14.434931582940573,7.800737290677484,1.3e+30
76.0,14.431673395342763,7.790447726101229,1.3e+30
77.0,14.428428875166562,7.780294766037144,1.3e+30
78.0,14.42519779504559,7.770274744348935,1.3e+30
79.0,14.42197993434397,7.7603841390916894,1.3e+30
80.0,14.418775078874097,7.750619565091743,1.3e+30
81.0,14.415583020629633,7.740977766996,1.3e+30
82.0,14.412403557532722,7.731455612755624,1.3e+30
83.0,14.409236493194499,7.7220500875119935,1.3e+30
84.0,14.406081636688054,7.712758287855575,1.3e+30
85.0,14.402938802333054,7.703577416430816,1.3e+30
86.0,14.399807809491293,7.694504776862399,1.3e+30
87.0,14.396688482372499,7.68553776898019,1.3e+30
88.0,14.393580649849774,7.676673884322124,1.3e+30
89.0,14.390484145284073,7.667910701895849,1.3e+30
90.0,14.387398806357204,7.659245884181525,1.3e+30
91.0,14.384324474912814,7.650677173359549,1.3e+30
92.0,14.38126099680493,7.642202387748203,1.3e+30
93.0,14.378208221753589,7.633819418437426,1.3e+30
94.0,14.375166003207177,7.625526226105897,1.3e+30
95.0,14.372134198211075,7.61732083800964,1.3e+30
96.0,14.36911266728227,7.6092013451311615,1.3e+30
97.0,14.366101274289605,7.601165899479055,1.3e+30
98.0,14.363099886339349,7.593212711528581,1.3e+30
99.0,14.360108373665811,7.585340047794588,1.3e+30
100.0,14.357126609526713,7.577546228528599,1.3e+30
101.0,14.354154470103074,7.569829625532581,1.3e+30
102.0,14.351191834403378,7.562188660082375,1.3e+30
103.0,14.348238584171792,7.554621800954276,1.3e+30
104.0,14.34529460380022,7.547127562548669,1.3e+30
105.0,14.34235978024401,7.539704503105096,1.3e+30
106.0,14.33943400294113,7.532351223003452,1.3e+30
107.0,14.33651716373462,7.525066363146383,1.3e+30
108.0,14.333609156798175,7.51784860341829,1.3e+30
109.0,14.330709878564708,7.510696661216636,1.3e+30
110.0,14.327819227657722,7.503609290051532,1.3e+30
111.0,14.324937104825391,7.4965852782098334,1.3e+30
112.0,14.322063412877192,7.489623447480243,1.3e+30
113.0,14.319198056622977,7.482722651936074,1.3e+30
114.0,14.316340942814376,7.4758817767726224,1.3e+30
115.0,14.313491980088413,7.4690997371962276,1.3e+30
116.0,14.310651078913233,7.4623754773622775,1.3e+30
117.0,14.307818151535855,7.455707969359624,1.3e+30
118.0,14.304993111931845,7.449096212238995,1.3e+30
119.0,14.302175875756829,7.4425392310831295,1.3e+30
120.0,14.299366360299764,7.436036076116519,1.3e+30
121.0,14.296564484437887,7.429585821852758,1.3e+30
122.0,14.293770168593275,7.423187566277614,1.3e+30
123.0,14.290983334690926,7.416840430066021,1.3e+30
124.0,14.288203906118333,7.410543555831371,1.3e+30
125.0,14.285431807686441,7.404296107405452,1.3e+30
126.0,14.282666965591961,7.3980972691476286,1.3e+30
127.0,14.279909307380976,7.391946245281787,1.3e+30
128.0,14.277158761913778,7.385842259259748,1.3e+30
129.0,14.274415259330892,7.379784553149909,1.3e+30
130.0,14.271678731020232,7.37377238704989,1.3e+30
131.0,14.268949109585353,7.367805038522089,1.3e+30
132.0,14.266226328814744,7.361881802051094,1.3e+30
133.0,14.263510323652119,7.356001988521909,1.3e+30
134.0,14.260801030167682,7.350164924718083,1.3e+30
135.0,14.258098385530309,7.344369952838832,1.3e+30
136.0,14.255402327980617,7.338616430034275,1.3e+30
137.0,14.252712796804897,7.332903727958023,1.3e+30
138.0,14.250029732309851,7.327231232336292,1.3e+30
139.0,14.247353075798138,7.321598342552862,1.3e+30
140.0,14.24468276954466,7.316004471249197,1.3e+30
141.0,14.242018756773591,7.310449043938988,1.3e+30
142.0,14.239360981636102,7.304931498636623,1.3e+30
143.0,14.236709389188762,7.29945128549887,1.3e+30
144.0,14.234063925372595,7.2940078664792996,1.3e+30
145.0,14.231424536992762,7.288600714994839,1.3e+30
146.0,14.228791171698843,7.283229315604027,1.3e+30
147.0,14.226163777965708,7.277893163696412,1.3e+30
148.0,14.223542305074938,7.272591765192665,1.3e+30
149.0,14.220926703096808,7.267324636254992,1.3e+30
150.0,14.218316922872763,7.262091303007363,1.3e+30
151.0,14.215712915998422,7.256891301265224,1.3e+30
152.0,14.213114634807054,7.251724176274282,1.3e+30
153.0,14.210522032353529,7.246589482457992,1.3e+30
154.0,14.207935062398713,7.241486783173427,1.3e+30
155.0,14.205353679394312,7.236415650475164,1.3e+30
156.0,14.202777838468124,7.231375664886922,1.3e+30
157.0,14.200207495409712,7.226366415180603,1.3e+30
158.0,14.197642606656455,7.221387498162475,1.3e+30
159.0,14.195083129279997,7.2164385184662105,1.3e+30
160.0,14.192529020973048,7.211519088352537,1.3e+30
161.0,14.18998024003655,7.206628827515232,1.3e+30
162.0,14.18743674536718,7.201767362893214,1.3e+30
163.0,14.184898496445195,7.196934328488545,1.3e+30
164.0,14.182365453322587,7.192129365190063,1.3e+30
165.0,14.179837576611558,7.18735212060248,1.3e+30
166.0,14.177314827473287,7.182602248880743,1.3e+30
167.0,14.174797167607005,7.177879410569441,1.3e+30
168.0,14.172284559239332,7.173183272447092,1.3e+30
169.0,14.169776965113897,7.1685135073751205,1.3e+30
170.0,14.167274348481229,7.163869794151388,1.3e+30
171.0,14.164776673088891,7.159251817368075,1.3e+30
172.0,14.162283903171875,7.1546592672737805,1.3e+30
173.0,14.15979600344323,7.1500918396396855,1.3e+30
174.0,14.157312939084921,7.145549235629645,1.3e+30
175.0,14.154834675738929,7.141031161674071,1.3e+30
176.0,14.152361179498548,7.136537329347439,1.3e+30
177.0,14.149892416899919,7.132067455249372,1.3e+30
178.0,14.147428354913748,7.127621260889084,1.3e+30
179.0,14.144968960937243,7.123198472573156,1.3e+30
180.0,14.142514202786233,7.118798821296453,1.3e+30
181.0,14.140064048687478,7.114422042636143,1.3e+30
182.0,14.137618467271167,7.110067876648671,1.3e+30
183.0,14.13517742756359,7.105736067769611,1.3e+30
184.0,14.13274089897998,7.101426364716286,1.3e+30
185.0,14.130308851317528,7.09713852039307,1.3e+30
186.0,14.127881254748557,7.092872291799301,1.3e+30
187.0,14.125458079813855,7.088627439939682,1.3e+30
188.0,14.123039297416167,7.084403729737135,1.3e+30
189.0,14.12062487881382,7.080200929947978,1.3e+30
190.0,14.118214795614515,7.0760188130794095,1.3e+30
191.0,14.115809019769245,7.071857155309168,1.3e+30
192.0,14.113407523566352,7.067715736407338,1.3e+30
193.0,14.111010279625726,7.063594339660222,1.3e+30
194.0,14.108617260893118,7.059492751796203,1.3e+30
195.0,14.106228440634599,7.0554107629135565,1.3e+30
196.0,14.103843792431121,7.051348166410127,1.3e+30
197.0,14.101463290173216,7.047304758914839,1.3e+30
198.0,14.099086908055797,7.043280340220951,1.3e+30
199.0,14.09671462057308,7.039274713221046,1.3e+30
200.0,14.09434640251361,7.035287683843645,1.3e+30
201.0,14.091982228955402,7.031319060991457,1.3e+30
202.0,14.089622075261179,7.027368656481169,1.3e+30
203.0,14.087265917073717,7.023436284984765,1.3e+30
204.0,14.084913730311282,7.0195217639722784,1.3e+30
205.0,14.08256549116317,7.015624913656005,1.3e+30
206.0,14.080221176085336,7.01174555693607,1.3e+30
207.0,14.077880761796123,7.007883519347349,1.3e+30
208.0,14.075544225272067,7.004038629007681,1.3e+30
209.0,14.073211543743794,7.000210716567345,1.3e+30
210.0,14.070882694692008,6.996399615159769,1.3e+30
211.0,14.068557655843554,6.992605160353412,1.3e+30
212.0,14.066236405167563,6.988827190104834,1.3e+30
213.0,14.063918920871679,6.98506554471285,1.3e+30
214.0,14.061605181398352,6.981320066773801,1.3e+30
215.0,14.059295165421222,6.97759060113788,1.3e+30
216.0,14.056988851841558,6.97387699486649,1.3e+30
217.0,14.054686219784783,6.970179097190579,1.3e+30
218.0,14.052387248597055,6.966496759469994,1.3e+30
219.0,14.050091917841927,6.962829835153732,1.3e+30
220.0,14.047800207297065,6.959178179741151,1.3e+30
221.0,14.04551209695103,6.955541650744051,1.3e+30
222.0,14.043227567000134,6.9519201076496255,1.3e+30
223.0,14.040946597845338,6.948313411884278,1.3e+30
224.0,14.038669170089225,6.944721426778235,1.3e+30
225.0,14.036395264533029,6.941144017530982,1.3e+30
226.0,14.034124862173716,6.9375810511774745,1.3e+30
227.0,14.031857944201121,6.934032396555086,1.3e+30
228.0,14.029594491995145,6.930497924271327,1.3e+30
229.0,14.027334487122996,6.926977506672252,1.3e+30
230.0,14.025077911336496,6.923471017811593,1.3e+30
231.0,14.02282474656942,6.91997833342055,1.3e+30
232.0,14.0205749749349,6.916499330878258,1.3e+30
233.0,14.018328578722873,6.913033889182891,1.3e+30
234.0,14.016085540397563,6.909581888923405,1.3e+30
235.0,14.013845842595039,6.906143212251889,1.3e+30
236.0,14.011609468120783,6.902717742856499,1.3e+30
237.0,14.009376399947328,6.899305365935005,1.3e+30
238.0,14.007146621211929,6.895905968168869,1.3e+30
239.0,14.004920115214274,6.892519437697896,1.3e+30
240.0,14.002696865414242,6.889145664095414,1.3e+30
241.0,14.000489172722016,6.885790221775913,1.2844672346620165e+30
242.0,13.998309036231532,6.882458550453002,1.269183229129245e+30
243.0,13.996155994219558,6.879150342905236,1.2541429960944086e+30
244.0,13.99402959465929,6.875865297405991,1.2393416681912428e+30
245.0,13.99192939497591,6.872603117601209,1.224774494634076e+30
246.0,13.98985496180933,6.8693635123903345,1.2104368379647861e+30
247.0,13.987805870783859,6.866146195810373,1.1963241709032838e+30
248.0,13.985781706284603,6.862950886922949,1.1824320732978219e+30
249.0,13.983782061240328,6.859777309704295,1.1687562291715844e+30
250.0,13.98180653691261,6.856625192938109,1.1552924238621415e+30
251.0,13.979854742691035,6.853494270111121,1.142036541250493e+30
252.0,13.977926295894287,6.8503842793113865,1.1289845610765539e+30
253.0,13.976020821576881,6.847294963129137,1.1161325563380528e+30
254.0,13.97413795234141,6.844226068560179,1.1034766907699375e+30
255.0,13.97227732815609,6.841177346911724,1.0910132164014872e+30
256.0,13.970438596177457,6.838148553710621,1.0787384711884467e+30
257.0,13.968621410578024,6.835139448613868,1.066648876717594e+30
258.0,13.966825432378762,6.832149795321387,1.0547409359812557e+30
259.0,13.965050329286255,6.829179361490974,1.043011231219377e+30
260.0,13.963295775534345,6.8262279186553645,1.0314564218268452e+30
261.0,13.961561451730171,6.823295242141354,1.0200732423238525e+30
262.0,13.959847044704428,6.820381110990912,1.0088585003871654e+30
263.0,13.958152247365735,6.817485307884253,9.97809074940249e+29
264.0,13.956476758558972,6.814607619064779,9.86921914300273e+29
265.0,13.954820282927473,6.811747834265859,9.76194034380097e+29
266.0,13.953182530778934,6.808905746639397,9.656225169434025e+29
267.0,13.951563217954956,6.806081152686129,9.552045079112098e+29
268.0,13.949962065704078,6.803273852187607,9.449372157180817e+29
269.0,13.94837880055821,6.80048364813981,9.348179097163752e+29
270.0,13.946813154212359,6.797710346688369,9.248439186269674e+29
271.0,13.945264863407548,6.79495375706532,9.150126290349335e+29
272.0,13.943733669816831,6.792213691527381,9.053214839287144e+29
273.0,13.94221931993431,6.789489965295674,8.957679812813632e+29
274.0,13.940721564967063,6.7867823964968945,8.863496726725061e+29
275.0,13.939240160729904,6.78409080610586,8.770641619497121e+29
285.0,13.925274782073096,6.75801625572384,7.91020659868719e+29
295.0,13.912706456338436,6.733361763556061,7.159635759808663e+29
305.0,13.90135317974932,6.70998761337766,6.501858779343712e+29
315.0,13.891061814426932,6.687772911682535,5.9229011406452495e+29
325.0,13.881702743222453,6.666612474476333,5.411247086973971e+29
335.0,13.87316564773555,6.646414312215958,4.957348316152278e+29
345.0,13.865356147142949,6.62709758369985,4.553241912121222e+29
355.0,13.858193102547963,6.608590920412329,4.19225090076999e+29
365.0,13.851606440099046,6.590831045622737,3.8687478369370064e+29
375.0,13.84553538160596,6.573761629613127,3.577966863462195e+29
385.0,13.83992699757089,6.557332335298183,3.31585332922129e+29
395.0,13.834735017059012,6.541498018307905,3.0789427186463114e+29
405.0,13.829918843488603,6.526218053120269,2.8642626112440253e+29
415.0,13.825442736520976,6.511455762632684,2.6692528517878216e+29
425.0,13.821275128702418,6.497177933069528,2.491700207905661e+29
435.0,13.817388052023261,6.483354399648887,2.329684619550939e+29
445.0,13.813756654600782,6.469957691206098,2.1815347744412e+29
455.0,13.810358791620565,6.456962724167855,2.045791225660687e+29
465.0,13.807174677750465,6.444346538018696,1.921175639171938e+29
475.0,13.80418659066978,6.432088065800746,1.8065650470793633e+29
485.0,13.801378617282158,6.420167934312964,1.700970207183845e+29
495.0,13.798736435716298,6.408568289586059,1.603517345593058e+29
505.0,13.796247127449092,6.397272643948234,1.5134326981010098e+29
515.0,13.793899014876844,6.386265741600065,1.4300293761668373e+29
525.0,13.791681520462037,6.375533440111077,1.352696171016827e+29
535.0,13.789585044234748,6.365062605657432,1.2808879795582532e+29
545.0,13.787600856959724,6.354841020156357,1.2141175921855105e+29
555.0,13.785721006716027,6.34485729873191,1.1519486280774676e+29
565.0,13.783938236994874,6.335100816178919,1.093989440479164e+29
575.0,13.782245914717542,6.325561641286194,1.0398878444843885e+29
585.0,13.78063796682082,6.316230478042851,9.893265443617775e+28
595.0,13.779108824261774,6.307098612888735,9.420191575766482e+28
605.0,13.777653372464156,6.298157867285573,8.977067492079705e+28
615.0,13.776266907371578,6.289400554983537,8.561548041226832e+28
625.0,13.774945096392583,6.280819443441224,8.171505755882214e+28
635.0,13.7736839436238,6.2724077189278375,7.8050075841096205e+28
645.0,13.772479758822833,6.264158954897194,7.460294425304644e+28
655.0,13.771329129674953,6.256067083275017,7.135763095567695e+28
665.0,13.770228896959145,6.248126368345575,6.829950402370205e+28
675.0,13.769176132271546,6.240331382962301,6.54151905462052e+28
685.0,13.768168118009084,6.232676986840115,6.2692451732306766e+28
695.0,13.767202329354467,6.225158306715942,6.012007200253871e+28
705.0,13.766276418036606,6.2177707181889,5.768776032607411e+28
715.0,13.765388197668925,6.210509829073263,5.5386062301414935e+28
725.0,13.764535630492375,6.203371464116234,5.320628168040021e+28
735.0,13.763716815371154,6.196351650949065,5.114041020807566e+28
745.0,13.76292997690738,6.189446607154524,4.9181064798728e+28
755.0,13.76217345555686,6.18265272834638,4.732143119510507e+28
765.0,13.761445698641914,6.1759665771677135,4.5555213366746185e+28
775.0,13.760745252169198,6.169384873124665,4.3876587997137705e+28
785.0,13.76007075337103,6.162904483180903,4.228016349034403e+28
795.0,13.759420923897869,6.156522413045733,4.076094299774741e+28
805.0,13.758794563597652,6.150235799095519,3.931429102615657e+28
815.0,13.758190544824782,6.144041900874152,3.7935903241165476e+28
825.0,13.757607807227727,6.137938094123545,3.662177912539823e+28
835.0,13.757045352969712,6.131921864299969,3.5368197191132083e+28
845.0,13.756502242341766,6.125990800536222,3.4171692481567232e+28
855.0,13.755977589731682,6.120142590013419,3.302903612540943e+28
865.0,13.755470559916196,6.1143750127095515,3.193721673604306e+28
875.0,13.754980364647057,6.108685936495,3.0893423469908618e+28
885.0,13.754506259504602,6.103073312547922,2.9895030579193726e+28
895.0,13.75404754099511,6.097535171064752,2.8939583311974783e+28
905.0,13.753603543870543,6.09206961724346,2.8024785028827967e+28
915.0,13.753173638651377,6.086674827518893,2.714848541893896e+28
925.0,13.752757229335085,6.081349046031605,2.6308669711119316e+28
935.0,13.752353751274518,6.076090581312897,2.5503448786088543e+28
945.0,13.751962669211906,6.070897803170496,2.473105010608292e+28
955.0,13.751583475455556,6.065769139760379,2.3989809386458694e+28
965.0,13.75121568818748,6.0607030748316415,2.327816294160217e+28
975.0,13.750858849891344,6.055698145132229,2.2594640644258558e+28
985.0,13.750512525890988,6.050752937964397,2.1937859443446276e+28
995.0,13.75017630299075,6.045866088879679,2.1306517391521852e+28
1005.0,13.749849466643578,6.041036143583444,2.08351097774625e+28
1015.0,13.749528489657248,6.036260496637251,2.0511602532954957e+28
1025.0,13.749212893989025,6.031537868644303,2.019621670700661e+28
1035.0,13.748902537683737,6.026867155083259,1.9888672135711304e+28
1045.0,13.748597283864928,6.022247284958334,1.9588700901184936e+28
1055.0,13.748297000506417,6.01767721946908,1.9296046685597095e+28
1065.0,13.748001560216185,6.0131559507450945,1.9010464165006546e+28
1075.0,13.74771084003183,6.008682500641916,1.8731718440201465e+28
1085.0,13.747424721226864,6.004255919594597,1.8459584501965944e+28
1095.0,13.747143089127167,5.999875285525704,1.8193846728395925e+28
1105.0,13.746865832937022,5.9955397028046615,1.7934298412071738e+28
1115.0,13.746592845574089,5.991248301255595,1.768074131506272e+28
1125.0,13.746324023512836,5.987000235210989,1.7432985249893404e+28
1135.0,13.746059266635887,5.982794682608663,1.719084768474185e+28
1145.0,13.745798478092846,5.97863084412972,1.6954153371269896e+28
1155.0,13.745541564166135,5.974507942375249,1.6722733993603733e+28
1165.0,13.745288434143463,5.970425221079724,1.6496427837092026e+28
1175.0,13.745039000196526,5.966381944359183,1.6275079475568865e+28
1185.0,13.744793177265596,5.962377395992332,1.6058539475940612e+28
1195.0,13.74455088294966,5.958410878732899,1.5846664119000504e+28
1205.0,13.744312037401798,5.95448171365158,1.5639315135452541e+28
1215.0,13.744076563229505,5.9505892395061455,1.5436359456198072e+28
1225.0,13.743844385399706,5.9467328121381815,1.5237668976004558e+28
1235.0,13.743615431148168,5.942911803895226,1.5043120329737083e+28
1245.0,13.743389629893112,5.93912560307697,1.4852594680389473e+28
1255.0,13.743166913152772,5.9353736134043515,1.4665977518203966e+28
1265.0,13.742947214466694,5.931655253510426,1.4483158470216503e+28
1275.0,13.742730469320598,5.927969956451971,1.4304031119609182e+28
1285.0,13.742516615074583,5.92431716924078,1.412849283429268e+28
1295.0,13.742305590894526,5.9206963523937475,1.3956444604179538e+28
1305.0,13.742097337686495,5.917106979500822,1.378779088664463e+28
1315.0,13.741891798034036,5.913548536810017,1.3622439459701899e+28
1325.0,13.741688916138171,5.91002052282864,1.3460301282456847e+28
1335.0,13.741488637759986,5.906522447940025,1.3301290362422616e+28
1345.0,13.74129091016566,5.9030538340350365,1.3145323629313574e+28
1355.0,13.74109568207383,5.899614214157671,1.2992320814954895e+28
1365.0,13.74090290360518,5.896203132164116,1.284220433896913e+28
1375.0,13.74071252623412,5.892820142394667,1.269489919992203e+28
1385.0,13.740524502742472,5.889464809357914,1.2550332871629394e+28
1395.0,13.74033878717508,5.886136707426678,1.2408435204345104e+28
1405.0,13.740155334797208,5.882835420545135,1.2269138330567527e+28
1415.0,13.739974102053687,5.879560541946692,1.2132376575217396e+28
1425.0,13.739795046529698,5.876311673882114,1.199808636995507e+28
1435.0,13.739618126913136,5.873088427357459,1.1866206171418974e+28
1445.0,13.739443302958449,5.869890421881417,1.1736676383179925e+28
1455.0,13.739270535451926,5.866717285221641,1.1609439281218142e+28
1465.0,13.739099786178333,5.863568653169699,1.1484438942740997e+28
1475.0,13.73893101788885,5.86044416931427,1.1361621178170196e+28
1485.0,13.738764194270255,5.85734348482227,1.1240933466136904e+28
1495.0,13.738599279915274,5.854266258227536,1.1122324891332559e+28
1505.0,13.738436240294083,5.8512121552267935,1.1005746085071876e+28
1515.0,13.738275041726876,5.848180848482606,1.089114916843255e+28
1525.0,13.738115651357466,5.845172017432997,1.0778487697843837e+28
1535.0,13.737958037127886,5.842185348107513,1.0667716613003289e+28
1545.0,13.737802167753916,5.839220532949431,1.0558792187007675e+28
1555.0,13.737648012701529,5.836277270643901,1.045167197859029e+28
1565.0,13.737495542164186,5.8333552659517665,1.0346314786362857e+28
1575.0,13.737344727040977,5.8304542295488435,1.0242680604965707e+28
1585.0,13.737195538915534,5.827573877870458,1.0140730583035132e+28
1595.0,13.737047950035716,5.824713932961018,1.0040426982901707e+28
1605.0,13.736901933294016,5.821874122328438,9.941733141937995e+27
1615.0,13.736757462208663,5.81905417880324,9.844613435478325e+27
1625.0,13.736614510905397,5.816253840402123,9.74903324123746e+27
1635.0,13.736473054099875,5.813472850195861,9.65495890515877e+27
1645.0,13.7363330670807,5.810710956181357,9.562357708626179e+27
1655.0,13.73619452569303,5.807967911157704,9.471197836977491e+27
1665.0,13.73605740632276,5.80524347260606,9.381448349259986e+27
1675.0,13.735921685881236,5.802537402573295,9.293079149172133e+27
1685.0,13.735787341790504,5.799849467559159,9.206060957138182e+27
1695.0,13.73565435196904,5.797179438406902,9.120365283465023e+27
1705.0,13.735522694817984,5.794527090197242,9.035964402533308e+27
1715.0,13.735392349207801,5.791892202145496,8.952831327977169e+27
1725.0,13.735263294465422,5.789274557501811,8.870939788809193e+27
1735.0,13.735135510361788,5.786673943454373,8.790264206449388e+27
1745.0,13.735008977099806,5.784090151035469,8.71077967261897e+27
1755.0,13.734883675302704,5.7815229750303345,8.632461928061655e+27
1765.0,13.734759586002767,5.778972213888661,8.55528734205698e+27
1775.0,13.734636690630422,5.776437669638685,8.479232892691888e+27
1785.0,13.734514971003696,5.773919147803765,8.404276147858426e+27
1795.0,13.734394409317987,5.771416457321353,8.330395246946936e+27
1805.0,13.734274988136184,5.768929410464308,8.25756888320558e+27
1815.0,13.734156690379075,5.7664578227644245,8.185776286738424e+27
1825.0,13.734039499316083,5.764001512938153,8.11499720811558e+27
1835.0,13.733923398556263,5.761560302814386,8.04521190257018e+27
1845.0,13.733808372039602,5.759134017264295,7.97640111475809e+27
1855.0,13.733694404028583,5.756722484133096,7.908546064057435e+27
1865.0,13.73358147909999,5.754325534173728,7.841628430385991e+27
1875.0,13.733469582136996,5.751943000982349,7.775630340515558e+27
1885.0,13.733358698321458,5.749574720935593,7.710534354863366e+27
1895.0,13.733248813126476,5.747220533129559,7.64632345474145e+27
1905.0,13.73313991230915,5.744880279320437,7.582981030045789e+27
1915.0,13.733031981903572,5.742553803866738,7.52049086736786e+27
1925.0,13.732925008214018,5.740240953673087,7.458837138511957e+27
1935.0,13.732818977808343,5.737941578135506,7.398004389402431e+27
1945.0,13.732713877511571,5.735655529088144,7.337977529365672e+27
1955.0,13.73260969439968,5.73338266075144,7.278741820772315e+27
1965.0,13.73250641579355,5.731122829681615,7.220282869025793e+27
1975.0,13.732404029253109,5.728875894721519,7.162586612883994e+27
1985.0,13.732302522571635,5.726641716952726,7.105639315101264e+27
1995.0,13.732201883770221,5.724420159648897,7.049427553378654e+27
2005.0,13.732102101092408,5.722211088230325,6.993938211610747e+27
2015.0,13.732003162998959,5.720014370219651,6.939158471417925e+27
2025.0,13.73190505816279,5.717829875198719,6.885075803953421e+27
2035.0,13.731807775464036,5.715657474766501,6.83167796197491e+27
2045.0,13.731711303985266,5.713497042498122,6.778952972170873e+27
2055.0,13.73161563300682,5.711348453904877,6.726889127732331e+27
2065.0,13.731520752002282,5.709211586395272,6.675474981160963e+27
2075.0,13.73142665063408,5.70708631923703,6.624699337304982e+27
2085.0,13.731333318749199,5.704972533520027,6.574551246614499e+27
2095.0,13.731240746375015,5.702870112120156,6.525019998608445e+27
2105.0,13.731148923715251,5.7007789396640725,6.476095115545444e+27
2115.0,13.731057841146027,5.69869890249479,6.427766346291339e+27
2125.0,13.730967489212027,5.696629888638133,6.380023660376353e+27
2135.0,13.73087785862277,5.694571787769982,6.332857242235182e+27
2145.0,13.730788940248974,5.692524491184315,6.286257485623546e+27
2155.0,13.730700725119018,5.690487891762013,6.240214988205012e+27
2165.0,13.730613204415503,5.688461883940407,6.194720546302112e+27
2175.0,13.7305263694719,5.686446363683562,6.14976514980608e+27
2185.0,13.730440211769283,5.6844412284532355,6.10533997723967e+27
2195.0,13.730354722933154,5.682446377180547,6.061436390967789e+27
2205.0,13.730269894730345,5.680461710238294,6.018045932550892e+27
2215.0,13.730185719066004,5.67848712941392,5.975160318236214e+27
2225.0,13.730102187980652,5.676522537883104,5.932771434582203e+27
2235.0,13.730019293647326,5.674567840183961,5.890871334211594e+27
2245.0,13.729937028368786,5.672622942191847,5.84945223168882e+27
2255.0,13.729855384574796,5.670687751094728,5.808506499517564e+27
2265.0,13.729774354819474,5.668762175369104,5.768026664254449e+27
2275.0,13.72969393177871,5.666846124756502,5.728005402734995e+27
2285.0,13.729614108247649,5.664939510240481,5.688435538408133e+27
2295.0,13.729534877138228,5.663042244024156,5.649310037775667e+27
2305.0,13.72945623147679,5.661154239508236,5.610622006933283e+27
2315.0,13.729378164401744,5.659275411269537,5.572364688209736e+27
2325.0,13.729300669161288,5.657405675039986,5.534531456901055e+27
2335.0,13.72922373911119,5.655544947686076,5.497115818096661e+27
2345.0,13.729147367712612,5.653693147188783,5.460111403594439e+27
2355.0,13.729071548530005,5.651850192623916,5.423511968901916e+27
2365.0,13.72899627522904,5.6500160041429,5.387311390320763e+27
2375.0,13.728921541574596,5.6481905029539785,5.351503662111988e+27
2385.0,13.728847341428793,5.646373611303808,5.316082893739243e+27
2395.0,13.728773668749076,5.6445652524594765,5.281043307187789e+27
2405.0,13.728700517586338,5.642765350690876,5.246379234356728e+27
2415.0,13.7286278820831,5.640973831253478,5.212085114522201e+27
2425.0,13.728555756471712,5.639190620371454,5.178155491869351e+27
2435.0,13.728484135072625,5.6374156452211714,5.144585013090894e+27
2445.0,13.72841301229268,5.635648833915026,5.111368425050259e+27
2455.0,13.728342382623447,5.633890115485624,5.078500572507282e+27
2465.0,13.728272240639601,5.632139419870274,5.045976395904545e+27
2475.0,13.728202580997337,5.6303966778958365,5.013790929212498e+27
2485.0,13.728133398432819,5.628661821263853,4.981939297831594e+27
2495.0,13.728064687760668,5.626934782536004,4.9504167165496675e+27
2505.0,13.727996443872478,5.625215495119864,4.9192184875529243e+27
2515.0,13.727928661735374,5.623503893254937,4.888339998488909e+27
2525.0,13.7278613363906,5.62179991199899,4.8577767205798984e+27
2535.0,13.727794462952133,5.6201034872146565,4.8275242067852083e+27
2545.0,13.727728036605336,5.618414555556315,4.797578090010964e+27
2555.0,13.727662052605641,5.616733054457236,4.7679340813659316e+27
2565.0,13.727596506277251,5.615058922116976,4.738587968462034e+27
2575.0,13.727531393011887,5.613392097489038,4.7095356137582636e+27
2585.0,13.727466708267547,5.611732520268763,4.6807729529466917e+27
2595.0,13.727402447567309,5.610080130881478,4.6522959933793683e+27
2605.0,13.727338606498138,5.608434870470869,4.6241008125349126e+27
2615.0,13.727275180709745,5.606796680887577,4.5961835565236525e+27
2625.0,13.72721216591345,5.6051655046780375,4.568540438630188e+27
2635.0,13.727149557881079,5.603541285073522,4.541167737892322e+27
2645.0,13.727087352443887,5.601923965979392,4.514061797715299e+27
2655.0,13.727025545491497,5.600313491964576,4.487219024520354e+27
2665.0,13.726964132970867,5.598709808251238,4.460635886426602e+27
2675.0,13.72690311088528,5.59711286070465,4.434308911965311e+27
2685.0,13.726842475293349,5.595522595823253,4.4082346888256515e+27
2695.0,13.726782222308053,5.593938960728916,4.382409862631043e+27
2705.0,13.72672234809578,5.59236190315738,4.3568311357452336e+27
2715.0,13.726662848875407,5.590791371448875,4.331495266107291e+27
2725.0,13.726603720917382,5.589227314538921,4.306399066094687e+27
2735.0,13.72654496054284,5.587669681949308,4.2815394014137184e+27
2745.0,13.72648656412273,5.586118423779231,4.2569131900164937e+27
2755.0,13.726428528076957,5.584573490696597,4.2325174010437597e+27
2765.0,13.72637084887355,5.583034833929508,4.208349053792867e+27
2775.0,13.726313523027844,5.581502405257876,4.1844052167101775e+27
2785.0,13.726256547101674,5.579976157005214,4.1606830064072596e+27
2795.0,13.72619991770259,5.578456042030573,4.1371795867002155e+27
2805.0,13.726143631483094,5.576942013720618,4.1138921676715317e+27
2815.0,13.726087685139875,5.575434025981864,4.090818004753828e+27
2825.0,13.72603207541308,5.573932033233041,4.067954397834934e+27
2835.0,13.725976799085586,5.572435990397605,4.0452986903837144e+27
2845.0,13.72592185298229,5.570945852896385,4.0228482685960927e+27
2855.0,13.725867233969419,5.569461576640354,4.000600560560742e+27
2865.0,13.725812938953842,5.56798311802354,3.978553035443913e+27
2875.0,13.72575896488241,5.566510433916063,3.956703202692907e+27
2885.0,13.725705308741295,5.565043481657291,3.9350486112576975e+27
2895.0,13.725651967555352,5.563582219049113,3.9135868488302234e+27
2905.0,13.725598938387494,5.562126604349355,3.892315541100904e+27
2915.0,13.725546218338065,5.560676596265278,3.8712323510319124e+27
2925.0,13.725493804544248,5.559232153947223,3.85033497814679e+27
2935.0,13.725441694179466,5.557793236982347,3.8296211578359676e+27
2945.0,13.7253898844528,5.556359805388473,3.8090886606777897e+27
2955.0,13.725338372608425,5.554931819608052,3.788735291774649e+27
2965.0,13.725287155925045,5.553509240502226,3.768558890103831e+27
2975.0,13.725236231715352,5.552092029344994,3.748557327882715e+27
2985.0,13.725185597325478,5.550680147817478,3.7287285099479424e+27
2995.0,13.725135250134482,5.5492735580022945,3.709070373148227e+27
3005.0,13.72508518755382,5.547872222378011,3.6895808857504363e+27
3015.0,13.725035407026844,5.546476103813703,3.670258046858632e+27
3025.0,13.724985906028305,5.545085165563609,3.6510998858457283e+27
3035.0,13.724936682063863,5.5436993712618685,3.632104461797472e+27
3045.0,13.724887732669607,5.542318684917346,3.613269862968417e+27
3055.0,13.724839055411588,5.540943070908554,3.594594206249609e+27
3065.0,13.72479064788535,5.539572493978659,3.5760756366476924e+27
3075.0,13.724742507715488,5.538206919230552,3.557712326775149e+27
3085.0,13.724694632555199,5.536846312122036,3.5395024763514016e+27
3095.0,13.724647020085841,5.535490638461061,3.521444311714514e+27
3105.0,13.724599668016515,5.534139864401048,3.503536085343233e+27
3115.0,13.724552574083631,5.5327939564363104,3.4857760753891124e+27
3125.0,13.72450573605051,5.531452881397515,3.4681625852184885e+27
3135.0,13.72445915170697,5.530116606447249,3.450693942964052e+27
3145.0,13.724412818868931,5.528785099075639,3.433368501085801e+27
3155.0,13.724366735378023,5.527458327096058,3.4161846359411344e+27
3165.0,13.724320899101206,5.526136258640883,3.39914074736389e+27
3175.0,13.724275307930391,5.524818862157346,3.3822352582520823e+27
3185.0,13.724229959782068,5.523506106403419,3.365466614164162e+27
3195.0,13.72418485259695,5.522197960443807,3.3488332829235815e+27
3205.0,13.72413998433961,5.520894393645966,3.332333754231466e+27
3215.0,13.724095352998132,5.5195953756762055,3.315966539287215e+27
3225.0,13.724050956583769,5.518300876495856,3.2997301704168284e+27
3235.0,13.724006793130604,5.517010866357485,3.283623200708796e+27
3245.0,13.723962860695218,5.515725315801177,3.2676442036573554e+27
3255.0,13.723919157356363,5.51444419565088,3.25179177281296e+27
3265.0,13.723875681214643,5.5131674770108035,3.236064521439786e+27
3275.0,13.7238324303922,5.511895131261866,3.220461082180114e+27
3285.0,13.723789403032399,5.510627130058214,3.204980106725427e+27
3295.0,13.723746597299533,5.509363445323787,3.189620265494071e+27
3305.0,13.723704011378516,5.508104049248925,3.1743802473153303e+27
3315.0,13.723661643474596,5.50684891428706,3.1592587591197667e+27
3325.0,13.72361949181306,5.505598013151415,3.1442545256356814e+27
3335.0,13.72357755463896,5.504351318811793,3.1293662890915633e+27
3345.0,13.72353583021682,5.503108804491401,3.114592808924384e+27
3355.0,13.723494316830376,5.501870443663707,3.0999328614936085e+27
3365.0,13.723453012782299,5.500636210049375,3.085385239800796e+27
3375.0,13.723411916393934,5.4994060776132265,3.070948753214664e+27
3385.0,13.723371026005037,5.498180020561249,3.056622227201487e+27
3395.0,13.723330339973518,5.496958013337657,3.042404503060724e+27
3405.0,13.723289856675198,5.495740030621999,3.028294437665745e+27
3415.0,13.723249574503548,5.494526047326293,3.0142909032095526e+27
3425.0,13.723209491869456,5.493316038592223,3.000392786955383e+27
3435.0,13.723169607200987,5.492109979788372,2.986598990992081e+27
3445.0,13.723129918943142,5.490907846507489,2.9729084319941476e+27
3455.0,13.723090425557634,5.489709614563806,2.9593200409863454e+27
3465.0,13.723051125522657,5.488515259990384,2.9458327631127816e+27
3475.0,13.723012017332657,5.487324759036515,2.9324455574103505e+27
3485.0,13.722973099498123,5.48613808816515,2.9191573965864567e+27
3495.0,13.722934370545362,5.484955224050359,2.905967266800917e+27
3505.0,13.72289582901629,5.483776143574848,2.8928741674519535e+27
3515.0,13.72285747346822,5.4826008238274975,2.879877110966193e+27
3525.0,13.72281930247366,5.481429242100937,2.866975122592579e+27
3535.0,13.722781314620104,5.480261375889162,2.85416724020012e+27
3545.0,13.722743508509836,5.47909720288518,2.841452514079387e+27
3555.0,13.72270588275974,5.477936700978698,2.828830006747687e+27
3565.0,13.722668436001095,5.4767798482538295,2.816298792757821e+27
3575.0,13.722631166879392,5.47562662298685,2.803857958510369e+27
3585.0,13.722594074054145,5.474477003643969,2.7915066020694135e+27
3595.0,13.722557156198711,5.473330968879159,2.779243832981631e+27
3605.0,13.722520412000105,5.472188497531979,2.767068772098686e+27
3615.0,13.72248384015882,5.471049568625462,2.7549805514028566e+27
3625.0,13.722447439388654,5.469914161364018,2.742978313835822e+27
3635.0,13.722411208416544,5.468782255131363,2.7310612131305416e+27
3645.0,13.722375145982381,5.467653829488491,2.7192284136461776e+27
3655.0,13.722339250838857,5.46652886417165,2.707479090205978e+27
3665.0,13.722303521751293,5.46540733909039,2.695812427938072e+27
3675.0,13.722267957497477,5.4642892343255784,2.6842276221191136e+27
3685.0,13.72223255686751,5.463174530127497,2.672723878020716e+27
3695.0,13.72219731866364,5.462063206913942,2.6613004107586145e+27
3705.0,13.722162241700117,5.460955245268341,2.649956445144513e+27
3715.0,13.722127324803033,5.4598506259379205,2.638691215540548e+27
3725.0,13.722092566810176,5.4587493298318766,2.6275039657163203e+27
3735.0,13.72205796657088,5.457651338019584,2.616393948708452e+27
3745.0,13.722023522945884,5.456556631728827,2.6053604266825963e+27
3755.0,13.721989234807182,5.4554651923440485,2.5944026707978774e+27
3765.0,13.721955101037889,5.454377001404629,2.583519961073687e+27
3775.0,13.721921120532095,5.453292040603192,2.572711586258806e+27
3785.0,13.721887292194737,5.452210291783924,2.5619768437028043e+27
3795.0,13.721853614941455,5.4511317369409245,2.5513150392296536e+27
3805.0,13.721820087698466,5.4500563582165675,2.5407254870135456e+27
3815.0,13.72178670940243,5.448984137899906,2.530207509456833e+27
3825.0,13.721753479000322,5.447915058425072,2.519760437070075e+27
3835.0,13.721720395449307,5.446849102369718,2.5093836083541426e+27
3845.0,13.72168745771661,5.445786252453473,2.499076369684338e+27
3855.0,13.7216546647794,5.444726491536413,2.488838075196485e+27
3865.0,13.721622015624664,5.443669802617556,2.478668086674968e+27
3875.0,13.721589509249087,5.442616168833393,2.4685657734426614e+27
3885.0,13.721557144658936,5.4415655734563995,2.4585305122527273e+27
3895.0,13.721524920869946,5.44051799989361,2.448561687182238e+27
3905.0,13.721492836907203,5.439473431685187,2.4386586895275892e+27
3915.0,13.721460891805028,5.438431852503006,2.4288209177016733e+27
3925.0,13.721429084606877,5.437393246149279,2.4190477771327701e+27
3935.0,13.721397414365217,5.436357596555174,2.4093386801651323e+27
3945.0,13.721365880141432,5.435324887779469,2.3996930459612235e+27
3955.0,13.721334481005709,5.434295104007209,2.390110300405584e+27
3965.0,13.721303216036931,5.433268229548399,2.3805898760102926e+27
3975.0,13.721272084322582,5.432244248836691,2.3711312118219884e+27
3985.0,13.721241084958638,5.43122314642811,2.3617337533304304e+27
3995.0,13.721210217049473,5.43020490699978,2.3523969523785584e+27
4005.0,13.721179479707754,5.42918951534868,2.3431202670740354e+27
4015.0,13.721148872054348,5.428176956390399,2.3339031617022355e+27
4025.0,13.721118393218225,5.427167215157925,2.324745106640651e+27
4035.0,13.72108804233636,5.426160276800434,2.315645578274703e+27
4045.0,13.721057818553646,5.425156126582111,2.3066040589149107e+27
4055.0,13.721027721022796,5.424154749880968,2.297620036715409e+27
4065.0,13.720997748904256,5.423156132187687,2.288693005593785e+27
4075.0,13.720967901366114,5.4221602591044755,2.2798224651522058e+27
4085.0,13.72093817758401,5.421167116343948,2.2710079205998154e+27
4095.0,13.720908576741055,5.42017668972799,2.2622488826763818e+27
4105.0,13.720879098027737,5.419188965186672,2.253544867577162e+27
4115.0,13.720849740641846,5.41820392875716,2.2448953968789714e+27
4125.0,13.720820503788381,5.417221566582636,2.2362999974674315e+27
4135.0,13.720791386679474,5.416241864911242,2.227758201465371e+27
4145.0,13.720762388534308,5.415264810095027,2.2192695461623673e+27
4155.0,13.720733508579032,5.414290388588919,2.2108335739454012e+27
4165.0,13.720704746046692,5.413318586949698,2.2024498322306065e+27
4175.0,13.720676100177144,5.412349391834992,2.194117873396093e+27
4185.0,13.72064757021698,5.411382790002275,2.185837254715829e+27
4195.0,13.720619155419456,5.410418768307881,2.1776075382945561e+27
4205.0,13.720590855044412,5.40945731370604,2.1694282910037253e+27
4215.0,13.720562668358202,5.408498413247907,2.1612990844184288e+27
4225.0,13.720534594633618,5.407542054080621,2.153219494755317e+27
4235.0,13.720506633149823,5.406588223446361,2.1451891028114775e+27
4245.0,13.720478783192274,5.4056369086814255,2.1372074939042627e+27
4255.0,13.720451044052659,5.404688097215314,2.129274257812043e+27
4265.0,13.720423415028826,5.403741776569824,2.1213889887158807e+27
4275.0,13.72039589542471,5.402797934358156,2.113551285142094e+27
4285.0,13.720368484550274,5.4018565582840345,2.1057607499057065e+27
4295.0,13.720341181721437,5.40091763614084,2.0980169900547622e+27
4305.0,13.720313986260011,5.399981155810732,2.0903196168154884e+27
4315.0,13.720286897493637,5.399047105263812,2.0826682455382996e+27
4325.0,13.720259914755719,5.398115472557283,2.0750624956446157e+27
4335.0,13.720233037385366,5.397186245834611,2.0675019905744927e+27
4345.0,13.720206264727326,5.3962594133247,2.059986357735043e+27
4355.0,13.720179596131926,5.395334963341099,2.052515228449635e+27
4365.0,13.720153030955013,5.394412884281181,2.045088237907859e+27
4375.0,13.720126568557893,5.39349316462536,2.037705025116244e+27
4385.0,13.720100208307272,5.392575792936302,2.0303652328497136e+27
4395.0,13.720073949575204,5.391660757858162,2.0230685076037705e+27
4405.0,13.720047791739022,5.390748048115801,2.0158144995473913e+27
4415.0,13.720021734181293,5.389837652514051,2.0086028624766252e+27
4425.0,13.719995776289755,5.388929559936946,2.0014332537688823e+27
4435.0,13.719969917457266,5.388023759347002,1.9943053343378983e+27
4445.0,13.71994415708175,5.387120239784475,1.9872187685893678e+27
4455.0,13.71991849456614,5.386218990366646,1.98017322437723e+27
4465.0,13.719892929318329,5.385320000287102,1.973168372960599e+27
4475.0,13.719867460751113,5.384423258815033,1.9662038889613289e+27
4485.0,13.719842088282142,5.38352875529454,1.9592794503221983e+27
4495.0,13.719816811333875,5.382636479143937,1.952394738265708e+27
4505.0,13.71979162933352,5.381746419855074,1.9455494372534812e+27
4515.0,13.719766541712987,5.380858566992664,1.9387432349462524e+27
4525.0,13.719741547908844,5.379972910193619,1.9319758221644398e+27
4535.0,13.719716647362263,5.379089439166384,1.9252468928492892e+27
4545.0,13.719691839518976,5.378208143690296,1.9185561440245797e+27
4555.0,13.719667123829225,5.377329013614931,1.911903275758882e+27
4565.0,13.719642499747717,5.376452038859475,1.9052879911283618e+27
4575.0,13.71961796673358,5.375577209412092,1.898709996180116e+27
4585.0,13.71959352425031,5.374704515329304,1.8921689998960347e+27
4595.0,13.71956917176574,5.373833946735367,1.8856647141571853e+27
4605.0,13.719544908751976,5.372965493821676,1.8791968537086965e+27
4615.0,13.719520734685375,5.372099146846155,1.8727651361251507e+27
4625.0,13.719496649046485,5.371234896132662,1.8663692817764636e+27
4635.0,13.719472651320011,5.370372732070407,1.8600090137942508e+27
4645.0,13.71944874099477,5.369512645113361,1.8536840580386688e+27
4655.0,13.719424917563648,5.368654625779693,1.847394143065725e+27
4665.0,13.719401180523564,5.3677986646511835,1.8411390000950494e+27
4675.0,13.719377529375423,5.366944752372683,1.8349183629781176e+27
4685.0,13.719353963624084,5.366092879651539,1.8287319681669225e+27
4695.0,13.719330482778307,5.365243037257049,1.822579554683082e+27
4705.0,13.71930708635073,5.364395216019925,1.8164608640873814e+27
4715.0,13.71928377385782,5.363549406831742,1.8103756404497378e+27
4725.0,13.719260544819834,5.362705600644414,1.804323630319586e+27
4735.0,13.71923739876079,5.361863788469666,1.7983045826966702e+27
4745.0,13.71921433520842,5.361023961378508,1.7923182490022483e+27
4755.0,13.719191353694141,5.360186110500726,1.7863643830506867e+27
4765.0,13.719168453753012,5.359350227024368,1.780442741021451e+27
4775.0,13.7191456349237,5.358516302195241,1.7745530814314844e+27
4785.0,13.719122896748452,5.357684327316411,1.7686951651079612e+27
4795.0,13.719100238773047,5.35685429374771,1.762868755161416e+27
4805.0,13.71907766054677,5.3560261929052455,1.757073616959242e+27
4815.0,13.719055161622375,5.355200016260926,1.7513095180995504e+27
4825.0,13.719032741556054,5.354375755341964,1.745576228385384e+27
4835.0,13.719010399907397,5.353553401730428,1.7398735197992848e+27
4845.0,13.718988136239366,5.352732947062751,1.7342011664782055e+27
4855.0,13.718965950118259,5.351914383029289,1.7285589446887596e+27
4865.0,13.718943841113676,5.351097701373838,1.7229466328028074e+27
4875.0,13.718921808798493,5.3502828938932065,1.7173640112733734e+27
4885.0,13.718899852748823,5.349469952436751,1.711810862610882e+27
4895.0,13.71887797254399,5.348658868905934,1.706286971359719e+27
4905.0,13.718856167766493,5.347849635253892,1.7007921240751028e+27
4915.0,13.718834438001986,5.347042243484991,1.6953261093002686e+27
4925.0,13.718812782839235,5.346236685654402,1.6898887175439536e+27
4935.0,13.718791201870097,5.34543295386768,1.684479741258185e+27
4945.0,13.718769694689488,5.344631040280332,1.6790989748163626e+27
4955.0,13.718748260895351,5.343830937097409,1.673746214491632e+27
4965.0,13.718726900088633,5.3430326365730885,1.668421258435545e+27
4975.0,13.718705611873252,5.342236131010273,1.6631239066570008e+27
4985.0,13.718684395856071,5.3414414127601715,1.657853961001466e+27
4995.0,13.718663251646868,5.3406484742219185,1.6526112251304682e+27
5005.0,13.718642178858314,5.339857307842168,1.6473955045013596e+27
