Time,Mass,Radius,Lx
23.0,11.419806757177295,6.41,1.16e+30
23.1,11.41775053920333,6.4044996488860235,1.1379130788620363e+30
23.200000000000003,11.415736152410629,6.399076749224363,1.1163394013017164e+30
23.300000000000004,11.413762522841584,6.393729561019564,1.0952649051464937e+30
23.400000000000006,11.411828610103456,6.388456393560684,1.0746759715264427e+30
23.500000000000007,11.40993340612571,6.383255603772355,1.0545594090858424e+30
23.60000000000001,11.408075933970652,6.378125594628999,1.0349024388211266e+30
23.70000000000001,11.40625524669477,6.373064813629512,1.015692679517818e+30
23.80000000000001,11.404470426258309,6.3680717513297935,9.969181337603901e+29
23.900000000000013,11.402720582480773,6.363144939930677,9.785671744902261e+29
24.000000000000014,11.401004852040145,6.358282951918946,9.606285320880269e+29
24.100000000000016,11.399322397513746,6.353484398759154,9.430912819581272e+29
24.200000000000017,11.397672406458756,6.348747929634124,9.259448325932423e+29
24.30000000000002,11.396054090530555,6.344072230232122,9.091789140991655e+29
24.40000000000002,11.394466684637084,6.339456021578751,8.927835671598919e+29
24.50000000000002,11.392909446127577,6.334898058911692,8.767491324245489e+29
24.600000000000023,11.391381654014063,6.330397130596545,8.610662402983735e+29
24.700000000000024,11.38988260822414,6.325952057082095,8.45725801120788e+29
24.800000000000026,11.388411628883576,6.321561689893377,8.307189957144091e+29
24.900000000000027,11.386968055627415,6.317224910660997,8.160372662895557e+29
25.00000000000003,11.385551246938263,6.3129406301852615,8.016723076895257e+29
25.10000000000003,11.384160579510562,6.308707787533693,7.876160589625755e+29
25.20000000000003,11.382795447639676,6.304525349170618,7.738606952471729e+29
25.300000000000033,11.3814552626347,6.3003923081175,7.603986199576933e+29
25.400000000000034,11.380139452253928,6.296307683142867,7.472224572583034e+29
25.500000000000036,11.378847460161998,6.292270517980571,7.343250448133274e+29
25.600000000000037,11.37757874540777,6.288279880575349,7.216994268028987e+29
25.70000000000004,11.37633278192203,6.284334862354568,7.093388471932082e+29
25.80000000000004,11.375109058034154,6.280434577525124,6.972367432511196e+29
25.90000000000004,11.37390707600694,6.276578162394554,6.853867392933779e+29
26.000000000000043,11.372726351588826,6.272764774715389,6.737826406610593e+29
26.100000000000044,11.37156641358273,6.268993593051862,6.624184279103221e+29
26.200000000000045,11.370426803430853,6.265263816168124,6.512882512109003e+29
26.300000000000047,11.36930707481473,6.261574662437138,6.403864249441579e+29
26.40000000000005,11.368206793269932,6.257925369269454,6.297074224928658e+29
26.50000000000005,11.367125535814774,6.254315192561123,6.192458712152085e+29
26.60000000000005,11.36606289059247,6.25074340616003,6.08996547595837e+29
26.700000000000053,11.365018456526187,6.247209301349949,5.989543725671013e+29
26.800000000000054,11.363991842986444,6.243712186351656,5.891144069938766e+29
26.900000000000055,11.362982669470377,6.240251385840455,5.7947184731568234e+29
27.000000000000057,11.361990565292386,6.23682624047955,5.7002202134005516e+29
27.10000000000006,11.361015169285693,6.2334361064686,5.607603841813913e+29
27.20000000000006,11.36005612951438,6.230080355106994,5.51682514339714e+29
27.30000000000006,11.359113102995494,6.22675837237122,5.4278410991405365e+29
27.400000000000063,11.358185755430815,6.223469558505883,5.3406098494534814e+29
27.500000000000064,11.357273760947901,6.220213327627807,5.255090658839811e+29
27.600000000000065,11.356376801850049,6.216989107342833,5.171243881772766e+29
27.700000000000067,11.355494568374825,6.213796338374765,5.0890309297246156e+29
27.800000000000068,11.354626758460832,6.210634474206103,5.008414239307892e+29
27.90000000000007,11.353773077522385,6.207502980730096,4.929357241486938e+29
28.00000000000007,11.352933238231797,6.204401335913721,4.851824331820135e+29
28.100000000000072,11.352106960308989,6.201329029471232,4.7757808416947935e+29
28.200000000000074,11.351293970318128,6.198285562547847,4.701193010518186e+29
28.300000000000075,11.350494001471047,6.195270447413273,4.62802795882973e+29
28.400000000000077,11.34970679343717,6.192283207164705,4.556253662300662e+29
28.500000000000078,11.348932092159714,6.189323375438946,4.48583892658893e+29
28.60000000000008,11.34816964967792,6.186390496133363,4.416753363018301e+29
28.70000000000008,11.347419223955102,6.183484123135376,4.348967365051892e+29
28.800000000000082,11.346680578712272,6.180603820060133,4.282452085531544e+29
28.900000000000084,11.34595348326718,6.177749159996175,4.2171794146555416e+29
29.000000000000085,11.345237712378522,6.174919725258732,4.15312195866829e+29
29.100000000000087,11.344533046095146,6.172115107150452,4.0902530192365705e+29
29.200000000000088,11.343839269610095,6.169334905729286,4.028546573488002e+29
29.30000000000009,11.343156173119278,6.1665787295832875,3.96797725468826e+29
29.40000000000009,11.342483551684612,6.163846195612091,3.908520333534531e+29
29.500000000000092,11.341821205101496,6.161136928814871,3.850151700043538e+29
29.600000000000094,11.341168937770425,6.1584505620845125,3.792847846013295e+29
29.700000000000095,11.340526558572629,6.15578673600786,3.7365858480385805e+29
29.800000000000097,11.339893880749575,6.153145098671759,3.6813433510608264e+29
29.900000000000098,11.339270721786207,6.150525305474789,3.62709855243392e+29
30.0000000000001,11.338656903297784,6.147927018944415,3.573830186488051e+29
30.1000000000001,11.338052250920189,6.145349908559449,3.521517509574476e+29
30.200000000000102,11.337456594203609,6.142793650577596,3.4701402855746435e+29
30.300000000000104,11.33686976650943,6.140257927867969,3.4196787718578264e+29
30.400000000000105,11.33629160491028,6.137742429748355,3.370113705671926e+29
30.500000000000107,11.335721950093072,6.1352468518271355,3.3214262909527345e+29
30.600000000000108,11.335160646264983,6.132770895849674,3.2735981855374616e+29
30.70000000000011,11.334607541062228,6.13031426954905,3.226611488768879e+29
30.80000000000011,11.334062485461565,6.127876686500956,3.180448729476906e+29
30.900000000000112,11.333525333694435,6.125457865982726,3.135092854324992e+29
31.000000000000114,11.332995943163626,6.123057532836224,3.0905272165090608e+29
31.100000000000115,11.332474174362403,6.120675417334599,3.0467355647972845e+29
31.200000000000117,11.331959890796007,6.1183112550526975,3.0037020328993312e+29
31.300000000000118,11.33145295890545,6.115964786741081,2.961411129154183e+29
31.40000000000012,11.330953247993524,6.113635758203484,2.919847726525988e+29
31.50000000000012,11.330460630152958,6.111323920177648,2.8789970528978103e+29
31.600000000000122,11.329974980196653,6.109029028219389,2.8388446816534904e+29
31.700000000000124,11.329496175589911,6.106750842589841,2.799376522538193e+29
31.800000000000125,11.329024096384618,6.104489128145726,2.7605788127885465e+29
31.900000000000126,11.328558625155296,6.102243654232616,2.7224381085236035e+29
32.00000000000013,11.328099646936982,6.1000141945810515,2.684941276388174e+29
32.10000000000013,11.327647049164854,6.097800527205445,2.6480754854403674e+29
32.20000000000013,11.32720072161557,6.095602434305677,2.611828199275475e+29
32.30000000000013,11.326760556350248,6.093419702171337,2.5761871683786024e+29
32.400000000000134,11.32632644765904,6.091252121088468,2.541140422698729e+29
32.500000000000135,11.325898292007269,6.089099485248813,2.5066762644371185e+29
32.600000000000136,11.32547598798303,6.08696159266141,2.472783261043264e+29
32.70000000000014,11.32505943624627,6.084838245066541,2.4394502384117803e+29
32.80000000000014,11.324648539479265,6.082729247851912,2.406666274273884e+29
32.90000000000014,11.324243202338435,6.080634409971026,2.374420691777328e+29
33.00000000000014,11.323843331407511,6.078553543863661,2.34270305324886e+29
33.10000000000014,11.323448835151957,6.076486465378428,2.3115031541334882e+29
33.200000000000145,11.323059623874629,6.0744329936973,2.2808110171050227e+29
33.300000000000146,11.322675609672647,6.0723929512620956,2.2506168863425564e+29
33.40000000000015,11.322296706395417,6.07036616370284,2.220911221967735e+29
34.40000000000015,11.318770994610595,6.050791088203525,1.948765468479606e+29
35.40000000000015,11.31567317814287,6.0323708904163045,1.7163856398920157e+29
36.40000000000015,11.31294052706175,6.014974350367314,1.5170728457421305e+29
37.40000000000015,11.310521032988923,5.998490353827549,1.345398629747587e+29
38.40000000000015,11.308371324990148,5.982824213064259,1.1969384610725634e+29
39.40000000000015,11.306455037816654,5.967894752237401,1.0680662357847842e+29
40.40000000000015,11.304741524422655,5.953631981597935,9.557947093859865e+28
41.40000000000015,11.303204832783353,5.939975228675442,8.576507703629474e+28
42.40000000000015,11.301822887261093,5.926871626803749,7.7157733229805425e+28
43.40000000000015,11.30056994405588,5.914263982135571,7.223613349188745e+28
44.40000000000015,11.299354395080762,5.901992415641223,7.15910428540929e+28
45.40000000000015,11.298157299282424,5.890013767187352,7.096589087492764e+28
46.40000000000015,11.29697798013891,5.878314745305223,7.035964206584346e+28
47.40000000000015,11.295815799916193,5.866882933153596,6.9771335562958725e+28
48.40000000000015,11.294670156676514,5.85570671387684,6.920007830904613e+28
49.40000000000015,11.293540481574219,5.8447752037306735,6.8645038984653505e+28
50.40000000000015,11.292426236406245,5.834078192027661,6.810544259273199e+28
51.40000000000015,11.291326911388712,5.823606087086571,6.758056561498517e+28
52.40000000000015,11.290242023134784,5.813349867481188,6.706973166976243e+28
53.40000000000015,11.289171112812099,5.803301037978581,6.657230761109322e+28
54.40000000000015,11.288113744460762,5.793451589637032,6.608770001671631e+28
55.40000000000015,11.287069503455253,5.783793963602248,6.561535201995657e+28
56.40000000000015,11.286037995095537,5.77432101819908,6.515474044625359e+28
57.40000000000015,11.285018843314463,5.765025998966007,6.4705373220222614e+28
58.40000000000015,11.284011689489983,5.755902511322951,6.426678701347112e+28
59.40000000000015,11.283016191352065,5.746944495600226,6.383854510712058e+28
60.40000000000015,11.28203202197527,5.738146204188546,6.342023544618782e+28
61.40000000000015,11.281058868848996,5.729502180598092,6.3011468865746155e+28
62.40000000000015,11.280096433018228,5.721007240238823,6.261187747117692e+28
63.40000000000015,11.279144428288404,5.712656452755404,6.222111315689562e+28
64.40000000000015,11.278202580488701,5.7044451257686735,6.1838846249738185e+28
65.40000000000015,11.277270626788578,5.696368789891633,6.146476426476226e+28
66.40000000000015,11.276348315063004,5.68842318490225,6.109857076258808e+28
67.40000000000015,11.275435403302206,5.680604246967773,6.073998429860236e+28
68.40000000000015,11.274531659062214,5.6729080968262995,6.03887374553991e+28
69.40000000000015,11.273636858952818,5.665331028840961,6.004457595075456e+28
70.40000000000015,11.2727507881599,5.6578695008507705,5.970725781424605e+28
71.40000000000015,11.271873239999376,5.650520124749716,5.937655262634092e+28
72.40000000000015,11.271004015500232,5.643279657732364,5.9052240814415185e+28
73.40000000000015,11.270142923014408,5.636144994150449,5.8734113000722e+28
74.40000000000015,11.269289777851434,5.629113157929966,5.842196939782668e+28
75.40000000000015,11.268444401935952,5.622181295503312,5.811561924746678e+28
76.40000000000015,11.2676066234864,5.615346669215118,5.781488029918845e+28
77.40000000000015,11.266776276713294,5.608606651164276,5.751957832545988e+28
78.40000000000015,11.265953201535682,5.601958717448094,5.722954667027554e+28
79.40000000000015,11.26513724331444,5.59540044277751,5.69446258285436e+28
80.40000000000015,11.26432825260123,5.588929495435147,5.666466305379931e+28
81.40000000000015,11.263526084902008,5.582543632550357,5.638951199201066e+28
82.40000000000015,11.262730600454073,5.576240695667735,5.611903233944444e+28
83.40000000000015,11.26194166401573,5.570018606587534,5.58530895227411e+28
84.40000000000015,11.261159144667694,5.563875363458243,5.559155439950981e+28
85.40000000000015,11.260382915625483,5.55780903710327,5.533430297790189e+28
86.40000000000015,11.259612854062032,5.551817767565122,5.5081216153753275e+28
87.40000000000015,11.258848840939889,5.545899760851858,5.483217946400588e+28
88.40000000000015,11.258090760852353,5.5400532858717995,5.458708285522668e+28
89.40000000000015,11.257338501872994,5.534276671543617,5.434582046614085e+28
90.40000000000015,11.256591955413018,5.528568304069893,5.410829042318434e+28
91.40000000000015,11.255851016085991,5.52292662436326,5.387439464816223e+28
92.40000000000015,11.255115581579457,5.517350125614962,5.364403867717222e+28
93.40000000000015,11.254385552533034,5.511837350996531,5.3417131490019585e+28
94.40000000000015,11.253660832422602,5.50638689148594,5.31935853494108e+28
95.40000000000015,11.252941327450207,5.500997383810265,5.2973315649268185e+28
96.40000000000015,11.25222694643934,5.4956675084974425,5.2756240771558725e+28
97.40000000000015,11.251517600735287,5.490395988030265,5.254228195107643e+28
98.40000000000015,11.250813204110255,5.485181585096294,5.233136314765989e+28
99.40000000000015,11.25011367267298,5.480023100927746,5.212341092536493e+28
100.40000000000015,11.249418924782582,5.474919373725884,5.19183543381487e+28
101.40000000000015,11.248728880966425,5.4698692771648325,5.171612482165263e+28
102.40000000000015,11.24804346384175,5.464871718970047,5.151665609070299e+28
103.40000000000015,11.247362598040874,5.459925639567047,5.131988404217401e+28
104.40000000000015,11.24668621013977,5.4550300107962695,5.112574666288428e+28
105.40000000000015,11.24601422858983,5.4501838346902325,5.093418394222027e+28
106.40000000000015,11.24534658365265,5.4453861423094105,5.0745137789202114e+28
107.40000000000015,11.24468320733767,5.44063599263348,5.055855195372626e+28
108.40000000000015,11.244024033342537,5.435932471504827,5.037437195173811e+28
109.40000000000015,11.243368996996006,5.431274690621384,5.01925449941043e+28
110.40000000000015,11.242718035203302,5.426661786576051,5.001301991896958e+28
111.40000000000015,11.242071086393773,5.422092919940178,4.983574712739797e+28
112.40000000000015,11.241428090470746,5.417567274388684,4.966067852211073e+28
113.40000000000015,11.240788988763455,5.413084055864578,4.948776744914617e+28
114.40000000000015,11.240153723980951,5.408642491780779,4.931696864227733e+28
115.40000000000015,11.239522240167885,5.404241830257252,4.914823817003464e+28
116.40000000000015,11.238894482662088,5.3998813393916105,4.898153338518983e+28
117.40000000000015,11.238270398053846,5.395560306561454,4.881681287656683e+28
118.40000000000015,11.237649934146786,5.391278037756777,4.865403642305371e+28
119.40000000000015,11.237033039920316,5.387033856940932,4.849316494969724e+28
120.40000000000015,11.236419665493525,5.382827105438693,4.833416048576958e+28
121.40000000000015,11.235809762090478,5.378657141350039,4.817698612470267e+28
122.40000000000015,11.235203282006852,5.374523338988409,4.802160598579256e+28
123.40000000000015,11.234600178577839,5.3704250883421665,4.786798517758191e+28
124.40000000000015,11.234000406147265,5.366361794558195,4.771608976283397e+28
125.40000000000015,11.233403920037864,5.3623328774464785,4.756588672501685e+28
126.40000000000015,11.232810676522657,5.358337771004717,4.741734393622151e+28
127.40000000000015,11.232220632797397,5.354375922961964,4.727043012644116e+28
128.40000000000015,11.231633746954008,5.350446794340428,4.712511485414433e+28
129.40000000000015,11.231049977955,5.346549859034516,4.6981368478077435e+28
130.40000000000015,11.2304692856088,5.342684603406407,4.683916213023641e+28
131.40000000000015,11.229891630545973,5.338850525897273,4.6698467689950395e+28
132.40000000000015,11.22931697419628,5.3350471366535315,4.655925775902369e+28
133.40000000000015,11.228745278766544,5.331273957167363,4.6421505637885065e+28
134.40000000000015,11.228176507219299,5.327530519930894,4.628518530269649e+28
135.40000000000015,11.227610623252168,5.323816368103401,4.615027138337574e+28
136.40000000000015,11.227047591277964,5.320131055190963,4.601673914249016e+28
137.40000000000015,11.22648737640546,5.31647414473802,4.5884564454980595e+28
138.40000000000015,11.22592994442082,5.312845210030289,4.575372378867758e+28
139.40000000000015,11.225375261769651,5.309243833808554,4.562419418557279e+28
140.40000000000015,11.224823295539661,5.305669607992856,4.549595324381172e+28
141.40000000000015,11.224274013443889,5.302122133416644,4.53689791003747e+28
142.40000000000015,11.223727383804487,5.298601019570425,4.524325041441533e+28
143.40000000000015,11.22318337553704,5.295105884354557,4.511874635122699e+28
144.40000000000015,11.22264195813539,5.291636353840756,4.49954465668094e+28
145.40000000000015,11.222103101656948,5.288192062041984,4.487333119300906e+28
146.40000000000015,11.221566776708492,5.284772650690336,4.475238082320823e+28
147.40000000000015,11.221032954432397,5.281377769022626,4.463257649853863e+28
148.40000000000015,11.220501606493318,5.278007073573343,4.4513899694597365e+28
149.40000000000015,11.219972705065281,5.274660227974653,4.439633230864332e+28
150.40000000000015,11.219446222819181,5.271336902763215,4.427985664725373e+28
151.40000000000015,11.218922132910672,5.268036775193472,4.4164455414421355e+28
152.40000000000015,11.21840040896842,5.264759529057212,4.4050111700073785e+28
153.40000000000015,11.217881025082729,5.261504854509111,4.393680896899722e+28
154.40000000000015,11.217363955794498,5.258272447898056,4.382453105014797e+28
155.40000000000015,11.216849176084528,5.25506201160398,4.371326212633562e+28
156.40000000000015,11.216336661363131,5.251873253880021,4.360298672426277e+28
157.40000000000015,11.21582638746007,5.248705888699815,4.349368970490667e+28
158.40000000000015,11.215318330614778,5.245559635609683,4.3385356254229076e+28
159.40000000000015,11.214812467466881,5.24243421958554,4.3277971874201045e+28
160.40000000000015,11.214308775046987,5.2393293708943744,4.317152237413009e+28
161.40000000000015,11.213807230767749,5.236244824960089,4.30659938622778e+28
162.40000000000015,11.21330781241518,5.233180322233547,4.296137273775624e+28
163.40000000000015,11.212810498140234,5.230135608066688,4.285764568269253e+28
164.40000000000015,11.2123152664506,5.227110432590537,4.275479965465083e+28
165.40000000000015,11.211822096202757,5.224104550596973,4.265282187930197e+28
166.40000000000015,11.211330966594236,5.221117721424122,4.2551699843331135e+28
167.40000000000015,11.2108418571561,5.2181497088452335,4.245142128757443e+28
168.40000000000015,11.210354747745644,5.215200280960936,4.235197420037575e+28
169.40000000000015,11.209869618539289,5.212269210094712,4.225334681115553e+28
170.40000000000015,11.209386450025667,5.209356272691519,4.215552758418338e+28
171.40000000000015,11.208905222998911,5.206461249219407,4.205850521254708e+28
172.40000000000015,11.208425918552114,5.203583924074065,4.196226861231066e+28
173.40000000000015,11.207948518070967,5.2007240854861525,4.186680691685437e+28
174.40000000000015,11.207473003227573,5.197881525431345,4.177210947139015e+28
175.40000000000015,11.206999355974427,5.19505603954301,4.1678165827646e+28
176.40000000000015,11.206527558538548,5.192247427027375,4.158496573871312e+28
177.40000000000015,11.206057593415776,5.189455490581157,4.149249915405008e+28
178.40000000000015,11.205589443365213,5.186680036311534,4.14007562146382e+28
179.40000000000015,11.205123091403808,5.183920873658387,4.130972724828294e+28
180.40000000000015,11.204658520801091,5.181177815318749,4.121940276505587e+28
181.40000000000015,11.20419571507404,5.17845067717337,4.112977345287261e+28
182.40000000000015,11.203734657982064,5.175739278215319,4.104083017320146e+28
183.40000000000015,11.203275333522148,5.173043440480603,4.095256395689875e+28
184.40000000000015,11.202817725924088,5.170362988980667,4.086496600016603e+28
185.40000000000015,11.202361819645867,5.167697751636771,4.07780276606251e+28
186.40000000000015,11.201907599369138,5.165047559216157,4.06917404535068e+28
187.40000000000015,11.201455049994825,5.162412245269941,4.0606096047949774e+28
188.40000000000015,11.201004156638831,5.159791646072697,4.052108626340519e+28
189.40000000000015,11.200554904627854,5.157185600563661,4.043670306614413e+28
190.40000000000015,11.200107279495304,5.154593950289504,4.035293856586411e+28
191.40000000000015,11.199661266977321,5.152016539348637,4.0269785012391255e+28
192.40000000000015,11.199216853008892,5.149453214336978,4.018723479247525e+28
193.40000000000015,11.198774023720057,5.146903824295162,4.010528042667358e+28
194.40000000000015,11.198332765432214,5.144368220657121,4.002391456632262e+28
195.40000000000015,11.197893064654506,5.141846257200012,3.994312999059227e+28
196.40000000000015,11.1974549080803,5.139337789995445,3.986291960362166e+28
197.40000000000015,11.197018282583741,5.13684267736196,3.978327643173332e+28
198.40000000000015,11.196583175216402,5.134360779818732,3.970419362072307e+28
199.40000000000015,11.196149573203995,5.131891960040461,3.962566443322343e+28
200.40000000000015,11.195717463943172,5.129436082813392,3.9547682246138043e+28
201.40000000000015,11.195286834998399,5.126993014992472,3.9470240548144973e+28
202.40000000000015,11.194857674098893,5.124562625459562,3.93933329372666e+28
203.40000000000015,11.194429969135644,5.122144785082711,3.9316953118504e+28
204.40000000000015,11.194003708158494,5.119739366676438,3.9241094901533973e+28
205.40000000000015,11.193578879373286,5.117346244962991,3.916575219846653e+28
206.40000000000015,11.19315547113908,5.114965296534581,3.9090919021661094e+28
207.40000000000015,11.19273347196543,5.1125963998165265,3.9016589481599603e+28
208.40000000000015,11.192312870509722,5.110239435031305,3.8942757784814725e+28
209.40000000000015,11.191893655574573,5.10789428416348,3.88694182318715e+28
210.40000000000015,11.191475816105283,5.10556083092547,3.879656521540084e+28
211.40000000000015,11.191059341187358,5.103238960724153,3.872419321818323e+28
212.40000000000015,11.190644220044065,5.100928560628255,3.8652296811281213e+28
213.40000000000015,11.190230442034062,5.098629519336544,3.8580870652219076e+28
214.40000000000015,11.189817996649065,5.096341727146738,3.8509909483208474e+28
215.40000000000015,11.189406873511576,5.0940650759251955,3.8439408129418487e+28
216.40000000000015,11.188997062372653,5.091799459077279,3.836936149728889e+28
217.40000000000015,11.188588553109737,5.089544771518446,3.829976457288532e+28
218.40000000000015,11.188181335724508,5.0873009096459665,3.823061242029512e+28
219.40000000000015,11.18777540034081,5.085067771311364,3.816190018006268e+28
220.40000000000015,11.187370737202604,5.082845255793435,3.809362306766312e+28
221.40000000000015,11.186967336671968,5.080633263771906,3.8025776372013206e+28
222.40000000000015,11.186565189227142,5.078431697301713,3.7958355454018426e+28
223.40000000000015,11.186164285460611,5.07624045978784,3.7891355745155214e+28
224.40000000000015,11.18576461607723,5.074059455960747,3.782477274608728e+28
225.40000000000015,11.185366171892388,5.0718885918523355,3.7758602025315086e+28
226.40000000000015,11.184968943830208,5.069727774772481,3.769283921785757e+28
227.40000000000015,11.184572922921785,5.067576913286058,3.762748002396517e+28
228.40000000000015,11.18417810030346,5.065435917190502,3.7562520207863236e+28
229.40000000000015,11.183784467215135,5.063304697493858,3.749795559652513e+28
230.40000000000015,11.18339201499861,5.061183166393321,3.7433782078473978e+28
231.40000000000015,11.183000735095964,5.059071237254237,3.7369995602612435e+28
232.40000000000015,11.182610619047967,5.056968824589575,3.7306592177079674e+28
233.40000000000015,11.18222165849252,5.054875844039847,3.7243567868134773e+28
234.40000000000015,11.181833845163126,5.052792212353449,3.718091879906585e+28
235.40000000000015,11.181447170887404,5.0507178473674506,3.7118641149124248e+28
236.40000000000015,11.18106162758561,5.048652667988772,3.7056731152483025e+28
237.40000000000015,11.180677207269207,5.04659659417579,3.6995185097219183e+28
238.40000000000015,11.180293902039455,5.04454954692032,3.6933999324318905e+28
239.40000000000015,11.17991170408603,5.042511448229979,3.6873170226705307e+28
240.40000000000015,11.179530605685661,5.040482221110935,3.6812694248287933e+28
241.40000000000015,11.179150599200815,5.038461789551015,3.6752567883033595e+28
242.40000000000015,11.178771677078386,5.036450078503162,3.6692787674057884e+28
243.40000000000015,11.178393831848418,5.034447013869243,3.663335021273684e+28
244.40000000000015,11.178017056122853,5.032452522484196,3.657425213783824e+28
245.40000000000015,11.177641342594303,5.030466532100494,3.651549013467203e+28
246.40000000000015,11.177266684034842,5.028488971372953,3.645706093425936e+28
247.40000000000015,11.176893073294826,5.026519769843823,3.6398961312519756e+28
248.40000000000015,11.176520503301727,5.024558857928211,3.634118808947597e+28
249.40000000000015,11.176148967059001,5.022606166899783,3.628373812847605e+28
250.40000000000015,11.175778457644967,5.020661628876768,3.6226608335432186e+28
251.40000000000015,11.175408968211705,5.018725176808232,3.616979565807588e+28
252.40000000000015,11.175040491983994,5.0167967444606525,3.6113297085229106e+28
253.40000000000015,11.174673022258238,5.014876266404732,3.605710964609097e+28
254.40000000000015,11.174306552401443,5.012963678002498,3.6001230409539493e+28
255.40000000000015,11.173941075850195,5.011058915394656,3.59456564834482e+28
256.40000000000015,11.173576586109654,5.009161915488182,3.589038501401707e+28
257.40000000000015,11.173213076752582,5.0072726159441725,3.5835413185117547e+28
258.40000000000015,11.172850541418375,5.005390955165929,3.5780738217651207e+28
259.40000000000015,11.172488973812122,5.00351687228728,3.5726357368921816e+28
260.40000000000015,11.172128367703666,5.001650307161121,3.567226793202038e+28
261.40000000000015,11.171768716926701,4.999791200348188,3.5618467235222914e+28
271.40000000000015,11.168223439682412,4.981597747456984,3.509577720543498e+28
281.40000000000015,11.164767354169483,4.964089600216475,3.459926229066801e+28
291.40000000000015,11.161395220906497,4.94721745518954,3.412674919593044e+28
301.40000000000015,11.158102275586279,4.930937111053494,3.36763118921952e+28
311.40000000000015,11.154884171780282,4.915208790719369,3.324623637389263e+28
321.40000000000015,11.15173693215554,4.899996572145485,3.283499138925071e+28
331.40000000000015,11.148656906715784,4.885267907614873,3.244120398004073e+28
341.40000000000015,11.145640736875356,4.8709932155016595,3.206363892161914e+28
351.40000000000015,11.14268532440539,4.857145531814918,3.1701181347181863e+28
361.40000000000015,11.139787804472537,4.843700211332102,3.135282198794246e+28
371.40000000000015,11.136945522133308,4.8306346701015785,3.1017644575050685e+28
381.40000000000015,11.134156011760597,4.81792816263901,3.0694815037849874e+28
391.40000000000015,11.13141697896982,4.805561588364577,3.038357220265892e+28
401.40000000000015,11.128726284685236,4.7935173228011765,3.008321975118407e+28
411.40000000000015,11.126081931046361,4.781779069833701,2.979311924129382e+28
421.40000000000015,11.123482048902668,4.770331731957933,2.9512684027762085e+28
431.40000000000015,11.120924886684348,4.759161295957265,2.9241373948621737e+28
441.40000000000015,11.118408800469517,4.748254731860609,2.897869066543787e+28
451.40000000000015,11.1159322450952,4.737599903375074,2.872417356423235e+28
461.40000000000015,11.113493766181845,4.7271854882669135,2.8477396138839617e+28
471.40000000000015,11.11109199295982,4.717000907395732,2.823796279082407e+28
481.40000000000015,11.108725631802036,4.707036261299243,2.8005505990272493e+28
491.40000000000015,11.106393460380062,4.6972822733861594,2.7779683750207453e+28
501.40000000000015,11.104094322372184,4.6877302389291176,2.7560177374379355e+28
511.40000000000015,11.10182712266141,4.678371979162359,2.7346689444048923e+28
521.4000000000001,11.099590822969379,4.669199799884105,2.713894201427761e+28
531.4000000000001,11.097384437879064,4.660206454044213,2.6936674994369784e+28
541.4000000000001,11.095207031205016,4.651385107866135,2.6739644690593426e+28
551.4000000000001,11.093057712674941,4.642729310110585,2.654762249225581e+28
561.4000000000001,11.090935634890789,4.634232964138228,2.636039368471667e+28
571.4000000000001,11.088839990541253,4.625890302471428,2.6177756375057482e+28
581.4000000000001,11.086770009840889,4.617695863591998,2.5999520517951434e+28
591.4000000000001,11.084724958173844,4.609644470743472,2.5825507030844082e+28
601.4000000000001,11.082704133922697,4.601731212533986,2.5655546988900364e+28
611.4000000000001,11.080706866465034,4.593951425159569,2.548948089133407e+28
621.4000000000001,11.078732514322287,4.58630067608831,2.532715799173796e+28
631.4000000000001,11.076780463447001,4.578774749063891,2.5168435685901982e+28
641.4000000000001,11.07485012563618,4.571369630302712,2.5013178951360856e+28
651.4000000000001,11.072940937059585,4.564081495772532,2.4861259833569526e+28
661.4000000000001,11.071052356893055,4.556906699452706,2.471255697417773e+28
671.4000000000001,11.069183866047883,4.549841762486594,2.4566955177375942e+28
681.4000000000001,11.06733496598815,4.542883363146171,2.4424345010724246e+28
691.4000000000001,11.06550517762877,4.536028327537021,2.4284622437260786e+28
701.4000000000001,11.063694040307611,4.52927362097922,2.414768847602597e+28
711.4000000000001,11.061901110825772,4.522616340006067,2.401344888843737e+28
721.4000000000001,11.060125962550575,4.5160537049283604,2.3881813888214255e+28
731.4000000000001,11.058368184576384,4.509583052916961,2.375269787278446e+28
741.4000000000001,11.056627380938776,4.503201831560977,2.362601917431317e+28
751.4000000000001,11.054903169878008,4.496907592862907,2.350169982867713e+28
761.4000000000001,11.053195183148068,4.490697987635702,2.3379665360871085e+28
771.4000000000001,11.051503065367934,4.484570760269935,2.3259844585479204e+28
781.4000000000001,11.04982647341195,4.478523743842176,2.3142169420973693e+28
791.4000000000001,11.048165075836488,4.472554855538249,2.3026574716719272e+28
801.4000000000001,11.046518552340324,4.466662092367384,2.291299809166586e+28
811.4000000000001,11.044886593256312,4.460843527145417,2.2801379783804913e+28
821.4000000000001,11.04326889907223,4.455097304727002,2.2691662509548397e+28
831.4000000000001,11.041665179978747,4.449421638468619,2.2583791332264585e+28
841.4000000000001,11.040075155442695,4.443814806905598,2.2477713539272155e+28
851.4000000000001,11.038498553803933,4.438275150627848,2.237337852665519e+28
861.4000000000001,11.036935111894248,4.4328010693402256,2.227073769131644e+28
871.4000000000001,11.035384574676836,4.427391019094594,2.2169744329735874e+28
881.4000000000001,11.03384669490504,4.422043509681735,2.207035354294646e+28
891.4000000000001,11.032321232799108,4.41675710217214,2.197252214727956e+28
901.4000000000001,11.030807955739812,4.411530406595623,2.187620859046947e+28
911.4000000000001,11.029306637977909,4.406362079750492,2.178137287273967e+28
921.4000000000001,11.027817060358416,4.401250823133668,2.1687976472524124e+28
931.4000000000001,11.026339010058827,4.396195380983871,2.1595982276504254e+28
941.4000000000001,11.024872280340402,4.391194538430517,2.1505354513667576e+28
951.4000000000001,11.023416670311763,4.386247119741601,2.1416058693116876e+28
961.4000000000001,11.021971984704047,4.381351986664244,2.1328061545379633e+28
971.4000000000001,11.020538033656955,4.37650803685213,2.1241330966986614e+28
981.4000000000001,11.01911463251504,4.371714202374399,2.1155835968106e+28
991.4000000000001,11.017701601633673,4.366969448301034,2.1071546623035305e+28
1001.4000000000001,11.016299119729835,4.3622732353606,2.095361653903705e+28
1011.4000000000001,11.0149158950157,4.357636239839614,2.0627114530944827e+28
1021.4000000000001,11.013557102834213,4.3530645151274605,2.0308837929506118e+28
1031.4,11.012222063870803,4.348556451840649,1.9998501995961906e+28
1041.4,11.01091012437678,4.3441104964033475,1.9695834480445556e+28
1051.4,11.00962065496234,4.339725148573024,1.9400574960953922e+28
1061.4,11.008353049457844,4.335398959098994,1.9112474223188044e+28
1071.4,11.00710672383886,4.331130527505527,1.883129367837985e+28
1081.4,11.005881115210862,4.3269184999917805,1.8556804816449108e+28
1091.4,11.004675680849703,4.322761567441309,1.8288788692043468e+28
1101.4,11.003489897294308,4.318658463534501,1.8027035441204306e+28
1111.4,11.002323259488312,4.314607962957686,1.7771343826575023e+28
1121.4,11.001175279967535,4.31060887970313,1.7521520809227417e+28
1131.4,11.000045488090475,4.306660065454496,1.7277381145327285e+28
1141.4,10.998933429309165,4.302760408052764,1.7038747005993845e+28
1151.4,10.997838664477928,4.298908830037895,1.6805447618829818e+28
1161.4,10.99676076919775,4.295104287261866,1.657731892971131e+28
1171.4,10.995699333194114,4.291345767568981,1.6354203283529678e+28
1181.4,10.994653959726351,4.287632289539634,1.6135949122672337e+28
1191.4,10.993624265026597,4.283962901293947,1.592241070211662e+28
1201.4,10.992609877766675,4.280336679351947,1.5713447820090994e+28
1211.4,10.99161043855127,4.276752727547137,1.5508925563331848e+28
1221.4,10.99062559943587,4.27321017599054,1.5308714066032165e+28
1231.4,10.9896550234681,4.269708180082455,1.5112688281641186e+28
1241.4,10.988698384251098,4.266245919569368,1.492072776673223e+28
1251.4,10.987755365527715,4.2628225976435665,1.4732716476209283e+28
1261.4,10.986825660784381,4.259437440083235,1.454854256917255e+28
1271.4,10.985908972873553,4.25608969443084,1.4368098224808935e+28
1281.4,10.985005013653726,4.252778629207869,1.4191279467715682e+28
1291.4,10.98411350364607,4.249503533163971,1.4017986002104778e+28
1301.4,10.983234171706782,4.246263714558784,1.3848121054371946e+28
1311.4,10.982366754714324,4.243058500474747,1.3681591223547801e+28
1321.4,10.981510997270766,4.239887236159347,1.3518306339179994e+28
1331.4,10.980666651416474,4.236749284395298,1.3358179326224198e+28
1341.4,10.979833476357474,4.233644024897294,1.3201126076548673e+28
1351.4,10.97901123820481,4.230570853733983,1.3047065326682301e+28
1361.4,10.978199709725306,4.227529182773951,1.2895918541459102e+28
1371.4,10.977398670103128,4.224518439154533,1.2747609803234089e+28
1381.4,10.976607904711623,4.2215380647723535,1.26020657063653e+28
1391.4,10.975827204894896,4.218587515794538,1.2459215256675754e+28
1401.4,10.975056367758665,4.215666262189629,1.2318989775626496e+28
1411.4,10.97429519596991,4.212773787277271,1.218132280894823e+28
1421.4,10.973543497564908,4.209909587295757,1.204615003949423e+28
1431.4,10.972801085765225,4.207073170986641,1.1913409204091486e+28
1441.4,10.9720677788013,4.204264059195614,1.1783040014180166e+28
1451.4,10.97134339974324,4.201481784488868,1.165498408004399e+28
1461.4,10.970627776338487,4.198725890784278,1.1529184838445604e+28
1471.4,10.96992074085604,4.19599593299672,1.1405587483491849e+28
1481.4,10.969222129936908,4.1932914766968645,1.1284138900564042e+28
1491.4,10.968531784450517,4.1906120977828865,1.1164787603157734e+28
1501.4,10.967849549356798,4.187957382164475,1.1047483672485318e+28
1511.4,10.96717527357366,4.185326925458623,1.0932178699703248e+28
1521.4,10.966508809849666,4.1827203326966895,1.0818825730633285e+28
1531.4,10.965850014641594,4.180137218042207,1.070737921285458e+28
1541.4,10.96519874799675,4.177577204519025,1.0597794945050213e+28
1551.4,10.964554873439734,4.175039923749283,1.049003002849823e+28
1561.4,10.96391825786354,4.172525015700854,1.038404282060328e+28
1571.4,10.963288771424729,4.1700321284438076,1.0279792890370557e+28
1581.4,10.962666287442547,4.167560917915539,1.017724097572917e+28
1591.4,10.962050682301792,4.165111047694207,1.0076348942616933e+28
1601.4,10.961441835359265,4.162682188780115,9.977079745743433e+27
1611.4,10.96083962885367,4.160274019384721,9.879397390952481e+27
1621.4,10.960243947818785,4.157886224726955,9.78326689910939e+27
1631.4,10.959654679999801,4.155518496836561,9.688654271442266e+27
1641.4,10.959071715772653,4.153170534364152,9.595526456270367e+27
1651.4,10.958494948066265,4.150842042397744,9.503851317055893e+27
1661.4,10.957924272287546,4.148532732285475,9.41359760171901e+27
1671.4,10.957359586249039,4.146242321464291,9.324734913158815e+27
1681.4,10.956800790099125,4.14397053329433,9.237233680926075e+27
1691.4,10.956247786254654,4.1417170968988275,9.151065133996127e+27
1701.4,10.95570047933592,4.13948174700928,9.06620127459304e+27
1711.4,10.955158776103886,4.137264223815694,8.982614853018559e+27
1721.4,10.95462258539955,4.135064272821703,8.900279343441639e+27
1731.4,10.954091818085391,4.132881644704389,8.819168920606601e+27
1741.4,10.9535663869888,4.130716095178613,8.739258437419971e+27
1751.4,10.953046206847409,4.128567384865677,8.660523403378052e+27
1761.4,10.95253119425626,4.126435279166181,8.582939963799096e+27
1771.4,10.95202126761673,4.124319548136887,8.506484879825692e+27
1781.4,10.951516347087157,4.122219966371468,8.431135509164681e+27
1791.4,10.951016354535074,4.120136312884965,8.356869787533387e+27
1801.4,10.950521213491028,4.118068371001867,8.28366621078255e+27
1811.4,10.950030849103886,4.116015928247615,8.211503817667631e+27
1821.4,10.9495451880976,4.113978776243473,8.140362173241595e+27
1831.4,10.949064158729355,4.11195671060458,8.070221352843451e+27
1841.4,10.948587690749063,4.10994953084113,8.001061926658089e+27
1851.4,10.948115715360146,4.107957040262514,7.932864944824048e+27
1861.4,10.947648165181553,4.105979045884357,7.865611923066926e+27
1871.4,10.947184974210987,4.10401535833833,7.799284828837202e+27
1881.4,10.946726077789274,4.102065791784641,7.733866067932145e+27
1891.4,10.946271412565837,4.10013016382711,7.669338471582453e+27
1901.4,10.945820916465257,4.098208295430744,7.605685283985133e+27
1911.4,10.945374528654845,4.096300010841727,7.542890150264933e+27
1921.4,10.944932189513219,4.0944051375097175,7.480937104847447e+27
1931.4,10.944493840599838,4.092523506012433,7.419810560227776e+27
1941.4,10.944059424625458,4.090654949982348,7.359495296119304e+27
1951.4,10.943628885423472,4.08879930603554,7.29997644896785e+27
1961.4,10.943202167922129,4.086956413702541,7.241239501817108e+27
1971.4,10.942779218117561,4.085126115361144,7.183270274511865e+27
1981.4,10.942359983047627,4.083308256171106,7.126054914226118e+27
1991.4,10.941944410766514,4.081502684010684,7.069579886303714e+27
2001.4,10.941532450320102,4.079709249414938,7.013831965399721e+27
2011.4,10.941124051722039,4.07792780551575,6.958798226911187e+27
2021.4,10.94071916593051,4.076158207983488,6.904466038686477e+27
2031.4,10.940317744825684,4.074400314970273,6.850823053002767e+27
2041.4,10.939919741187811,4.072653987054823,6.797857198801801e+27
2051.4,10.939525108675943,4.070919087188749,6.745556674174348e+27
2061.4,10.939133801807257,4.069195480644339,6.693909939084231e+27
2071.4,10.93874577593698,4.067483034963738,6.642905708323182e+27
2081.4,10.938360987238866,4.0657816199094885,6.592532944688122e+27
2091.4,10.937979392686227,4.0640911074163775,6.542780852372815e+27
2101.4,10.937600950033495,4.062411371544586,6.493638870566173e+27
2111.4,10.937225617798296,4.060742288434046,6.445096667249809e+27
2121.4,10.936853355244017,4.059083736260012,6.397144133187728e+27
2131.4,10.936484122362861,4.057435595189798,6.349771376101306e+27
2141.4,10.93611787985936,4.05579774734062,6.302968715023056e+27
2151.4,10.935754589134337,4.054170076738545,6.256726674822846e+27
2161.4,10.935394212269314,4.052552469278503,6.211035980900541e+27
2171.4,10.935036712011327,4.050944812685301,6.165887554039288e+27
2181.4,10.934682051758157,4.049346996475649,6.121272505413836e+27
2191.4,10.934330195543962,4.047758911921155,6.077182131748556e+27
2201.4,10.933981108025279,4.046180452012226,6.03360791062001e+27
2211.4,10.933634754467407,4.044611511422926,5.990541495899118e+27
2221.4,10.93329110073115,4.043051986476657,5.94797471332816e+27
2231.4,10.9329501132599,4.0415017751127404,5.90589955622805e+27
2241.4,10.932611759067065,4.039960776853807,5.864308181331482e+27
2251.4,10.932276005723825,4.03842889277399,5.823192904737691e+27
2261.4,10.931942821347203,4.036906025467916,5.782546197984792e+27
2271.4,10.931612174588441,4.0353920790204345,5.74236068423576e+27
2281.4,10.93128403462168,4.0338869589770985,5.702629134574275e+27
2291.4,10.930958371132927,4.032390572315356,5.663344464406815e+27
2301.4,10.930635154309305,4.0309028274164405,5.624499729967491e+27
2311.4,10.930314354828573,4.029423634037929,5.586088124922269e+27
2321.4,10.929995943848908,4.027952903286969,5.548102977069326e+27
2331.4,10.929679892998951,4.026490547594126,5.510537745132427e+27
2341.4,10.9293661743681,4.025036480687872,5.473386015644313e+27
2351.4,10.929054760497039,4.02359061756966,5.436641499917196e+27
2361.4,10.928745624368506,4.0221528744895885,5.400298031097587e+27
2371.4,10.928438739398294,4.020723168922641,5.364349561302725e+27
2381.4,10.928134079426462,4.019301419545471,5.328790158836068e+27
2391.4,10.927831618708773,4.017887546213737,5.293614005479289e+27
2401.4,10.92753133190833,4.016481469939945,5.258815393858404e+27
2411.4,10.927233194087428,4.015083112871817,5.224388724881681e+27
2421.4,10.926937180699586,4.013692398271143,5.190328505247102e+27
2431.4,10.926643267581783,4.0123092504931215,5.156629345017191e+27
2441.4,10.926351430946884,4.01093359496617,5.123285955259145e+27
2451.4,10.926061647376232,4.009565358172187,5.090293145748236e+27
2461.4,10.925773893812426,4.008204467627266,5.057645822732528e+27
2471.4,10.925488147552272,4.006850851862831,5.025338986757054e+27
2481.4,10.92520438623989,4.005504440407206,4.993367730545624e+27
2491.4,10.924922587859996,4.004165163767583,4.961727236938513e+27
2501.4,10.924642730731327,4.002832953412401,4.9304127768843413e+27
2511.4,10.92436479350023,4.001507741754102,4.8994197074845087e+27
2521.4,10.924088755134399,4.000189462132276,4.868743470088613e+27
2531.4,10.923814594916747,3.998878048797164,4.838379588439318e+27
2541.4,10.923542292439434,3.997573436893536,4.808323666865204e+27
2551.4,10.923271827598015,3.9962755624449016,4.7785713885201693e+27
2561.4,10.923003180585734,3.9949843623380716,4.7491185136680227e+27
2571.4,10.922736331887947,3.9936997743080536,4.719960878010913e+27
2581.4,10.92247126227666,3.992421736923265,4.691094391060336e+27
2591.4,10.92220795280521,3.991150189571067,4.662515034549443e+27
2601.4,10.921946384803038,3.9898850724436037,4.6342188608854884e+27
2611.4,10.92168653987061,3.9886263265239403,4.6062019916412107e+27
2621.4,10.921428399874427,3.9873738935725,4.578460616084056e+27
2631.4,10.92117194694216,3.986127716113776,4.550990989742136e+27
2641.4,10.920917163457878,3.984887737423332,4.5237894330058745e+27
2651.4,10.920664032057402,3.983653901515066,4.4968523297643153e+27
2661.4,10.920412535623743,3.9824261531287446,4.470176126075128e+27
2671.4,10.920162657282646,3.981204437717791,4.4437573288673146e+27
2681.4,10.919914380398232,3.9799887014373274,4.4175925046757474e+27
2691.4,10.919667688568737,3.978778891132463,4.3916782784065895e+27
2701.4,10.919422565622332,3.977574954326818,4.366011332132774e+27
2711.4,10.91917899561305,3.9763768392112873,4.340588403918675e+27
2721.4,10.918936962816785,3.975184494633029,4.3154062866731734e+27
2731.4,10.918696451727383,3.9739978700846756,4.2904618270303247e+27
2741.4,10.91845744705282,3.9728169156937607,4.265751924256865e+27
2751.4,10.918219933711452,3.971641582212367,4.241273529185819e+27
2761.4,10.917983896828352,3.9704718210069663,4.217023643175498e+27
2771.4,10.917749321731721,3.969307584048482,4.1929993170931816e+27
2781.4,10.917516193949375,3.9681488239025224,4.1691976503228284e+27
2791.4,10.917284499205303,3.9669954937198364,4.145615789796145e+27
2801.4,10.9170542234163,3.965847547226935,4.1222509290464045e+27
2811.4,10.916825352688672,3.964704938716909,4.099100307284374e+27
2821.4,10.916597873314998,3.963567623040419,4.076161208495784e+27
2831.4,10.916371771770976,3.962435555596873,4.053430960559749e+27
2841.4,10.916147034712314,3.961308692325752,4.0309069343875784e+27
2851.4,10.9159236489717,3.9601869896981343,4.008586543081452e+27
2861.4,10.915701601555835,3.959070404708357,3.9864672411124157e+27
2871.4,10.915480879642503,3.9579588948658526,3.9645465235172e+27
2881.4,10.915261470577738,3.9568524181871405,3.942821925113361e+27
2891.4,10.915043361873007,3.9557509331879586,3.9212910197322705e+27
2901.4,10.914826541202483,3.9546543988755616,3.8999514194694796e+27
2911.4,10.914610996400356,3.9535627747411586,3.87880077395201e+27
2921.4,10.914396715458198,3.952476020752488,3.8578367696221366e+27
2931.4,10.914183686522387,3.951394097346539,3.8370571290372287e+27
2941.4,10.913971897891576,3.9503169654224055,3.81645961018524e+27
2951.4,10.913761338014218,3.949244586334281,3.7960420058154494e+27
2961.4,10.913551995486133,3.948176921884572,3.7758021427840517e+27
2971.4,10.913343859048123,3.9471139343171444,3.755737881414232e+27
2981.4,10.913136917583644,3.9460555863107025,3.7358471148703535e+27
2991.4,10.912931160116509,3.9450018409722736,3.7161277685458867e+27
3001.4,10.912726575808646,3.9439526618308327,3.6965777994647625e+27
3011.4,10.912523153957894,3.9429080128310208,3.6771951956957746e+27
3021.4,10.912320883995845,3.9418678583270026,3.6579779757797435e+27
3031.4,10.91211975548572,3.9408321630764083,3.6389241881690867e+27
3041.4,10.911919758120304,3.9398008922344143,3.620031910679515e+27
3051.4,10.91172088171989,3.9387740113479093,3.6012992499535356e+27
3061.4,10.911523116230297,3.937751486349767,3.5827243409354764e+27
3071.4,10.911326451720894,3.936733283553237,3.564305346357753e+27
3081.4,10.911130878382687,3.935719369646419,3.5460404562380883e+27
3091.4,10.910936386526425,3.934709711686845,3.527927887387432e+27
3101.4,10.910742966580747,3.933704277096154,3.509965882928304e+27
3111.4,10.910550609090366,3.9327030336548585,3.492152711823323e+27
3121.4,10.910359304714285,3.9317059494972133,3.474486668413658e+27
3131.4,10.910169044224045,3.9307129931061597,3.456966071967176e+27
3141.4,10.909979818502004,3.929724133308371,3.4395892662360397e+27
3151.4,10.909791618539657,3.9287393392693812,3.422354619023544e+27
3161.4,10.909604435435973,3.927758580488791,3.4052605217599503e+27
3171.4,10.909418260395775,3.926781826795568,3.3883053890871197e+27
3181.4,10.909233084728138,3.9258090483434196,3.371487658451732e+27
3191.4,10.90904889984483,3.9248402156062516,3.354805789706876e+27
3201.4,10.90886569725877,3.923875299373703,3.3382582647218325e+27
3211.4,10.908683468582517,3.922914270746752,3.321843586999838e+27
3221.4,10.908502205526785,3.921957101133406,3.305560281303655e+27
3231.4,10.908321899898995,3.921003762244458,3.2894068932887527e+27
3241.4,10.908142543601837,3.9200542260893196,3.2733819891439385e+27
3251.4,10.907964128631868,3.9191084649719197,3.257484155239248e+27
3261.4,10.907786647078131,3.918166451486679,3.241711997780936e+27
3271.4,10.907610091120805,3.917228158514542,3.226064142473403e+27
3281.4,10.907434453029868,3.9162935592190884,3.2105392341878906e+27
3291.4,10.90725972516379,3.9153626270426947,3.195135936637802e+27
3301.4,10.907085899968253,3.914435335702775,3.17985293206048e+27
3311.4,10.906912969974888,3.913511659188075,3.16468892090531e+27
3321.4,10.90674092780003,3.9125915717550246,3.1496426215279964e+27
3331.4,10.906569766143503,3.9116750479241573,3.134712769890866e+27
3341.4,10.906399477787428,3.910762062476589,3.119898119269079e+27
3351.4,10.906230055595037,3.909852590450549,3.1051974399625927e+27
3361.4,10.906061492509526,3.908946607137972,3.09060951901377e+27
3371.4,10.905893781552914,3.908044088081141,3.076133159930484e+27
3381.4,10.905726915824928,3.907145009069393,3.0617671824146155e+27
3391.4,10.905560888501904,3.9062493461358643,3.047510422095808e+27
3401.4,10.905395692835713,3.9053570755543063,3.033361730270377e+27
3411.4,10.905231322152693,3.9044681738359364,3.019319973645239e+27
3421.4,10.905067769852614,3.9035826177263475,3.005384034086774e+27
3431.4,10.904905029407653,3.9027003842024683,2.991552808374493e+27
3441.4,10.904743094361379,3.901821450469564,2.9778252079594126e+27
3451.4,10.904581958327773,3.9009457939582948,2.9642001587270364e+27
3461.4,10.904421614990246,3.900073392321814,2.9506766007648314e+27
3471.4,10.90426205810069,3.8992042234329163,2.9372534881341165e+27
3481.4,10.904103281478525,3.898338265381222,2.9239297886462536e+27
3491.4,10.903945279009786,3.897475496470423,2.9107044836430573e+27
3501.4,10.903788044646202,3.896615895215551,2.897576567781322e+27
3511.4,10.903631572404306,3.8957594403403033,2.884545048821394e+27
3521.4,10.903475856364555,3.894906110774408,2.8716089474196803e+27
3531.4,10.903320890670459,3.8940558856510212,2.858767296925027e+27
3541.4,10.903166669527735,3.8932087443041765,2.846019143178877e+27
3551.4,10.903013187203467,3.892364666266268,2.8333635443191294e+27
3561.4,10.902860438025277,3.8915236312655677,2.8207995705876145e+27
3571.4,10.902708416380522,3.8906856192237917,2.8083263041411187e+27
3581.4,10.902557116715489,3.8898506102536925,2.795942838865879e+27
3591.4,10.902406533534615,3.889018584656695,2.7836482801954677e+27
3601.4,10.902256661399711,3.888189522920569,2.77144174493201e+27
3611.4,10.902107494929208,3.887363405717134,2.759322361070651e+27
3621.4,10.901959028797402,3.886540213899994,2.747289267627212e+27
3631.4,10.901811257733721,3.885719928502318,2.735341614468966e+27
3641.4,10.901664176522004,3.8849025307346476,2.7234785621484726e+27
3651.4,10.901517779999786,3.884088001982734,2.711699281740399e+27
3661.4,10.901372063057595,3.883276323805414,2.7000029546812774e+27
3671.4,10.901227020638267,3.8824674779325146,2.688388772612128e+27
3681.4,10.901082647736258,3.881661446262784,2.676855937223896e+27
3691.4,10.900938939396987,3.8808582108618666,2.6654036601056395e+27
3701.4,10.900795890716166,3.88005775396029,2.6540311625954145e+27
3711.4,10.900653496839164,3.8792600579515044,2.642737675633805e+27
3721.4,10.900511752960359,3.8784651053899233,2.631522439620035e+27
3731.4,10.900370654322515,3.8776728789890162,2.620384704270622e+27
3741.4,10.900230196216166,3.8768833616194183,2.60932372848051e+27
3751.4,10.900090373979001,3.8760965363070685,2.598338780186641e+27
3761.4,10.899951182995272,3.8753123862313767,2.5874291362339075e+27
3771.4,10.899812618695199,3.8745308947234207,2.576594082243444e+27
3781.4,10.89967467655439,3.8737520452641556,2.5658329124832106e+27
3791.4,10.899537352093274,3.8729758214826715,2.555144929740813e+27
3801.4,10.899400640876529,3.872202207154452,2.5445294451985376e+27
3811.4,10.899264538512533,3.871431186199677,2.533985778310524e+27
3821.4,10.899129040652818,3.8706627426815383,2.523513256682066e+27
3831.4,10.89899414299153,3.869896860804584,2.513111215950977e+27
3841.4,10.8988598412649,3.8691335249130883,2.5027789996709887e+27
3851.4,10.898726131250719,3.8683727194894346,2.4925159591971345e+27
3861.4,10.89859300876783,3.867614429152538,2.4823214535730964e+27
3871.4,10.89846046967562,3.866858638656271,2.472194849420453e+27
3881.4,10.898328509873512,3.86610533288793,2.462135520829813e+27
3891.4,10.898197125300486,3.8653544968667046,2.4521428492537806e+27
3901.4,10.898066311934592,3.8646061157421894,2.4422162234017338e+27
3911.4,10.897936065792466,3.8638601747928973,2.4323550391363623e+27
3921.4,10.897806382928868,3.863116659424802,2.422558699371947e+27
3931.4,10.897677259436215,3.862375555169906,2.4128266139743377e+27
3941.4,10.897548691444126,3.861636847684816,2.4031581996626005e+27
3951.4,10.897420675118973,3.8609005227493496,2.3935528799123027e+27
3961.4,10.897293206663436,3.860166566265153,2.3840100848604005e+27
3971.4,10.897166282316071,3.8594349642543464,2.3745292512117056e+27
3981.4,10.897039898350874,3.858705702858174,2.3651098221468916e+27
3991.4,10.896914051076863,3.8579787683356925,2.3557512472320214e+27
4001.4,10.896788736837653,3.8572541470624535,2.3464529823295556e+27
4011.4,10.896663952011053,3.8565318255292276,2.337214489510826e+27
4021.4,10.896539693008656,3.8558117903407325,2.3280352369699346e+27
4031.4,10.896415956275435,3.855094028214373,2.3189146989390602e+27
4041.4,10.896292738289356,3.8543785259790133,2.3098523556051427e+27
4051.4,10.896170035560987,3.853665270573762,2.300847693027919e+27
4061.4,10.896047844633113,3.852954249046756,2.2919002030592866e+27
4071.4,10.895926162080361,3.852245448553989,2.283009383263969e+27
4081.4,10.895804984508823,3.851538856358129,2.2741747368414598e+27
4091.4,10.895684308555698,3.850834459827374,2.2653957725492203e+27
4101.4,10.89556413088892,3.8501322464343044,2.256672004627112e+27
4111.4,10.89544444820681,3.8494322037547657,2.24800295272303e+27
4121.4,10.895325257237717,3.8487343194667534,2.2393881418197336e+27
4131.4,10.895206554739678,3.848038581349319,2.2308271021628333e+27
4141.4,10.89508833750007,3.847344977281496,2.2223193691899235e+27
4151.4,10.89497060233528,3.846653495241226,2.2138644834608386e+27
4161.4,10.894853346090361,3.8459641233043103,2.2054619905890116e+27
4171.4,10.89473656563872,3.8452768496433736,2.1971114411739132e+27
4181.4,10.894620257881781,3.844591662526836,2.1888123907345534e+27
4191.4,10.894504419748674,3.843908550317902,2.180564399644029e+27
4201.4,10.894389048195917,3.843227501473562,2.1723670330650922e+27
4211.4,10.894274140207106,3.8425485045436116,2.1642198608867275e+27
4221.4,10.89415969279261,3.8418715481696712,2.1561224576617155e+27
4231.4,10.89404570298927,3.841196621084231,2.1480744025451676e+27
4241.4,10.893932167860106,3.8405237121097087,2.1400752792340138e+27
4251.4,10.893819084494009,3.839852810157497,2.1321246759074247e+27
4261.4,10.893706450005467,3.839183904227059,2.1242221851681568e+27
4271.4,10.893594261534272,3.838516983405004,2.1163674039847964e+27
4281.4,10.893482516245239,3.8378520368641964,2.1085599336348934e+27
4291.4,10.89337121132793,3.8371890538628572,2.100799379648965e+27
4301.4,10.893260343996374,3.8365280237436914,2.0930853517553567e+27
4311.4,10.893149911488807,3.8358689359330267,2.0854174638259445e+27
4321.4,10.893039911067396,3.835211779939949,2.077795333822661e+27
4331.4,10.892930340017978,3.834556545355466,2.070218583744837e+27
4341.4,10.892821195649802,3.833903221851665,2.0626868395773365e+27
4351.4,10.89271247529527,3.833251799180893,2.0551997312394793e+27
4361.4,10.892604176309687,3.8326022671749507,2.0477568925347327e+27
4371.4,10.89249629607101,3.831954615744276,2.0403579611011576e+27
4381.4,10.8923888319796,3.8313088348771576,2.033002578362603e+27
4391.4,10.892281781457982,3.830664914638956,2.0256903894806254e+27
4401.4,10.8921751419506,3.8300228451713214,2.018421043307133e+27
4411.4,10.89206891092359,3.8293826166914364,2.0111941923377303e+27
4421.4,10.891963085864536,3.8287442194912558,2.004009492665761e+27
4431.4,10.891857664282242,3.828107643936767,1.9968666039370293e+27
4441.4,10.891752643706509,3.8274728804672478,1.9897651893051945e+27
4451.4,10.891648021687907,3.8268399195945455,1.982704915387822e+27
4461.4,10.891543795797551,3.826208751902352,1.975685452223085e+27
4471.4,10.891439963626889,3.825579368045502,1.9687064732271004e+27
4481.4,10.891336522787478,3.824951758749264,1.9617676551518923e+27
4491.4,10.891233470910775,3.8243259148086506,1.95486867804397e+27
4501.4,10.891130805647927,3.8237018270877394,1.948009225203512e+27
4511.4,10.891028524669562,3.8230794865189908,1.9411889831441456e+27
4521.4,10.890926625665582,3.822458884102582,1.9344076415533082e+27
4531.4,10.890825106344964,3.82184001090575,1.9276648932531883e+27
4541.4,10.890723964435558,3.821222858062136,1.92096043416223e+27
4551.4,10.89062319768389,3.820607416771143,1.9142939632571918e+27
4561.4,10.890522803854966,3.819993678297301,1.9076651825357573e+27
4571.4,10.890422780732079,3.819381633969637,1.9010737969796774e+27
4581.4,10.890323126116625,3.8187712751810547,1.8945195145184478e+27
4591.4,10.890223837827909,3.818162593387721,1.8880020459935032e+27
4601.4,10.890124913702959,3.817555580108453,1.8815211051229225e+27
4611.4,10.890026351596347,3.8169502269241304,1.8750764084666412e+27
4621.4,10.889928149380008,3.8163465254770923,1.868667675392155e+27
4631.4,10.88983030494306,3.8157444674705583,1.8622946280407118e+27
4641.4,10.889732816191625,3.815144044668048,1.855956991293984e+27
4651.4,10.889635681048663,3.814545248892808,1.8496544927412093e+27
4661.4,10.889538897453793,3.813948072027248,1.8433868626467976e+27
4671.4,10.889442463363125,3.8133525060123836,1.837153833918392e+27
4681.4,10.889346376749094,3.8127585428472823,1.830955142075381e+27
4691.4,10.889250635600293,3.812166174588518,1.8247905252178483e+27
4701.4,10.88915523792131,3.811575393349632,1.8186597239959615e+27
4711.4,10.889060181732566,3.8109861913006013,1.8125624815797833e+27
4721.4,10.888965465070154,3.8103985606673083,1.8064985436295082e+27
4731.4,10.888871085985686,3.809812493731025,1.8004676582661076e+27
4741.4,10.888777042546133,3.8092279828278914,1.794469576042387e+27
4751.4,10.888683332833672,3.808645020348414,1.7885040499144406e+27
4761.4,10.888589954945536,3.8080635987369567,1.7825708352135008e+27
4771.4,10.888496906993861,3.8074837104912476,1.7766696896181777e+27
4781.4,10.888404187105541,3.8069053481618824,1.7708003731270762e+27
4791.4,10.888311793422078,3.8063285043518427,1.7649626480317938e+27
4801.4,10.88821972409944,3.805753171716012,1.7591562788902854e+27
4811.4,10.888127977307915,3.8051793429607046,1.7533810325005918e+27
4821.4,10.888036551231977,3.804607010843191,1.7476366778749292e+27
4831.4,10.887945444070136,3.804036168171236,1.7419229862141275e+27
4841.4,10.887854654034806,3.8034668078026375,1.7362397308824205e+27
4851.4,10.88776417935217,3.8028989226447742,1.7305866873825733e+27
4861.4,10.887674018262041,3.8023325056541575,1.7249636333313498e+27
4871.4,10.887584169017734,3.80176754983598,1.719370348435309e+27
4881.4,10.887494629885927,3.801204048243686,1.7138066144669283e+27
4891.4,10.88740539914654,3.800641993978531,1.7082722152410478e+27
4901.4,10.887316475092598,3.8000813801891544,1.7027669365916312e+27
4911.4,10.887227856030115,3.799522200071155,1.6972905663488365e+27
4921.4,10.887139540277955,3.7989644468666652,1.6918428943163954e+27
4931.4,10.887051526167719,3.7984081138639487,1.68642371224929e+27
4941.4,10.886963812043616,3.797853194396974,1.681032813831733e+27
4951.4,10.886876396262348,3.7972996818450215,1.6756699946554352e+27
4961.4,10.886789277192982,3.7967475696322683,1.6703350521981616e+27
4971.4,10.88670245321684,3.796196851227404,1.665027785802575e+27
4981.4,10.886615922727376,3.795647520143227,1.6597479966553548e+27
4991.4,10.886529684130066,3.7950995699362635,1.6544954877665917e+27
5001.4,10.886443735842288,3.7945529942063763,1.6492700639494552e+27
