Time,Mass,Radius,Lx
23.0,10.922479985220718,5.59,1.3e+30
23.1,10.919689484937328,5.582154925748904,1.2752474159660922e+30
23.200000000000003,10.916960903423226,5.574447421126376,1.2510700187002163e+30
23.300000000000004,10.914292462656972,5.566874007770032,1.2274520488710872e+30
23.400000000000006,10.911682447970179,5.559431316811541,1.204378243952064e+30
23.500000000000007,10.909129205341028,5.552116084783975,1.1818338205272531e+30
23.60000000000001,10.906631138822512,5.544925149705485,1.159804457299554e+30
23.70000000000001,10.904186708097795,5.537855447330783,1.1382762787699839e+30
23.80000000000001,10.90179442615552,5.530904007562359,1.117235839559073e+30
23.900000000000013,10.899452857078357,5.524067951013692,1.0966701093425096e+30
24.000000000000014,10.897160613938508,5.517344485717258,1.0765664583745275e+30
24.100000000000016,10.894916356794294,5.510730903970462,1.0569126435737776e+30
24.200000000000017,10.892718790782258,5.504224579312934,1.0376967951476133e+30
24.30000000000002,10.890566664299625,5.497822963629063,1.0189074037318373e+30
24.40000000000002,10.88845876727221,5.4915235843698476,1.0005333080240303e+30
24.50000000000002,10.88639392950323,5.485324041888618,9.825636828895939e+29
24.600000000000023,10.884371019098666,5.479222006885227,9.64988027920604e+29
24.700000000000024,10.88238894096517,5.473215217953841,9.477961564284822e+29
24.800000000000026,10.880446635376677,5.467301479229504,9.309781848523675e+29
24.900000000000027,10.878543076606148,5.4614786581290184,9.145245225658937e+29
25.00000000000003,10.87667727161906,5.455744683181838,8.9842586206586e+29
25.10000000000003,10.874848258825475,5.450097541946949,8.826731695270362e+29
25.20000000000003,10.873055106887676,5.444535279011857,8.672576757080504e+29
25.300000000000033,10.871296913580556,5.439055994070017,8.521708671939781e+29
25.400000000000034,10.869572804702093,5.433657840073252,8.37404477961903e+29
25.500000000000036,10.867881933031393,5.428339021455802,8.229504812563264e+29
25.600000000000037,10.866223477331944,5.423097792426921,8.088010817618802e+29
25.70000000000004,10.864596641397819,5.417932455328962,7.949487080613647e+29
25.80000000000004,10.863000653140734,5.412841359058136,7.813860053676446e+29
25.90000000000004,10.861434763715952,5.407822897545241,7.68105828518451e+29
26.000000000000043,10.85989824668515,5.402875508293755,7.551012352236112e+29
26.100000000000044,10.858390397214462,5.397997670972872,7.423654795546813e+29
26.200000000000045,10.856910531306006,5.393187906063087,7.298920056673982e+29
26.300000000000047,10.855457985061305,5.3884447735521785,7.176744417477727e+29
26.40000000000005,10.854032113975082,5.383766871679383,7.057065941730487e+29
26.50000000000005,10.852632292258003,5.379152835725804,6.939824418791223e+29
26.60000000000005,10.85125791218701,5.374601336849084,6.824961309263782e+29
26.700000000000053,10.849908383481967,5.370111080960531,6.712419692562433e+29
26.800000000000054,10.848583132707383,5.36568080764293,6.602144216310775e+29
26.900000000000055,10.847281602698073,5.361309289107345,6.494081047503424e+29
27.000000000000057,10.846003252007677,5.356995329187384,6.388177825362774e+29
27.10000000000006,10.84474755437895,5.352737762369321,6.284383615826022e+29
27.20000000000006,10.8435139982349,5.348535452856673,6.1826488676003266e+29
27.30000000000006,10.842302086189791,5.344387293667827,6.082925369726546e+29
27.400000000000063,10.841111334579141,5.3402922057654045,5.9851662105945e+29
27.500000000000064,10.839941273007879,5.33624913721607,5.88932573835504e+29
27.600000000000065,10.838791443915847,5.332257062379606,5.795359522676454e+29
27.700000000000067,10.837661402159888,5.328314981126066,5.7032243177949045e+29
27.800000000000068,10.836550714611805,5.324421918079937,5.612878026810644e+29
27.90000000000007,10.835458959771488,5.320576921890217,5.524279667183711e+29
28.00000000000007,10.834385727394569,5.316779064525426,5.437389337384708e+29
28.100000000000072,10.833330618133967,5.313027440592566,5.3521681846580304e+29
28.200000000000074,10.832293243194753,5.309321166679127,5.268578373856659e+29
28.300000000000075,10.831273224001732,5.305659380717209,5.18658305730925e+29
28.400000000000077,10.830270191879253,5.302041241368988,5.106146345681845e+29
28.500000000000078,10.829283787742689,5.298465927432633,5.027233279798007e+29
28.60000000000008,10.828313661801136,5.294932637267962,4.9498098033826454e+29
28.70000000000008,10.82735947327084,5.291440588241064,4.873842736696151e+29
28.800000000000082,10.826420890098918,5.287989016187163,4.7992997510267955e+29
28.900000000000084,10.825497588696955,5.284577174891087,4.726149344010585e+29
29.000000000000085,10.824589253684069,5.281204335584643,4.6543608157490084e+29
29.100000000000087,10.82369557763906,5.277869786460295,4.5839042456962184e+29
29.200000000000088,10.822816260861275,5.2745728322005405,4.514750470288339e+29
29.30000000000009,10.821951011139832,5.271312793522408,4.446871061288627e+29
29.40000000000009,10.821099543530892,5.268089006736519,4.3802383048232406e+29
29.500000000000092,10.820261580142624,5.264900823320206,4.3148251810833335e+29
29.600000000000094,10.819436849927598,5.261747609504146,4.2506053446701296e+29
29.700000000000095,10.818625088482273,5.258628745872053,4.187553105560535e+29
29.800000000000097,10.817826037853335,5.255543626972936,4.1256434106716715e+29
29.900000000000098,10.817039446350599,5.2524916609454975,4.064851826003586e+29
30.0000000000001,10.81626506836623,5.249472269154221,4.0051545193401116e+29
30.1000000000001,10.815502664200034,5.2464848858367485,3.94652824348869e+29
30.200000000000102,10.81475199989059,5.243528957762143,3.888950320040601e+29
30.300000000000104,10.81401284705199,5.24060394389965,3.832398623633823e+29
30.400000000000105,10.813284982715995,5.237709315097607,3.7768515667013476e+29
30.500000000000107,10.812568189179379,5.2348445537721355,3.7222880846884595e+29
30.600000000000108,10.811862253856274,5.232009153605267,3.668687621723067e+29
30.70000000000011,10.811166969135344,5.22920261925222,3.616030116723792e+29
30.80000000000011,10.810482132241576,5.226424466057445,3.564295989931064e+29
30.900000000000112,10.809807545102547,5.223674219779207,3.513466129847021e+29
31.000000000000114,10.809143014218991,5.220951416322384,3.463521880570546e+29
31.100000000000115,10.808488350539498,5.2182556014791786,3.414445029514244e+29
31.200000000000117,10.807843369339215,5.215586330677536,3.3662177954906755e+29
31.300000000000118,10.807207890102381,5.212943168736944,3.318822817155595e+29
31.40000000000012,10.806581736408576,5.2103256896314285,3.27224314179641e+29
31.50000000000012,10.805964735822537,5.2077334762594445,3.226462214454486e+29
31.600000000000122,10.805356719787417,5.205166120220484,3.181463867370334e+29
31.700000000000124,10.80475752352137,5.202623221598152,3.1372323097411212e+29
31.800000000000125,10.804166985917343,5.200104388749514,3.0937521177803094e+29
31.900000000000126,10.803584949445938,5.197609238100476,3.0510082250695967e+29
32.00000000000013,10.803011260061279,5.195137393947055,3.008985913193684e+29
32.10000000000013,10.802445767109743,5.192688488262295,2.967670802648728e+29
32.20000000000013,10.80188832324147,5.19026216050868,2.927048844015658e+29
32.30000000000013,10.80133878432455,5.1878580574558395,2.887106309389852e+29
32.400000000000134,10.8007970093618,5.185475833003419,2.847829784058959e+29
32.500000000000135,10.800262860410042,5.183115148008897,2.8092061584209465e+29
32.600000000000136,10.799736202501787,5.1807756701202194,2.7712226201347297e+29
32.70000000000014,10.799216903569253,5.178457073613113,2.7338666464959975e+29
32.80000000000014,10.798704834370632,5.176159039232895,2.697125997031113e+29
32.90000000000014,10.798199868418541,5.173881254040672,2.6609887063022138e+29
33.00000000000014,10.797701881910557,5.171623411263743,2.6254430769168613e+29
33.10000000000014,10.797210753661801,5.169385210150141,2.5904776727358407e+29
33.200000000000145,10.79672636503948,5.167166355827135,2.556081312272905e+29
33.300000000000146,10.796248599899315,5.164966559163563,2.5222430622804853e+29
33.40000000000015,10.79577734452383,5.162785536635933,2.4889522315155983e+29
33.50000000000015,10.79531248756239,5.160623010198113,2.4561983646803512e+29
33.60000000000015,10.794853919972972,5.158478707154541,2.423971236531668e+29
33.70000000000015,10.794401534965594,5.156352360036832,2.392260846155017e+29
33.80000000000015,10.793955227947345,5.1542437064836815,2.3610574113971066e+29
33.900000000000155,10.793514896468974,5.152152489123958,2.330351363452682e+29
34.000000000000156,10.793080440172986,5.150078455462907,2.3001333416007166e+29
34.10000000000016,10.792651760743187,5.148021357771341,2.2703941880854615e+29
34.20000000000016,10.792228761855649,5.145980952977775,2.241124943137937e+29
34.30000000000016,10.791811349131027,5.143957002563363,2.212316840133641e+29
34.40000000000016,10.79139943008821,5.141949272459595,2.183961300882343e+29
34.50000000000016,10.790992914099244,5.1399575329486495,2.156049931046002e+29
34.600000000000165,10.790591712345494,5.137981558566341,2.128574515680966e+29
34.700000000000166,10.790195737775012,5.136021128007547,2.101527014900721e+29
34.80000000000017,10.789804905061063,5.134076024034117,2.074899559655616e+29
34.90000000000017,10.789419130561784,5.132146033385108,2.0486844476260637e+29
35.00000000000017,10.78903833228093,5.130230946689325,2.0228741392258683e+29
35.10000000000017,10.788662429829671,5.128330558380084,1.9974612537124098e+29
35.20000000000017,10.788291344389439,5.126444666612162,1.9724385654005453e+29
35.300000000000175,10.78792499867574,5.124573073180814,1.947798999977169e+29
35.400000000000176,10.787563316902952,5.122715583442863,1.923535630913485e+29
35.50000000000018,10.787206224750049,5.1208720062397495,1.8996416759721296e+29
35.60000000000018,10.786853649327231,5.1190421538225195,1.8761104938063863e+29
35.70000000000018,10.786505519143432,5.117225841778677,1.852935580648803e+29
35.80000000000018,10.786161764074693,5.115422888960864,1.8301105670866325e+29
35.90000000000018,10.785822315333345,5.113633117417296,1.8076292149215757e+29
36.000000000000185,10.785487105438005,5.111856352323925,1.7854854141114013e+29
36.100000000000186,10.785156068184353,5.1100924219182655,1.7636731797910845e+29
36.20000000000019,10.784829138616656,5.108341157434845,1.742186649371188e+29
36.30000000000019,10.784506253000034,5.106602393042232,1.7210200797112718e+29
36.40000000000019,10.784187348793433,5.104875965781597,1.7001678443661947e+29
36.50000000000019,10.783872364623294,5.103161715506776,1.6796244309032354e+29
36.60000000000019,10.783561240257887,5.101459484825752,1.6593844382880184e+29
36.700000000000195,10.783253916582305,5.099769119043598,1.639442574337305e+29
36.800000000000196,10.78295033557408,5.098090466106734,1.6197936532367596e+29
36.9000000000002,10.782650440279426,5.096423376548564,1.600432593121863e+29
37.0000000000002,10.78235417479007,5.094767703436402,1.5813544137202013e+29
37.1000000000002,10.782061484220666,5.093123302319629,1.5625542340534127e+29
37.2000000000002,10.781772314686771,5.09149003117912,1.5440272701971278e+29
37.3000000000002,10.781486613283375,5.089867750377849,1.525768833097287e+29
37.400000000000205,10.781204328063954,5.088256322612655,1.5077743264412714e+29
37.500000000000206,10.780925408020043,5.086655612867149,1.4900392445823306e+29
37.60000000000021,10.780649803061317,5.085065488365716,1.4725591705158318e+29
37.70000000000021,10.780377463996153,5.083485818528592,1.4553297739059074e+29
37.80000000000021,10.780108342512671,5.081916474927991,1.4383468091611125e+29
37.90000000000021,10.77984239116023,5.080357331245232,1.4216061135577536e+29
38.00000000000021,10.779579563331389,5.078808263228895,1.405103605409581e+29
38.100000000000215,10.779319813244284,5.0772691486538895,1.3888352822825872e+29
38.200000000000216,10.779063095925444,5.0757398672815,1.3727972192536795e+29
38.30000000000022,10.778809367193016,5.074220300820341,1.3569855672120395e+29
38.40000000000022,10.778558583640388,5.0727103328881835,1.3413965512020178e+29
38.50000000000022,10.778310702620203,5.071209848974668,1.3260264688064378e+29
38.60000000000022,10.778065682228762,5.06971873640486,1.3108716885692269e+29
38.70000000000022,10.777823481290788,5.068236884303629,1.2959286484563163e+29
38.800000000000225,10.777584059344548,5.066764183560817,1.2811938543537882e+29
38.900000000000226,10.777347376627333,5.06530052679721,1.2666638786022706e+29
39.00000000000023,10.777113394061276,5.0638458083312665,1.2523353585666222e+29
39.10000000000023,10.776882073239499,5.062399924146565,1.2382049952399632e+29
39.20000000000023,10.776653376412584,5.060962771860015,1.2242695518811458e+29
39.30000000000023,10.77642726647536,5.059534250690738,1.2105258526847795e+29
40.30000000000023,10.774300718242305,5.0457026645863525,1.0829771723569626e+29
41.30000000000023,10.77239636576842,5.0326341377157435,9.715156968015083e+28
42.30000000000023,10.770685963143196,5.020250129095947,8.737936953587778e+28
43.30000000000023,10.769139173863755,5.008468705881609,8.10074609353995e+28
44.30000000000023,10.767651460900305,4.99704337469964,8.021604503724955e+28
45.30000000000023,10.766188561674937,4.9858866012880885,7.944977159597253e+28
46.30000000000023,10.764749536158888,4.974986268557292,7.870731276368148e+28
47.30000000000023,10.763333499300648,4.964331054688715,7.798743757570443e+28
48.30000000000023,10.76193961672403,4.95391036534719,7.72890030108214e+28
49.30000000000023,10.7605671008444,4.94371427294444,7.661094604200256e+28
50.30000000000023,10.75921520735485,4.933733462093458,7.595227655028849e+28
51.30000000000023,10.757883232040443,4.92395918051305,7.531207099300512e+28
52.30000000000023,10.756570507884131,4.914383194743151,7.468946673305094e+28
53.30000000000023,10.755276402432619,4.9049977501171895,7.408365694906661e+28
54.30000000000023,10.754000315394414,4.895795534510676,7.349388605732938e+28
55.30000000000023,10.7527416764457,4.886769645447231,7.291944558555591e+28
56.30000000000023,10.751499943222658,4.877913560196438,7.23596704467324e+28
57.30000000000023,10.75027459948138,4.8692211085434725,7.181393556785298e+28
58.30000000000023,10.74906515340869,4.860686447949559,7.1281652834226065e+28
59.30000000000023,10.747871136069183,4.852304040856284,7.07622683149625e+28
60.30000000000023,10.746692099975338,4.844068633915827,7.02552597395163e+28
61.30000000000023,10.745527617769135,4.835975238954737,6.97601341988187e+28
62.30000000000023,10.744377281004775,4.828019115500747,6.927642604771618e+28
63.30000000000023,10.743240699023278,4.820195754721434,6.8803694988169825e+28
64.30000000000024,10.742117497910684,4.812500864640283,6.834152431505767e+28
65.30000000000024,10.741007319532443,4.804930356510356,6.788951930849723e+28
66.30000000000024,10.739909820637362,4.797480332238709,6.744730575841549e+28
67.30000000000024,10.738824672025105,4.7901470727659685,6.70145286086765e+28
68.30000000000024,10.737751557771896,4.782927027315506,6.65908507094629e+28
69.30000000000024,10.736690174509533,4.775816803435408,6.617595166782465e+28
70.30000000000024,10.73564023075336,4.768813157764216,6.576952678737915e+28
71.30000000000024,10.734601446275205,4.761912987458397,6.537128608908958e+28
72.30000000000024,10.733573551517702,4.7551133222254975,6.49809534058822e+28
73.30000000000024,10.732556287046732,4.748411316912465,6.459826554459927e+28
74.30000000000024,10.731549403039002,4.741804244603436,6.422297150943756e+28
75.30000000000024,10.7305526588021,4.7352894901856315,6.385483178160182e+28
76.30000000000024,10.729565822324526,4.728864544345813,6.34936176504178e+28
77.30000000000024,10.728588669853488,4.722526997963277,6.313911059160802e+28
78.30000000000024,10.727620985498412,4.716274536868427,6.279110168884314e+28
79.30000000000024,10.72666256085827,4.710104936938713,6.24493910950469e+28
80.30000000000024,10.725713194671041,4.704016059506291,6.21137875302599e+28
81.30000000000024,10.724772692483727,4.698005847053965,6.1784107813160555e+28
82.30000000000024,10.72384086634146,4.692072319177994,6.146017642360415e+28
83.30000000000024,10.722917534494407,4.686213568798188,6.114182509377757e+28
84.30000000000024,10.722002521121237,4.680427758597393,6.082889242577934e+28
85.30000000000024,10.72109565606803,4.674713117673907,6.052122353362627e+28
86.30000000000024,10.720196774601607,4.669067938391782,6.021866970786073e+28
87.30000000000024,10.719305717176306,4.663490573415129,5.992108810108824e+28
88.30000000000024,10.718422329213347,4.657979432913745,5.962834143291625e+28
89.30000000000024,10.717546460891963,4.652532981928305,5.93402977128928e+28
90.30000000000024,10.716677966951549,4.647149737884367,5.905682998015891e+28
91.30000000000024,10.715816706504118,4.641828268245176,5.877781605863404e+28
92.30000000000024,10.714962542856444,4.636567188294164,5.850313832664924e+28
93.30000000000024,10.71411534334128,4.631365159038598,5.8232683500028866e+28
94.30000000000024,10.71327497915709,4.6262208852265605,5.796634242770139e+28
95.30000000000024,10.712441325215785,4.621133113469981,5.770400989899111e+28
96.30000000000024,10.711614259997999,4.616100630467039,5.744558446180868e+28
97.30000000000024,10.71079366541543,4.611122261317647,5.719096825101788e+28
98.30000000000024,10.709979426679851,4.60619686792629,5.694006682631122e+28
99.30000000000024,10.709171432178403,4.601323347486812,5.669278901897668e+28
100.30000000000024,10.708369573354798,4.5965006310441865,5.6449046786984055e+28
101.30000000000024,10.707573744596104,4.591727682128621,5.620875507786129e+28
102.30000000000024,10.706783843124798,4.587003495457683,5.597183169886971e+28
103.30000000000024,10.705999768895788,4.582327095702446,5.573819719402276e+28
104.30000000000024,10.705221424498136,4.577697536313888,5.550777472752484e+28
105.30000000000024,10.704448715061215,4.573113898406065,5.528048997323751e+28
106.30000000000024,10.703681548165072,4.568575289692795,5.505627100980718e+28
107.30000000000024,10.702919833754759,4.564080843474818,5.483504822111426e+28
108.30000000000024,10.702163484058428,4.55962971767457,5.4616754201726975e+28
109.30000000000024,10.701412413508994,4.555221093915968,5.440132366706453e+28
110.30000000000024,10.700666538669172,4.550854176646627,5.4188693367994575e+28
111.30000000000024,10.699925778159713,4.5465281923002685,5.397880200960784e+28
112.30000000000024,10.699190052590689,4.54224238849709,5.377159017393054e+28
113.30000000000024,10.698459284495652,4.53799603328008,5.356700024635007e+28
114.30000000000024,10.69773339826854,4.53378841438534,5.336497634554492e+28
115.30000000000024,10.697012320103177,4.529618838544618,5.316546425672269e+28
116.30000000000024,10.696295977935254,4.525486630818378,5.296841136798301e+28
117.30000000000024,10.695584301386653,4.521391133957806,5.277376660963341e+28
118.30000000000024,10.69487722171202,4.517331707794274,5.258148039629755e+28
119.30000000000024,10.694174671747449,4.513307728654837,5.239150457166469e+28
120.30000000000024,10.69347658586122,4.50931858880247,5.220379235573905e+28
121.30000000000024,10.692782899906437,4.505363695899786,5.201829829445614e+28
122.30000000000024,10.69209355117553,4.501442472495057,5.183497821154129e+28
123.30000000000024,10.691408478356502,4.4975543555294735,5.165378916249331e+28
124.30000000000024,10.690727621490847,4.4936987958645425,5.147468939058307e+28
125.30000000000024,10.690050921933068,4.489875257828699,5.129763828476312e+28
126.30000000000024,10.689378322311718,4.486083218782177,5.1122596339391165e+28
127.30000000000024,10.688709766491892,4.482322168699261,5.094952511567545e+28
128.30000000000024,10.68804519953911,4.478591609767111,5.077838720475544e+28
129.30000000000024,10.68738456768453,4.474891056000372,5.060914619233648e+28
130.30000000000024,10.686727818291427,4.47122003287082,5.04417666248014e+28
131.30000000000024,10.686074899822884,4.467578076951371,5.0276213976726805e+28
132.30000000000024,10.685425761810645,4.463964735573754,5.0112454619735365e+28
133.30000000000024,10.684780354825078,4.460379566499268,4.995045579261974e+28
134.30000000000024,10.684138630446197,4.456822137601987,4.979018557267701e+28
135.30000000000024,10.683500541235714,4.453292026563902,4.963161284819597e+28
136.30000000000024,10.682866040710044,4.449788820581396,4.947470729204282e+28
137.30000000000024,10.682235083314264,4.446312116082629,4.931943933629374e+28
138.30000000000024,10.681607624396955,4.442861518455292,4.916578014786544e+28
139.30000000000024,10.680983620185907,4.439436641784312,4.901370160509765e+28
140.30000000000024,10.680363027764642,4.436037108599038,4.886317627524382e+28
141.30000000000024,10.679745805049732,4.432662549629573,4.871417739282852e+28
142.30000000000024,10.67913191076887,4.429312603571747,4.856667883883243e+28
143.30000000000024,10.678521304439665,4.425986916860483,4.842065512066763e+28
144.30000000000024,10.677913946349145,4.4226851434511225,4.827608135290786e+28
145.30000000000024,10.67730979753392,4.419406944608405,4.813293323874047e+28
146.30000000000024,10.676708819760993,4.416151988702774,4.799118705210796e+28
147.30000000000024,10.676110975509188,4.4129199510137305,4.785081962050933e+28
148.30000000000024,10.675516227951176,4.409710513539904,4.771180830843221e+28
149.30000000000024,10.674924540936074,4.406523364815616,4.75741310013888e+28
150.30000000000024,10.67433587897258,4.403358199733606,4.7437766090529685e+28
151.30000000000024,10.673750207212656,4.400214719373759,4.7302692457810845e+28
152.30000000000024,10.673167491435711,4.397092630837513,4.716888946169047e+28
153.30000000000024,10.672587698033274,4.393991647087783,4.703633692333348e+28
154.30000000000024,10.672010793994133,4.3909114867941295,4.690501511330231e+28
155.30000000000024,10.671436746889944,4.387851874183022,4.677490473871395e+28
156.30000000000024,10.670865524861258,4.3848125388929375,4.664598693084399e+28
157.30000000000024,10.670297096603987,4.381793215834181,4.6518243233159385e+28
158.30000000000024,10.669731431356263,4.378793645053161,4.639165558976236e+28
159.30000000000024,10.669168498885696,4.375813571601031,4.626620633422905e+28
160.30000000000024,10.668608269477007,4.372852745406474,4.614187817882684e+28
161.30000000000024,10.668050713920023,4.369910921152503,4.601865420409536e+28
162.30000000000024,10.667495803498026,4.366987858157101,4.589651784877659e+28
163.30000000000024,10.666943509976445,4.364083320257612,4.5775452900080635e+28
164.30000000000024,10.666393805591861,4.3611970756986596,4.5655443484273444e+28
165.30000000000024,10.665846663041341,4.35832889702354,4.553647405757452e+28
166.30000000000024,10.665302055472074,4.355478560968933,4.541852939735224e+28
167.30000000000024,10.664759956471293,4.352645848362792,4.53015945936054e+28
168.30000000000024,10.664220340056493,4.34983054402533,4.518565504072017e+28
169.30000000000024,10.663683180665911,4.3470324366729685,4.50706964294918e+28
170.30000000000024,10.663148453149285,4.344251318825162,4.495670473940115e+28
171.30000000000024,10.662616132758853,4.341486986713964,4.484366623113651e+28
172.30000000000024,10.662086195140617,4.3387392401962925,4.47315674393514e+28
173.30000000000024,10.661558616325834,4.336007882668728,4.462039516564975e+28
174.30000000000024,10.661033372722741,4.333292720984819,4.451013647178993e+28
175.30000000000024,10.660510441108508,4.3305935653747785,4.44007786730996e+28
176.30000000000024,10.659989798621407,4.327910229367492,4.42923093320938e+28
177.30000000000024,10.65947142275318,4.3252425297147505,4.4184716252288745e+28
178.30000000000024,10.65895529134163,4.322590286317659,4.407798747220432e+28
179.30000000000024,10.658441382563394,4.31995332215512,4.397211125954852e+28
180.30000000000024,10.657929674926903,4.317331463214323,4.386707610557732e+28
181.30000000000024,10.657420147265539,4.314724538423191,4.376287071962371e+28
182.30000000000024,10.656912778730959,4.312132379584707,4.3659484023789935e+28
183.30000000000024,10.656407548786603,4.309554821313064,4.355690514779726e+28
184.30000000000024,10.65590443720136,4.306991700971562,4.34551234239877e+28
185.30000000000024,10.655403424043389,4.304442858612209,4.335412838247241e+28
186.30000000000024,10.654904489674124,4.301908136916979,4.325390974642175e+28
187.30000000000024,10.654407614742402,4.299387381140656,4.315445742749202e+28
188.30000000000024,10.653912780178757,4.296880439055213,4.305576152138442e+28
189.30000000000024,10.653419967189846,4.2943871608956865,4.2957812303531455e+28
190.30000000000024,10.652929157253023,4.2919073993074965,4.286060022490668e+28
191.30000000000024,10.652440332111043,4.289441009295168,4.27641159079535e+28
192.30000000000024,10.651953473766895,4.286987848172397,4.266835014262922e+28
193.30000000000024,10.651468564478767,4.284547775513433,4.257329388256025e+28
194.30000000000024,10.650985586755128,4.2821206531057285,4.247893824130502e+28
195.30000000000024,10.650504523349937,4.279706344903826,4.238527448872086e+28
196.30000000000024,10.650025357257958,4.27730471698443,4.229229404743163e+28
197.30000000000024,10.649548071710196,4.274915637502637,4.21999884893926e+28
198.30000000000024,10.649072650169439,4.272538976649283,4.2108349532549665e+28
199.30000000000024,10.648599076325905,4.270174606609389,4.20173690375895e+28
200.30000000000024,10.648127334092994,4.267822401521637,4.192703900477819e+28
201.30000000000024,10.647657407603141,4.265482237438892,4.1837351570885075e+28
202.30000000000024,10.647189281203762,4.263153992289699,4.174829900618938e+28
203.30000000000024,10.646722939453298,4.2608375458407455,4.165987371156684e+28
204.30000000000024,10.646258367117351,4.2585327796602535,4.157206821565391e+28
205.30000000000024,10.64579554916491,4.256239577082287,4.14848751720871e+28
206.30000000000024,10.645334470764658,4.253957823171914,4.1398287356815e+28
207.30000000000024,10.64487511728137,4.251687404691259,4.131229766548092e+28
208.30000000000024,10.644417474272391,4.249428210066336,4.122689911087373e+28
209.30000000000024,10.643961527484196,4.247180129354726,4.114208482044503e+28
210.30000000000024,10.643507262849019,4.244943054214012,4.105784803389045e+28
211.30000000000024,10.64305466648157,4.242716877870979,4.097418210079325e+28
212.30000000000024,10.642603724675814,4.240501495091542,4.089108047832816e+28
213.30000000000024,10.642154423901829,4.238296802151402,4.080853672902393e+28
214.30000000000024,10.641706750802735,4.2361026968073965,4.072654451858243e+28
215.30000000000024,10.64126069219168,4.233919078269507,4.064509761375305e+28
216.30000000000024,10.640816235048908,4.23174584717354,4.056418988026034e+28
217.30000000000024,10.640373366518867,4.229582905554443,4.048381528078361e+28
218.30000000000024,10.639932073907415,4.227430156820237,4.040396787298691e+28
219.30000000000024,10.639492344679052,4.225287505726555,4.0324641807597594e+28
220.30000000000024,10.63905416645423,4.22315485835176,4.02458313265327e+28
221.30000000000024,10.638617527006716,4.221032122072645,4.016753076107095e+28
222.30000000000024,10.638182414261012,4.218919205540673,4.008973453006978e+28
223.30000000000024,10.637748816289832,4.216816018658774,4.0012437138225615e+28
224.30000000000024,10.63731672131163,4.214722472558651,3.993563317437634e+28
225.30000000000024,10.636886117688173,4.212638479578605,3.9859317309844795e+28
226.30000000000024,10.636456993922181,4.210563953241856,3.978348429682198e+28
227.30000000000024,10.636029338655003,4.208498808235345,3.9708128966788975e+28
228.30000000000024,10.635603140664344,4.206442960389008,3.96332462289765e+28
229.30000000000024,10.635178388862043,4.204396326655514,3.9558831068860887e+28
230.30000000000024,10.634755072291892,4.2023588250904345,3.9484878546695614e+28
231.30000000000024,10.634333180127506,4.200330374832874,3.94113837960774e+28
232.30000000000024,10.633912701670228,4.198310896086494,3.9338342022545757e+28
233.30000000000024,10.633493626347082,4.196300310100961,3.926574850221527e+28
234.30000000000024,10.633075943708768,4.194298539153804,3.9193598580439563e+28
235.30000000000024,10.632659643427694,4.19230550653266,3.9121887670506153e+28
236.30000000000024,10.63224471529605,4.190321136517886,3.905061125236132e+28
237.30000000000024,10.631831149223922,4.188345354365563,3.89797648713642e+28
238.30000000000024,10.631418935237436,4.186378086290842,3.89093441370693e+28
239.30000000000024,10.63100806347695,4.184419259451668,3.8839344722036666e+28
240.30000000000024,10.63059852419527,4.182468801932814,3.8769762360668975e+28
241.30000000000024,10.630190307755914,4.180526642730289,3.8700592848074847e+28
242.30000000000024,10.629783404631395,4.178592711736032,3.8631832038957595e+28
243.30000000000024,10.629377805401552,4.17666693972296,3.856347584652888e+28
244.30000000000024,10.628973500751902,4.1747492583303085,3.8495520241446528e+28
245.30000000000024,10.628570481472032,4.1728396000492705,3.842796125077582e+28
246.30000000000024,10.628168738454015,4.170937898208951,3.83607949569738e+28
247.30000000000024,10.62776826269086,4.169044086962577,3.829401749689585e+28
248.30000000000024,10.627369045275,4.167158101274038,3.822762506082404e+28
249.30000000000024,10.626971077396783,4.1652798769046395,3.816161389151664e+28
250.30000000000024,10.626574350343029,4.1634093504001815,3.8095980283278336e+28
251.30000000000024,10.626178855495578,4.161546459078261,3.803072058105046e+28
252.30000000000024,10.62578458432989,4.159691141015845,3.7965831179520943e+28
253.30000000000024,10.62539152841366,4.1578433350370805,3.7901308522253242e+28
254.30000000000024,10.62499967940546,4.15600298070137,3.7837149100834015e+28
255.30000000000024,10.62460902905341,4.15417001829165,3.7773349454038835e+28
256.30000000000024,10.624219569193869,4.152344388802941,3.770990616701567e+28
257.30000000000024,10.623831291750156,4.15052603393109,3.7646815870485575e+28
258.30000000000024,10.623444188731284,4.1487148960617475,3.7584075239960237e+28
259.30000000000024,10.623058252230733,4.146910918259563,3.752168099497589e+28
260.30000000000024,10.622673474425227,4.145114044257583,3.7459629898343254e+28
261.30000000000024,10.62228984757355,4.14332421844686,3.7397918755413077e+28
262.30000000000024,10.62190736401537,4.141541385866261,3.7336544413356874e+28
263.30000000000024,10.621526016170092,4.1397654921924705,3.727550376046254e+28
264.30000000000024,10.621145796535735,4.1379964837301895,3.7214793725444444e+28
265.30000000000024,10.620766697687817,4.136234307402519,3.7154411276767655e+28
266.30000000000024,10.620388712278265,4.134478910741521,3.709435342198595e+28
267.30000000000024,10.620011833034352,4.132730241878964,3.7034617207093325e+28
268.30000000000024,10.619636052757645,4.130988249537254,3.697519971588861e+28
269.30000000000024,10.61926136432297,4.129252883020513,3.6916098069352883e+28
270.30000000000024,10.618887760677403,4.127524092205844,3.6857309425039494e+28
271.30000000000024,10.618515234839267,4.125801827534742,3.6798830976476205e+28
272.30000000000024,10.618143779897162,4.124086040004693,3.674065995257934e+28
273.30000000000024,10.617773389008997,4.122376681160896,3.6682793617079575e+28
274.30000000000024,10.61740405540105,4.120673703088156,3.6625229267959034e+28
275.30000000000024,10.61703577236703,4.118977058402924,3.6567964236899636e+28
276.30000000000024,10.616668533267177,4.117286700245484,3.651099588874215e+28
277.30000000000024,10.616302331527354,4.115602582272278,3.645432162095596e+28
278.30000000000024,10.61593716063817,4.113924658648372,3.6397938863119148e+28
279.30000000000024,10.615573014154114,4.112252884040065,3.6341845076408653e+28
280.30000000000024,10.615209885692698,4.11058721360762,3.6286037753100405e+28
281.30000000000024,10.614847768933624,4.10892760299814,3.6230514416079045e+28
282.30000000000024,10.614486657617956,4.107274008338558,3.6175272618357105e+28
283.30000000000024,10.614126545547315,4.105626386228762,3.6120309942603446e+28
284.30000000000024,10.613767426583076,4.1039846937348425,3.606562400068066e+28
285.30000000000024,10.613409294645589,4.102348888382444,3.6011212433191323e+28
286.30000000000024,10.613052143713409,4.100718928150267,3.595707290903283e+28
287.30000000000024,10.612695967822534,4.099094771463644,3.5903203124960694e+28
288.30000000000024,10.612340761065665,4.097476377188265,3.5849600805160046e+28
289.30000000000024,10.61198651759147,4.0958637046239845,3.5796263700825183e+28
290.30000000000024,10.611633231603863,4.094256713498758,3.5743189589747025e+28
291.30000000000024,10.611280897361295,4.0926553639626695,3.5690376275908234e+28
292.30000000000024,10.61092950917606,4.091059616582072,3.5637821589085847e+28
293.30000000000024,10.610579061413599,4.089469432333815,3.5585523384461346e+28
294.30000000000024,10.610229548491835,4.0878847725995975,3.5533479542237837e+28
295.30000000000024,10.609880964880501,4.086305599160382,3.5481687967264356e+28
296.30000000000024,10.609533305100491,4.084731874190944,3.5430146588666996e+28
297.30000000000024,10.609186563723215,4.083163560254482,3.5378853359486845e+28
298.30000000000024,10.608840735369963,4.081600620297332,3.5327806256324465e+28
299.30000000000024,10.608495814711283,4.080043017643767,3.527700327899087e+28
300.30000000000024,10.60815179646637,4.078490715990899,3.5226442450164767e+28
301.30000000000024,10.60780867540246,4.07694367940365,3.5176121815056057e+28
302.30000000000024,10.607466446334236,4.075401872309806,3.5126039441075328e+28
303.30000000000024,10.607125104123243,4.073865259495172,3.5076193417509268e+28
304.30000000000024,10.606784643677313,4.072333806098785,3.50265818552019e+28
305.30000000000024,10.606445059949996,4.0708074776082235,3.497720288624152e+28
306.30000000000024,10.606106347940003,4.06928623985499,3.49280546636531e+28
307.30000000000024,10.605768502690655,4.067770059009959,3.4879135361096235e+28
308.30000000000024,10.605431519289345,4.066258901578921,3.4830443172568337e+28
309.30000000000024,10.605095392867003,4.064752734398178,3.478197631211308e+28
310.30000000000024,10.604760118597572,4.063251524630225,3.4733733013533963e+28
311.30000000000024,10.604425691697486,4.0617552397594885,3.4685711530112823e+28
312.30000000000024,10.604092107425174,4.0602638475881605,3.463791013433332e+28
313.30000000000024,10.603759361080543,4.058777316232058,3.4590327117609143e+28
314.30000000000024,10.6034274480045,4.057295614116599,3.4542960790016986e+28
315.30000000000024,10.603096363578448,4.055818709972792,3.449580948003405e+28
316.30000000000024,10.602766103223825,4.05434657283333,3.4448871534280157e+28
317.30000000000024,10.60243666240162,4.052879172028728,3.4402145317264166e+28
318.30000000000024,10.602108036611915,4.051416477183526,3.4355629211134797e+28
319.30000000000024,10.601780221393422,4.049958458212556,3.4309321615435695e+28
320.30000000000024,10.601453212323037,4.048505085317252,3.4263220946864596e+28
321.30000000000024,10.601127005015389,4.047056328982039,3.4217325639036622e+28
322.30000000000024,10.60080159512241,4.045612159970775,3.417163414225154e+28
323.30000000000024,10.6004769783329,4.044172549323227,3.4126144923264936e+28
324.30000000000024,10.600153150372098,4.0427374683516355,3.4080856465063244e+28
325.30000000000024,10.599830107001269,4.0413068886373065,3.4035767266642476e+28
326.30000000000024,10.599507844017287,4.039880782027262,3.3990875842790737e+28
327.30000000000024,10.599186357252233,4.038459120630959,3.3946180723874245e+28
328.30000000000024,10.598865642572989,4.037041876817036,3.390168045562695e+28
329.30000000000024,10.598545695880842,4.035629023210115,3.385737359894365e+28
330.30000000000024,10.5982265131111,4.034220532687666,3.381325872967642e+28
331.30000000000024,10.597908090232707,4.032816378376911,3.3769334438434477e+28
332.30000000000024,10.597590423247857,4.031416533651765,3.372559933038729e+28
333.30000000000024,10.597273508191627,4.030020972129837,3.3682052025070834e+28
334.30000000000024,10.596957341131613,4.028629667669478,3.36386911561971e+28
335.30000000000024,10.59664191816756,4.0272425943668635,3.3595515371466633e+28
336.30000000000024,10.596327235431007,4.025859726553123,3.3552523332384076e+28
337.30000000000024,10.596013289084933,4.02448103879151,3.3509713714076753e+28
338.30000000000024,10.595700075323416,4.023106505874633,3.3467085205116115e+28
339.30000000000024,10.595387590371281,4.021736102821698,3.342463650734207e+28
340.30000000000024,10.595075830483768,4.020369804875808,3.338236633569009e+28
341.30000000000024,10.594764791946199,4.019007587501315,3.334027341802111e+28
342.30000000000024,10.594454471073643,4.017649426381182,3.329835649495412e+28
343.30000000000024,10.594144864210602,4.016295297414413,3.3256614319701348e+28
344.30000000000024,10.59383596773068,4.014945176713489,3.3215045657906162e+28
345.30000000000024,10.593527778036279,4.013599040601885,3.3173649287483387e+28
346.30000000000024,10.593220291558278,4.012256865611576,3.3132423998462243e+28
347.30000000000024,10.592913504755735,4.010918628480615,3.3091368592831653e+28
348.30000000000024,10.592607414115578,4.009584306150731,3.3050481884388036e+28
349.30000000000024,10.592302016152312,4.00825387576496,3.3009762698585427e+28
350.30000000000024,10.591997307407715,4.00692731466531,3.2969209872387906e+28
351.30000000000024,10.59169328445056,4.005604600390476,3.2928822254124385e+28
352.30000000000024,10.591389943876322,4.004285710673566,3.2888598703345538e+28
353.30000000000024,10.591087282306894,4.002970623439866,3.284853809068299e+28
354.30000000000024,10.590785296390312,4.001659316804655,3.280863929771068e+28
355.30000000000024,10.590483982800476,4.00035176907102,3.2768901216808285e+28
356.30000000000024,10.590183338236884,3.9990479587277266,3.272932275102678e+28
357.30000000000024,10.589883359424356,3.997747864447106,3.268990281395601e+28
358.30000000000024,10.589584043112778,3.996451465082984,3.265064032959431e+28
359.30000000000024,10.589285386076837,3.9951587396686272,3.2611534232220043e+28
360.30000000000024,10.588987385115761,3.993869667414722,3.257258346626512e+28
361.30000000000024,10.588690037053071,3.992584227707386,3.2533786986190387e+28
362.30000000000024,10.588393338736326,3.9913024001062034,3.2495143756362937e+28
363.30000000000024,10.588097287036877,3.9900241643422905,3.2456652750935173e+28
364.30000000000024,10.587801878849623,3.988749500316382,3.241831295372576e+28
365.30000000000024,10.587507111092767,3.9874783880969518,3.238012335810231e+28
366.30000000000024,10.587212980707585,3.986210807918354,3.234208296686577e+28
367.30000000000024,10.586919484658182,3.9849467401789873,3.2304190792136587e+28
368.30000000000024,10.586626619931266,3.983686165439498,3.2266445855242546e+28
369.30000000000024,10.586334383535918,3.982429064420991,3.222884718660817e+28
370.30000000000024,10.586042772503369,3.9811754180032777,3.219139382564588e+28
371.30000000000024,10.585751783886769,3.9799252072231375,3.2154084820648643e+28
372.30000000000024,10.585461414760974,3.978678413272612,3.2116919228684217e+28
373.30000000000024,10.585171662222326,3.977435017497313,3.2079896115490945e+28
374.30000000000024,10.584882523388437,3.9761950013947684,3.204301455537507e+28
375.30000000000024,10.58459399539798,3.9749583466127727,3.200627363110952e+28
376.30000000000024,10.584306075410481,3.973725034947773,3.1969672433834125e+28
377.30000000000024,10.584018760606103,3.9724950483432613,3.1933210062957357e+28
378.30000000000024,10.583732048185453,3.9712683688882167,3.1896885626059387e+28
379.30000000000024,10.583445935369376,3.9700449788155323,3.1860698238796585e+28
380.30000000000024,10.583160419398752,3.968824860500484,3.18246470248074e+28
381.30000000000024,10.582875497534307,3.96760799645923,3.17887311156195e+28
382.30000000000024,10.582591167056416,3.9663943693473063,3.1752949650558323e+28
383.30000000000024,10.582307425264906,3.9651839619581444,3.171730177665688e+28
384.30000000000024,10.582024269478877,3.963976757221635,3.168178664856684e+28
385.30000000000024,10.581741697036504,3.962772738202674,3.1646403428470857e+28
386.30000000000024,10.58145970529486,3.961571888099759,3.161115128599617e+28
387.30000000000024,10.58117829162973,3.960374190243585,3.1576029398129355e+28
388.30000000000024,10.580897453435433,3.9591796280956664,3.1541036949132327e+28
389.30000000000024,10.580617188124643,3.9579881852469696,3.1506173130459474e+28
390.30000000000024,10.58033749312821,3.956799845416574,3.147143714067598e+28
391.30000000000024,10.580058365894992,3.95561459245034,3.143682818537724e+28
392.30000000000024,10.579779803891677,3.9544324103196047,3.140234547710943e+28
393.30000000000024,10.579501804602621,3.953253283119883,3.1367988235291165e+28
394.30000000000024,10.579224365529676,3.9520771950695988,3.1333755686136207e+28
395.30000000000024,10.578947484192021,3.9509041305088104,3.129964706257727e+28
396.30000000000024,10.578671158126005,3.9497340738979805,3.1265661604190887e+28
397.30000000000024,10.578395384884981,3.94856700981674,3.1231798557123223e+28
398.30000000000024,10.57812016203915,3.9474029229626773,3.1198057174016987e+28
399.30000000000024,10.5778454871754,3.9462417981501425,3.1164436713939314e+28
400.30000000000024,10.577571357897153,3.945083620309063,3.113093644231058e+28
401.30000000000024,10.577297771824204,3.9439283744837743,3.1097555630834266e+28
402.30000000000024,10.577024726592581,3.942776045831873,3.106429355742767e+28
403.30000000000024,10.576752219854383,3.9416266196230705,3.103114950615365e+28
404.30000000000024,10.576480249277635,3.940480081238077,3.0998122767153204e+28
405.30000000000024,10.576208812546144,3.939336416167482,3.096521263657901e+28
406.30000000000024,10.57593790735935,3.938195610010672,3.0932418416529814e+28
407.30000000000024,10.575667531432186,3.9370576484747355,3.089973941498573e+28
408.30000000000024,10.575397682494934,3.935922517373399,3.086717494574439e+28
409.30000000000024,10.575128358293082,3.9347902026259685,3.0834724328357896e+28
410.30000000000024,10.57485955658719,3.9336606902562927,3.0802386888070678e+28
411.30000000000024,10.574591275152752,3.9325339663917203,3.0770161955758145e+28
412.30000000000024,10.574323511780056,3.9314100172620967,3.0738048867866125e+28
413.30000000000024,10.574056264274057,3.9302888291987506,3.0706046966351116e+28
414.30000000000024,10.573789530454242,3.929170388633505,3.067415559862133e+28
415.30000000000024,10.573523308154497,3.928054682097698,3.064237411747849e+28
416.30000000000024,10.573257595222978,3.926941696221202,3.061070188106041e+28
417.30000000000024,10.572992389521987,3.9258314177314855,3.05791382527843e+28
418.30000000000024,10.572727688927841,3.924723833452651,3.0547682601290817e+28
419.30000000000024,10.57246349133075,3.923618930304513,3.051633430038884e+28
420.30000000000024,10.572199794634688,3.922516695301665,3.0485092729000957e+28
421.30000000000024,10.571936596757281,3.9214171155525768,3.0453957271109674e+28
422.30000000000024,10.571673895629676,3.9203201782586876,3.042292731570427e+28
423.30000000000024,10.571411689196426,3.9192258707135172,3.0392002256728393e+28
424.30000000000024,10.571149975415373,3.9181341803017946,3.036118149302829e+28
425.30000000000024,10.57088875225753,3.9170450944985715,3.0330464428301684e+28
426.30000000000024,10.57062801770696,3.9159586008683815,3.029985047104736e+28
427.30000000000024,10.570367769760674,3.914874687064381,3.026933903451532e+28
428.30000000000024,10.570108006428503,3.9137933408275116,3.0238929536657663e+28
429.30000000000024,10.569848725733001,3.912714549985681,3.0208621400079968e+28
430.30000000000024,10.569589925709323,3.9116383024529298,3.0178414051993382e+28
431.30000000000024,10.569331604405122,3.9105645862286336,3.014830692416729e+28
432.30000000000024,10.569073759880437,3.9094933893966957,3.011829945288257e+28
433.30000000000024,10.56881639020759,3.908424700124763,3.008839107888543e+28
434.30000000000024,10.56855949347108,3.90735850666344,3.0058581247341844e+28
435.30000000000024,10.56830306776747,3.906294797345516,3.0028869407792513e+28
436.30000000000024,10.568047111205297,3.9052335605852093,2.9999255014108464e+28
437.30000000000024,10.567791621904963,3.904174784877407,2.9969737524447105e+28
438.30000000000024,10.567536597998627,3.9031184587969143,2.9940316401208913e+28
439.30000000000024,10.567282037630116,3.9020645709977235,2.9910991110994585e+28
440.30000000000024,10.567027938954823,3.9010131102122925,2.9881761124562795e+28
441.30000000000024,10.566774300139603,3.8999640652508094,2.9852625916788354e+28
442.30000000000024,10.566521119362683,3.898917425000491,2.982358496662105e+28
443.30000000000024,10.566268394813564,3.8978731784248764,2.979463775704481e+28
444.30000000000024,10.566016124692924,3.8968313145631264,2.9765783775037525e+28
445.30000000000024,10.565764307212527,3.895791822529347,2.9737022511531237e+28
446.30000000000024,10.565512940595127,3.8947546915118907,2.9708353461372898e+28
447.30000000000024,10.565262023074379,3.8937199107727025,2.967977612328555e+28
448.30000000000024,10.565011552894747,3.8926874696466482,2.9651289999830027e+28
449.30000000000024,10.564761528311413,3.8916573575408497,2.9622894597367045e+28
450.30000000000024,10.56451194759019,3.890629563934047,2.959458942601985e+28
451.30000000000024,10.564262809007433,3.8896040783759456,2.956637399963722e+28
452.30000000000024,10.56401411084995,3.8885808904865877,2.9538247835756965e+28
453.30000000000024,10.563765851414919,3.8875599899557214,2.951021045556987e+28
454.30000000000024,10.5635180290098,3.886541366542173,2.9482261383884025e+28
455.30000000000024,10.56327064195225,3.885525010073243,2.945440014908961e+28
456.30000000000024,10.563023688570047,3.884510910444095,2.9426626283124125e+28
457.30000000000024,10.562777167200993,3.883499057617147,2.939893932143796e+28
458.30000000000024,10.562531076192846,3.8824894416214852,2.937133880296047e+28
459.30000000000024,10.562285413903231,3.8814820525522764,2.9343824270066345e+28
460.30000000000024,10.562040178699561,3.880476880570176,2.931639526854247e+28
461.30000000000024,10.561795368958963,3.8794739159007703,2.9289051347555127e+28
462.30000000000024,10.56155098306819,3.8784731488339927,2.926179205961757e+28
463.30000000000024,10.561307019423554,3.8774745697235664,2.923461696055804e+28
464.30000000000024,10.561063476430837,3.8764781689864503,2.9207525609488096e+28
465.30000000000024,10.560820352505225,3.8754839371022802,2.9180517568771324e+28
466.30000000000024,10.560577646071229,3.87449186461284,2.915359240399244e+28
467.30000000000024,10.560335355562609,3.8735019421215036,2.9126749683926738e+28
468.30000000000024,10.560093479422303,3.87251416029272,2.9099988980509868e+28
469.30000000000024,10.559852016102349,3.8715285098514727,2.907330986880802e+28
470.30000000000024,10.559610964063818,3.8705449815827637,2.904671192698838e+28
471.30000000000024,10.559370321776742,3.869563566331103,2.9020194736290005e+28
472.30000000000024,10.559130087720035,3.8685842549999876,2.899375788099493e+28
473.30000000000024,10.558890260381437,3.8676070385514083,2.896740094839975e+28
474.30000000000024,10.55865083825743,3.8666319080053366,2.8941123528787377e+28
475.30000000000024,10.558411819853177,3.865658854439244,2.8914925215399237e+28
476.30000000000024,10.558173203682454,3.864687868987608,2.888880560440771e+28
477.30000000000024,10.557934988267581,3.8637189428414254,2.8862764294888916e+28
478.30000000000024,10.557697172139353,3.8627520672477362,2.8836800888795813e+28
479.30000000000024,10.557459753836977,3.861787233509151,2.881091499093158e+28
480.30000000000024,10.557222731908004,3.8608244329833807,2.8785106208923325e+28
481.30000000000024,10.556986104908267,3.859863657082772,2.8759374153196065e+28
482.30000000000024,10.556749871401816,3.8589048972738547,2.8733718436947016e+28
483.30000000000024,10.556514029960853,3.857948145076883,2.8708138676120173e+28
484.30000000000024,10.556278579165669,3.856993392065382,2.8682634489381173e+28
485.30000000000024,10.556043517604582,3.8560406298657113,2.8657205498092406e+28
486.30000000000024,10.555808843873878,3.855089850156623,2.863185132628848e+28
487.30000000000024,10.555574556577744,3.8541410446688182,2.860657160065188e+28
488.30000000000024,10.555340654328214,3.853194205184532,2.8581365950488953e+28
489.30000000000024,10.555107135745105,3.8522493235370923,2.855623400770611e+28
490.30000000000024,10.554873999455959,3.851306391610504,2.853117540678636e+28
491.30000000000024,10.554641244095983,3.850365401339035,2.850618978476602e+28
492.30000000000024,10.55440886830799,3.849426344706789,2.848127678121176e+28
493.30000000000024,10.554176870742346,3.848489213747316,2.8456436038197858e+28
494.30000000000024,10.553945250056909,3.8475540005431954,2.843166720028369e+28
495.30000000000024,10.553714004916971,3.8466206972256303,2.8406969914491536e+28
496.30000000000024,10.553483133995206,3.845689295974064,2.838234383028453e+28
497.30000000000024,10.553252635971612,3.844759789015779,2.835778859954495e+28
498.30000000000024,10.553022509533456,3.8438321686255112,2.8333303876552676e+28
499.30000000000024,10.552792753375222,3.8429064271250635,2.83088893179639e+28
500.30000000000024,10.552563366198553,3.841982556882925,2.8284544582790084e+28
501.30000000000024,10.5523343467122,3.841060550313891,2.8260269332377144e+28
502.30000000000024,10.55210569363197,3.840140399878699,2.823606323038483e+28
503.30000000000024,10.551877405680672,3.8392220980836487,2.821192594276635e+28
504.30000000000024,10.551649481588065,3.8383056374802442,2.8187857137748233e+28
505.30000000000024,10.551421920090807,3.8373910106648284,2.816385648581035e+28
506.30000000000024,10.551194719932402,3.8364782102782176,2.813992365966624e+28
507.30000000000024,10.550967879863157,3.835567229005362,2.8116058334243534e+28
508.30000000000024,10.550741398640119,3.834658059574978,2.8092260186664686e+28
509.30000000000024,10.550515275027038,3.833750694759213,2.8068528896227877e+28
510.30000000000024,10.550289507794313,3.832845127373294,2.804486414438807e+28
511.30000000000024,10.550064095718941,3.8319413502751907,2.802126561473837e+28
512.3000000000002,10.549839037584471,3.831039356365269,2.7997732992991507e+28
513.3000000000002,10.549614332180958,3.8301391385859707,2.797426596696147e+28
514.3000000000002,10.549389978304912,3.829240689921467,2.795086422654552e+28
515.3000000000002,10.549165974759253,3.828344003397342,2.792752746370616e+28
516.3000000000002,10.548942320353268,3.8274490720802645,2.7904255372453453e+28
517.3000000000002,10.548719013902556,3.826555889077665,2.788104764882749e+28
518.3000000000002,10.548496054228991,3.825664447537417,2.785790399088098e+28
519.3000000000002,10.548273440160676,3.824774740647527,2.783482409866213e+28
520.3000000000002,10.548051170531892,3.8238867616358148,2.78118076741976e+28
521.3000000000002,10.547829244183058,3.8230005037696064,2.7788854421475718e+28
522.3000000000002,10.54760765996069,3.822115960355437,2.7765964046429784e+28
523.3000000000002,10.54738641671735,3.821233124738731,2.774313625692165e+28
524.3000000000002,10.54716551331161,3.8203519903035152,2.7720370762725386e+28
525.3000000000002,10.546944948608004,3.8194725504721188,2.7697667275511147e+28
526.3000000000002,10.546724721476991,3.818594798704875,2.76750255088292e+28
527.3000000000002,10.546504830794907,3.817718728499831,2.7652445178094143e+28
528.3000000000002,10.546285275443926,3.8168443333924595,2.762992600056925e+28
529.3000000000002,10.54606605431202,3.81597160695537,2.760746769535096e+28
530.3000000000002,10.545847166292916,3.8151005427980333,2.758506998335361e+28
531.3000000000002,10.545628610286057,3.814231134566489,2.7562732587294247e+28
532.3000000000002,10.545410385196561,3.813363375943077,2.7540455231677582e+28
533.3000000000002,10.545192489935182,3.8124972606461562,2.7518237642781196e+28
534.3000000000002,10.54497492341827,3.8116327824298364,2.7496079548640783e+28
535.3000000000002,10.54475768456773,3.810769935083701,2.74739806790356e+28
536.3000000000002,10.544540772310988,3.8099087124325535,2.74519407654741e+28
537.3000000000002,10.544324185580948,3.80904910833613,2.7429959541179587e+28
538.3000000000002,10.544107923315956,3.8081911166888585,2.740803674107619e+28
539.3000000000002,10.54389198445976,3.807334731419582,2.7386172101774797e+28
540.3000000000002,10.54367636796148,3.806479946491315,2.7364365361559288e+28
541.3000000000002,10.543461072775557,3.805626755900973,2.7342616260372785e+28
542.3000000000002,10.543246097861733,3.8047751536791368,2.732092453980412e+28
543.3000000000002,10.543031442184999,3.8039251338897793,2.7299289943074406e+28
544.3000000000002,10.54281710471557,3.803076690630042,2.727771221502373e+28
545.3000000000002,10.542603084428848,3.8022298180299727,2.725619110209801e+28
546.3000000000002,10.542389380305377,3.8013845102522863,2.7234726352335947e+28
547.3000000000002,10.542175991330817,3.80054076149212,2.7213317715356156e+28
548.3000000000002,10.541962916495908,3.7996985659767986,2.7191964942344374e+28
549.3000000000002,10.541750154796434,3.7988579179655964,2.7170667786040807e+28
550.3000000000002,10.541537705233187,3.7980188117495035,2.714942600072762e+28
551.3000000000002,10.541325566811937,3.797181241650987,2.712823934221656e+28
552.3000000000002,10.541113738543393,3.7963452020237667,2.7107107567836637e+28
553.3000000000002,10.540902219443174,3.79551068725258,2.708603043642201e+28
554.3000000000002,10.540691008531777,3.7946776917529697,2.706500770829993e+28
555.3000000000002,10.540480104834538,3.7938462099710404,2.7044039145278836e+28
556.3000000000002,10.540269507381604,3.793016236383245,2.7023124510636528e+28
557.3000000000002,10.5400592152079,3.7921877654961706,2.700226356910852e+28
558.3000000000002,10.5398492273531,3.7913607918463117,2.6981456086876445e+28
559.3000000000002,10.539639542861586,3.790535309999854,2.696070183155657e+28
560.3000000000002,10.539430160782425,3.7897113145524606,2.694000057218851e+28
561.3000000000002,10.539221080169337,3.7888888001290684,2.691935207922392e+28
562.3000000000002,10.53901230008066,3.7880677613836617,2.689875612451543e+28
563.3000000000002,10.538803819579325,3.78724819299908,2.6878212481305562e+28
564.3000000000002,10.538595637732817,3.7864300896867937,2.6857720924215853e+28
565.3000000000002,10.538387753613154,3.785613446186718,2.6837281229236017e+28
566.3000000000002,10.538180166296854,3.784798257266996,2.6816893173713277e+28
567.3000000000002,10.5379728748649,3.7839845177237983,2.6796556536341707e+28
568.3000000000002,10.53776587840272,3.783172222381131,2.677627109715176e+28
569.3000000000002,10.53755917600015,3.782361366090634,2.675603663749985e+28
570.3000000000002,10.537352766751406,3.7815519437313796,2.6735852940058078e+28
571.3000000000002,10.537146649755062,3.780743950209689,2.671571978880396e+28
572.3000000000002,10.536940824114014,3.7799373804589282,2.6695636969010405e+28
573.3000000000002,10.536735288935455,3.779132229439328,2.6675604267235602e+28
574.3000000000002,10.536530043330847,3.778328492137787,2.6655621471313185e+28
575.3000000000002,10.536325086415891,3.777526163567684,2.663568837034237e+28
576.3000000000002,10.536120417310503,3.7767252387686967,2.661580475467822e+28
577.3000000000002,10.535916035138785,3.7759257128066173,2.6595970415922e+28
578.3000000000002,10.535711939028996,3.775127580773165,2.657618514691164e+28
579.3000000000002,10.535508128113529,3.7743308377858074,2.655644874171228e+28
580.3000000000002,10.535304601528882,3.7735354789875855,2.6536760995606856e+28
581.3000000000002,10.535101358415632,3.7727414995469277,2.6517121705086873e+28
582.3000000000002,10.534898397918408,3.7719488946574757,2.6497530667843153e+28
583.3000000000002,10.534695719185866,3.771157659537917,2.6477987682756766e+28
584.3000000000002,10.534493321370661,3.7703677894317957,2.645849254988996e+28
585.3000000000002,10.534291203629428,3.7695792796073624,2.643904507047725e+28
586.3000000000002,10.534089365122748,3.7687921253573844,2.6419645046916545e+28
587.3000000000002,10.533887805015128,3.768006321998988,2.640029228276035e+28
588.3000000000002,10.533686522474976,3.7672218648734836,2.6380986582707114e+28
589.3000000000002,10.533485516674574,3.766438749346207,2.6361727752592547e+28
590.3000000000002,10.533284786790054,3.7656569708063485,2.634251559938113e+28
591.3000000000002,10.533084332001373,3.764876524666791,2.6323349931157657e+28
592.3000000000002,10.532884151492294,3.7640974063639563,2.6304230557118803e+28
593.3000000000002,10.532684244450355,3.7633196113576326,2.6285157287564876e+28
594.3000000000002,10.532484610066849,3.76254313513082,2.6266129933891547e+28
595.3000000000002,10.5322852475368,3.761767973189577,2.6247148308581705e+28
596.3000000000002,10.532086156058938,3.760994121062856,2.6228212225197396e+28
597.3000000000002,10.531887334835679,3.760221574302358,2.6209321498371773e+28
598.3000000000002,10.531688783073099,3.759450328482375,2.619047594380121e+28
599.3000000000002,10.53149049998091,3.7586803791996246,2.6171675378237395e+28
600.3000000000002,10.531292484772443,3.757911722073123,2.6152919619479566e+28
601.3000000000002,10.53109473666462,3.7571443527440174,2.6134208486366805e+28
602.3000000000002,10.530897254877933,3.756378266875439,2.611554179877032e+28
603.3000000000002,10.530700038636425,3.755613460152367,2.6096919377585957e+28
604.3000000000002,10.530503087167663,3.7548499282814687,2.6078341044726586e+28
605.3000000000002,10.530306399702718,3.75408766699096,2.605980662311473e+28
606.3000000000002,10.530109975476147,3.7533266720304628,2.604131593667516e+28
607.3000000000002,10.529913813725967,3.752566939170862,2.6022868810327556e+28
608.3000000000002,10.529717913693634,3.7518084642041627,2.600446506997931e+28
609.3000000000002,10.529522274624025,3.7510512429433502,2.5986104542518277e+28
610.3000000000002,10.529326895765415,3.7502952712222557,2.5967787055805714e+28
611.3000000000002,10.529131776369457,3.7495405448954133,2.594951243866919e+28
612.3000000000002,10.52893691569116,3.7487870598379223,2.59312805208956e+28
613.3000000000002,10.528742312988868,3.7480348119453097,2.5913091133224228e+28
614.3000000000002,10.528547967524242,3.747283797133406,2.589494410733987e+28
615.3000000000002,10.528353878562239,3.746534011338202,2.5876839275866057e+28
616.3000000000002,10.528160045371093,3.745785450515724,2.585877647235826e+28
617.3000000000002,10.527966467222292,3.745038110641893,2.5840755531297212e+28
618.3000000000002,10.52777314339056,3.744291987712401,2.582277628808231e+28
619.3000000000002,10.527580073153839,3.7435470777425826,2.5804838579024996e+28
620.3000000000002,10.527387255793267,3.7428033767672817,2.5786942241342246e+28
621.3000000000002,10.527194690593161,3.742060880840733,2.5769087113150137e+28
622.3000000000002,10.527002376840997,3.7413195860364263,2.5751273033457427e+28
623.3000000000002,10.52681031382739,3.7405794884469894,2.5733499842159203e+28
624.3000000000002,10.526618500846077,3.7398405841840585,2.5715767380030597e+28
625.3000000000002,10.526426937193897,3.7391028693781596,2.5698075488720544e+28
626.3000000000002,10.526235622170773,3.738366340178585,2.5680424010745605e+28
627.3000000000002,10.526044555079693,3.7376309927532665,2.5662812789483825e+28
628.3000000000002,10.525853735226693,3.736896823288668,2.5645241669168675e+28
629.3000000000002,10.525663161920837,3.736163827989653,2.5627710494883e+28
630.3000000000002,10.525472834474202,3.735432003079378,2.5610219112553073e+28
631.3000000000002,10.525282752201857,3.7347013447991673,2.559276736894266e+28
632.3000000000002,10.525092914421846,3.733971849408399,2.5575355111647154e+28
633.3000000000002,10.52490332045517,3.733243513184389,2.5557982189087756e+28
634.3000000000002,10.524713969625774,3.732516332422282,2.5540648450505705e+28
635.3000000000002,10.524524861260524,3.7317903034349325,2.552335374595654e+28
636.3000000000002,10.524335994689192,3.731065422552793,2.550609792630446e+28
637.3000000000002,10.52414736924444,3.730341686123803,2.548888084321668e+28
638.3000000000002,10.523958984261801,3.7296190905132773,2.547170234915785e+28
639.3000000000002,10.523770839079663,3.7288976321037994,2.5454562297384554e+28
640.3000000000002,10.523582933039254,3.7281773072951094,2.5437460541939787e+28
641.3000000000002,10.523395265484622,3.7274581125039936,2.5420396937647562e+28
642.3000000000002,10.523207835762621,3.726740044164184,2.5403371340107492e+28
643.3000000000002,10.523020643222894,3.726023098726243,2.538638360568946e+28
644.3000000000002,10.52283368721786,3.72530727265747,2.536943359152832e+28
645.3000000000002,10.52264696710269,3.7245925624417806,2.5352521155518636e+28
646.3000000000002,10.522460482235298,3.7238789645796175,2.533564615630948e+28
647.3000000000002,10.522274231976326,3.723166475587842,2.5318808453299263e+28
648.3000000000002,10.52208821568912,3.7224550919996218,2.5302007906630602e+28
649.3000000000002,10.521902432739724,3.7217448103643473,2.5285244377185275e+28
650.3000000000002,10.52171688249686,3.7210356272475185,2.526851772657913e+28
651.3000000000002,10.521531564331909,3.720327539230647,2.5251827817157137e+28
652.3000000000002,10.521346477618902,3.719620542911157,2.5235174511988407e+28
653.3000000000002,10.521161621734505,3.718914634902293,2.5218557674861295e+28
654.3000000000002,10.520976996057996,3.7182098118330087,2.5201977170278515e+28
655.3000000000002,10.52079259997126,3.717506070347885,2.5185432863452327e+28
656.3000000000002,10.520608432858769,3.716803407107025,2.5168924620299715e+28
657.3000000000002,10.520424494107562,3.7161018187859565,2.5152452307437665e+28
658.3000000000002,10.520240783107246,3.7154013020755494,2.513601579217845e+28
659.3000000000002,10.520057299249963,3.714701853681904,2.511961494252492e+28
660.3000000000002,10.51987404193039,3.7140034703262734,2.510324962716593e+28
661.3000000000002,10.519691010545714,3.7133061487449606,2.508691971547168e+28
662.3000000000002,10.519508204495626,3.712609885689232,2.507062507748919e+28
663.3000000000002,10.519325623182304,3.7119146779252277,2.5054365583937775e+28
664.3000000000002,10.519143266010397,3.7112205222338632,2.503814110620455e+28
665.3000000000002,10.518961132387014,3.7105274154107484,2.502195151633999e+28
666.3000000000002,10.518779221721708,3.709835354266093,2.5005796687053504e+28
667.3000000000002,10.518597533426462,3.7091443356246168,2.4989676491709087e+28
668.3000000000002,10.518416066915679,3.70845435632547,2.4973590804320944e+28
669.3000000000002,10.518234821606162,3.7077654132221323,2.4957539499549213e+28
670.3000000000002,10.518053796917112,3.707077503182348,2.494152245269567e+28
680.3000000000002,10.516255558057972,3.7002545422010384,2.4783209186454365e+28
690.3000000000002,10.514478759610338,3.693531544678462,2.462818914945182e+28
700.3000000000002,10.51272285821233,3.6869056006344985,2.4476347597846083e+28
710.3000000000002,10.510987331694155,3.6803739252134826,2.432757535126928e+28
720.3000000000002,10.509271677967996,3.673933851620012,2.4181768449285226e+28
730.3000000000002,10.507575413990548,3.667582824545886,2.4038827833492104e+28
740.3000000000002,10.505898074792505,3.6613183940477816,2.3898659053033875e+28
750.3000000000002,10.504239212569853,3.6551382098391025,2.3761171991506637e+28
760.3000000000002,10.502598395832253,3.649040015962859,2.3626280613443557e+28
770.3000000000002,10.500975208604228,3.6430216458154696,2.349390272873792e+28
780.3000000000002,10.49936924967526,3.637081017494152,2.336395977352058e+28
790.3000000000002,10.497780131895198,3.6312161294429703,2.323637660614818e+28
800.3000000000002,10.496207481511707,3.6254250563748434,2.311108131708361e+28
810.3000000000002,10.494650937546773,3.6197059454488256,2.29880050515624e+28
820.3000000000002,10.49311015120949,3.6140570126837086,2.2867081844039215e+28
830.3000000000002,10.491584785342628,3.6084765395906526,2.2748248463499044e+28
840.3000000000002,10.490074513900629,3.602962870009006,2.263144426879878e+28
850.3000000000002,10.488579021456927,3.5975144071307694,2.2516611073278136e+28
860.3000000000002,10.487098002738595,3.592129610700385,2.2403693017944777e+28
870.3000000000002,10.485631162186522,3.586806994377617,2.2292636452598e+28
880.3000000000002,10.484178213539437,3.5815451232522544,2.2183389824309276e+28
890.3000000000002,10.48273887944023,3.5763426115002597,2.207590357272652e+28
900.3000000000002,10.481312891063151,3.5711981201718515,2.1970130031713227e+28
910.3000000000002,10.479899987760543,3.5661103551026816,2.186602333687352e+28
920.3000000000002,10.478499916727904,3.5610780649400073,2.1763539338550624e+28
930.3000000000002,10.477112432686118,3.5561000392763242,2.1662635519919236e+28
940.3000000000002,10.47573729757983,3.5511751068835515,2.156327091982243e+28
950.3000000000002,10.474374280290945,3.546302134041312,2.1465406060031025e+28
960.3000000000002,10.473023156366377,3.5414800229533703,2.136900287662852e+28
970.3000000000002,10.471683707759176,3.536707710246711,2.127402465524718e+28
980.3000000000002,10.47035572258226,3.5319841655481454,2.1180435969902196e+28
990.3000000000002,10.469038994874012,3.5273083901336832,2.1088202625189365e+28
1000.3000000000002,10.467733392772217,3.5226795570282743,2.0990046583354926e+28
1010.3000000000002,10.466445740674345,3.518111240763117,2.0662621837713023e+28
1020.3000000000002,10.465181902530157,3.5136150639931927,2.034345461226794e+28
1030.3000000000002,10.463941185655733,3.5091891148903622,2.0032258752268743e+28
1040.3000000000002,10.462722924577502,3.5048315516714337,1.9728760667197215e+28
1050.3000000000002,10.461526479694339,3.5005405993468393,1.9432698665056678e+28
1060.3000000000002,10.460351236018308,3.496314546651111,1.9143822327862582e+28
1070.3000000000002,10.459196601988713,3.4921517431433147,1.8861891925424635e+28
1080.3000000000002,10.458062008354485,3.4880505964664796,1.858667786474087e+28
1090.3000000000002,10.456946907120342,3.48400956975583,1.8317960172534333e+28
1100.3000000000002,10.455850770552516,3.4800271791864352,1.8055528008655061e+28
1110.3000000000002,10.454773090240126,3.4761019916515132,1.7799179208245716e+28
1120.3000000000002,10.45371337620858,3.4722326225632583,1.754871985072951e+28
1130.3000000000002,10.452671156081678,3.4684177337686837,1.7303963853826405e+28
1140.3000000000002,10.45164597428929,3.464656031573423,1.7064732590937867e+28
1150.3000000000002,10.450637391317747,3.4609462648669957,1.6830854530364204e+28
1160.3000000000002,10.449644983000258,3.457287223343439,1.660216489493168e+28
1170.3000000000002,10.448668339844893,3.453677735811659,1.6378505340710673e+28
1180.3000000000002,10.447707066397792,3.450116668590203,1.6159723653601851e+28
1190.3000000000002,10.446760780639481,3.446602923981546,1.5945673462655166e+28
1200.3000000000002,10.445829113412296,3.4431354388212894,1.5736213969067518e+28
1210.3000000000002,10.444911707877026,3.4397131830979677,1.5531209689879453e+28
1220.3000000000002,10.444008218997073,3.436335158639463,1.5330530215459985e+28
1230.3000000000002,10.443118313048501,3.4330003978622647,1.513404997993198e+28
1240.3000000000002,10.44224166715445,3.429707962580065,1.494164804374912e+28
1250.3000000000002,10.441377968842527,3.4264569428684046,1.475320788768936e+28
1260.3000000000002,10.440526915623849,3.4232464559822913,1.4568617217579846e+28
1270.3000000000002,10.439688214592492,3.4200756453238794,1.438776777911433e+28
1280.3000000000002,10.438861582044229,3.4169436794575523,1.4210555182166915e+28
1290.3000000000002,10.438046743113443,3.413849751169813,1.4036878734045464e+28
1300.3000000000002,10.437243431427225,3.4107930765716308,1.386664128116469e+28
1310.3000000000002,10.436451388775716,3.407772894240998,1.3699749058652918e+28
1320.3000000000002,10.435670364797787,3.404788464403592,1.3536111547437971e+28
1330.3000000000002,10.43490011668125,3.4018390681495463,1.3375641338387018e+28
1340.3000000000002,10.4341404088768,3.3989240066844975,1.3218254003102202e+28
1350.3000000000002,10.433391012824961,3.3960426006131295,1.3063867970999265e+28
1360.3000000000002,10.432651706695362,3.393194189253589,1.2912404412319777e+28
1370.3000000000002,10.431922275137673,3.3903781299811913,1.2763787126749402e+28
1380.3000000000002,10.431202509043615,3.387593797599978,1.261794243733502e+28
1390.3000000000002,10.430492205319451,3.3848405837407194,1.2474799089412341e+28
1400.3000000000002,10.429791166668444,3.3821178962840897,1.2334288154273372e+28
1410.3000000000002,10.429099201382748,3.3794251588077433,1.2196342937319495e+28
1420.3000000000002,10.428416123144277,3.376761810056177,1.206089889046122e+28
1430.3000000000002,10.4277417508341,3.3741273034322528,1.192789352854e+28
1440.3000000000002,10.427075908349915,3.3715211065093524,1.1797266349560882e+28
1450.3000000000002,10.426418424431228,3.3689427005631716,1.1668958758537183e+28
1460.3000000000002,10.42576913249185,3.366391580122258,1.154291399476005e+28
1470.3000000000002,10.425127870459352,3.3638672525363953,1.1419077062316737e+28
1480.3000000000002,10.424494480621146,3.3613692375619846,1.129739466369147e+28
1490.3000000000002,10.423868809476863,3.3588970669636873,1.1177815136292506e+28
1500.3000000000002,10.423250707596754,3.3564502841315456,1.106028839175776e+28
1510.3000000000002,10.422640029485791,3.3540284437128762,1.0944765857899825e+28
1520.3000000000002,10.422036633453235,3.351631111258307,1.0831200423159036e+28
1530.3000000000002,10.42144038148739,3.349257862881263,1.0719546383440591e+28
1540.3000000000002,10.420851139135317,3.3469082849303575,1.0609759391218579e+28
1550.3000000000002,10.420268775387276,3.344581973674079,1.0501796406796326e+28
1560.3000000000002,10.419693162565675,3.3422785349972575,1.0395615651618464e+28
1570.3000000000002,10.419124176218327,3.339997584108777,1.029117656353588e+28
1580.3000000000002,10.418561695015816,3.337738745260047,1.0188439753930025e+28
1590.3000000000002,10.41800560065279,3.335501651473791,1.0087366966608103e+28
1600.3000000000002,10.41745577775301,3.3332859442826868,9.98792103838548e+27
1610.3000000000002,10.416912113777974,3.331091273477429,9.890065861275926e+27
1620.3000000000002,10.416374498938973,3.3289172968638576,9.79376634621467e+27
1630.3000000000002,10.415842826112435,3.326763680028736,9.69898838824313e+27
1640.3000000000002,10.415316990758386,3.3246300961138178,9.605698833087839e+27
1650.3000000000002,10.414796890841926,3.3225162255978784,9.513865445069687e+27
1660.3000000000002,10.414282426757563,3.320421756086366,9.423456876282823e+27
1670.3000000000002,10.41377350125631,3.318346382108368,9.334442636985698e+27
1680.3000000000002,10.413270019375405,3.31628980492059,9.246793067149655e+27
1690.3000000000002,10.41277188837055,3.3142517323180596,9.160479309113272e+27
1700.3000000000002,10.412279017650574,3.312231878451301,9.075473281293187e+27
1710.3000000000002,10.41179131871441,3.3102299636497037,8.991747652904741e+27
1720.3000000000002,10.411308705090288,3.308245714250849,8.909275819647916e+27
1730.3000000000002,10.410831092277059,3.3062788624355486,8.828031880316448e+27
1740.3000000000002,10.410358397687556,3.3043291460683824,8.747990614289906e+27
1750.3000000000002,10.409890540593928,3.302396308543521,8.669127459870572e+27
1760.3000000000002,10.409427442074836,3.3004800986356173,8.591418493428832e+27
1770.3000000000002,10.408969024964465,3.2985802703555693,8.514840409322467e+27
1780.3000000000002,10.408515213803264,3.296696582810993,8.439370500556987e+27
1790.3000000000002,10.408065934790352,3.2948288000711905,8.364986640155656e+27
1800.3000000000002,10.407621115737522,3.292976691036472,8.29166726320939e+27
1810.3000000000002,10.407180686024773,3.2911400293116406,8.219391349578085e+27
1820.3000000000002,10.406744576557339,3.2893185930835203,8.14813840721632e+27
1830.3000000000002,10.406312719724106,3.2875121650023322,8.077888456097575e+27
1840.3000000000002,10.40588504935742,3.2857205320668097,8.008622012712402e+27
1850.3000000000002,10.405461500694198,3.2839434855129097,7.940320075117012e+27
1860.3000000000002,10.405042010338288,3.2821808207059684,7.872964108509945e+27
1870.3000000000002,10.404626516224065,3.280432337036191,7.806536031315395e+27
1880.3000000000002,10.404214957581177,3.2786978378173695,7.741018201752849e+27
1890.3000000000002,10.403807274900428,3.276977130188671,7.676393404873523e+27
1900.3000000000002,10.403403409900738,3.2752700250194375,7.612644840045032e+27
1910.3000000000002,10.403003305497144,3.2735763368168405,7.549756108866522e+27
1920.3000000000002,10.402606905769808,3.271895883636322,7.487711203497301e+27
1930.3000000000002,10.402214155933995,3.2702284869947196,7.426494495382745e+27
1940.3000000000002,10.401825002310977,3.2685739717859605,7.366090724362004e+27
1950.3000000000002,10.401439392299839,3.2669321661992634,7.306484988142663e+27
1960.3000000000002,10.401057274350151,3.265302901639741,7.247662732128204e+27
1970.3000000000002,10.400678597935476,3.263686012651326,7.189609739584722e+27
1980.3000000000002,10.400303313527678,3.262081336841942,7.132312122133905e+27
1990.3000000000002,10.399931372572011,3.2604887148108475,7.075756310559899e+27
2000.3000000000002,10.39956272746296,3.2589079900780655,7.019929045918147e+27
2010.3000000000002,10.399197331520796,3.257339009015835,6.964817370934865e+27
2020.3000000000002,10.398835138968835,3.2557816207820305,6.910408621686239e+27
2030.3000000000002,10.39847610491137,3.2542356772554553,6.856690419546932e+27
2040.3000000000002,10.398120185312255,3.25270103297297,6.803650663397898e+27
2050.3,10.397767336974104,3.2511775450683835,6.751277522083936e+27
2060.3,10.397417517518116,3.2496650732130545,6.699559427111796e+27
2070.3,10.397070685364474,3.248163479558144,6.648485065580074e+27
2080.3,10.396726799713303,3.246672628678457,6.598043373332413e+27
2090.3,10.396385820526191,3.245192387517842,6.548223528325965e+27
2100.3,10.396047708508231,3.2437226253360847,6.499014944207332e+27
2110.3,10.395712425090567,3.2422632136572433,6.450407264088557e+27
2120.3,10.395379932413439,3.2408140262193763,6.402390354516014e+27
2130.3,10.395050193309714,3.239374938925658,6.354954299625334e+27
2140.3,10.394723171288863,3.23794582979677,6.308089395475819e+27
2150.3,10.394398830521393,3.236526578924591,6.261786144557985e+27
2160.3,10.394077135823713,3.235117068427108,6.216035250468191e+27
2170.3,10.393758052643411,3.233717182404521,6.170827612744529e+27
2180.3,10.393441547044947,3.2323268068965123,6.126154321858351e+27
2190.3,10.393127585695723,3.2309458298406275,6.082006654356083e+27
2200.3,10.39281613585254,3.229574141031742,6.038376068146143e+27
2210.3,10.392507165348421,3.2282116320825818,5.995254197925974e+27
2220.3,10.392200642579796,3.2268581963852823,5.952632850744457e+27
2230.3,10.391896536494015,3.225513729073899,5.910504001695073e+27
2240.3,10.391594816577209,3.2241781269879244,5.868859789735395e+27
2250.3,10.391295452842469,3.222851288636693,5.827692513628696e+27
2260.3,10.390998415818334,3.2215331141647128,5.786994628003535e+27
2270.3,10.390703676537592,3.220223505317877,5.74675873952743e+27
2280.3,10.390411206526364,3.2189223654105072,5.706977603190795e+27
2290.3,10.390120977793476,3.217629599293228,5.667644118697518e+27
2300.3,10.389832962820115,3.21634511332166,5.628751326958669e+27
2310.3,10.38954713454974,3.215068815325856,5.59029240668594e+27
2320.3,10.389263466378267,3.2138006145805313,5.552260671081585e+27
2330.3,10.388981932144487,3.2125404217759823,5.51464956462172e+27
2340.3,10.388702506120751,3.2112881489897633,5.477452659929946e+27
2350.3,10.388425163003872,3.2100437096590135,5.440663654738406e+27
2360.3,10.388149877906267,3.208807018553478,5.404276368933459e+27
2370.3,10.387876626347328,3.2075779917491856,5.368284741683281e+27
2380.3,10.38760538424499,3.206356546602729,5.332682828644766e+27
2390.3,10.387336127907531,3.2051426017261995,5.297464799247234e+27
2400.3,10.38706883402556,3.203936076962692,5.262624934050516e+27
2410.3,10.386803479664218,3.2027368933624047,5.228157622175087e+27
2420.3,10.38654004225555,3.2015449731592946,5.194057358801971e+27
2430.3,10.38627849959109,3.200360239748293,5.160318742740273e+27
2440.3,10.386018829814606,3.199182617663053,5.126936474060229e+27
2450.3,10.385761011415036,3.198012032554203,5.093905351789728e+27
2460.3,10.385505023219583,3.196848411168123,5.061220271672395e+27
2470.3,10.385250844386986,3.195691681326207,5.028876223985313e+27
2480.3,10.384998454400952,3.1945417719046003,4.996868291414575e+27
2490.3,10.384747833063734,3.193398612814395,4.965191646986906e+27
2500.3,10.38449896048988,3.1922621349822986,4.933841552055672e+27
2510.3,10.384251817100116,3.1911322703317255,4.902813354339609e+27
2520.3,10.384006383615379,3.1900089517643186,4.872102486012704e+27
2530.3,10.383762641050987,3.1888921131418946,4.8417044618436984e+27
2540.3,10.383520570710957,3.1877816892687942,4.811614877383735e+27
2550.3,10.383280154182435,3.186677615874622,4.7818294072007034e+27
2560.3,10.383041373330279,3.1855798295973767,4.752343803158928e+27
2570.3,10.38280421029175,3.184488267966957,4.723153892742841e+27
2580.3,10.38256864747133,3.18340286938902,4.694255577423363e+27
2590.3,10.382334667535666,3.1823235731292163,4.665644831065736e+27
2600.3,10.382102253408618,3.1812503192977557,4.6373176983776013e+27
2610.3,10.38187138826643,3.1801830488343112,4.609270293396167e+27
2620.3,10.381642055533007,3.179121703493257,4.5814987980133143e+27
2630.3,10.38141423887529,3.178066225829222,4.5539994605375686e+27
2640.3,10.381187922198759,3.1770165591829684,4.526768594291868e+27
2650.3,10.380963089643005,3.1759726476675496,4.499802576246119e+27
2660.3,10.380739725577428,3.174934436154785,4.473097845683523e+27
2670.3,10.380517814597013,3.1739018702620205,4.446650902899753e+27
2680.3,10.380297341518213,3.172874896339162,4.420458307934019e+27
2690.3,10.380078291374911,3.171853461455992,4.39451667933114e+27
2700.3,10.379860649414479,3.170837513389751,4.3688226929337586e+27
2710.3,10.379644401093918,3.1698270006129805,4.3433730807038394e+27
2720.3,10.37942953207609,3.168821872281618,4.3181646295726545e+27
2730.3,10.37921602822602,3.167822078223343,4.293194180318445e+27
2740.3,10.379003875607292,3.1668275689261707,4.26845862647102e+27
2750.3,10.37879306047851,3.165838295527264,4.243954913242523e+27
2760.3,10.37858356928984,3.164854209801999,4.219680036483673e+27
2770.3,10.378375388679633,3.1638752641532406,4.1956310416647664e+27
2780.3,10.37816850547111,3.162901411600845,4.171805022880772e+27
2790.3,10.377962906669126,3.1619326057713693,4.148199121879869e+27
2800.3,10.377758579456984,3.160968800887992,4.124810527114786e+27
2810.3,10.377555511193346,3.1600099517606433,4.1016364728163285e+27
2820.3,10.377353689409187,3.1590560137763317,4.07867423808851e+27
2830.3,10.377153101804817,3.1581069428896638,4.055921146024692e+27
2840.3,10.37695373624697,3.1571626956135526,4.0333745628441813e+27
2850.3,10.376755580765948,3.1562232290101147,4.011031897048744e+27
2860.3,10.37655862355283,3.1552885006817437,3.9888905985985033e+27
2870.3,10.376362852956731,3.154358468762369,3.966948158106711e+27
2880.3,10.376168257482126,3.1534330919088758,3.9452021060528965e+27
2890.3,10.375974825786223,3.1525123292927084,3.923650012013918e+27
2900.3,10.37578254667639,3.1515961405916233,3.9022894839124343e+27
2910.3,10.375591409107638,3.150684485981607,3.88111816728236e+27
2920.3,10.37540140218015,3.1497773261289588,3.860133744550853e+27
2930.3,10.375212515136864,3.148874622182521,3.8393339343364084e+27
2940.3,10.375024737361104,3.147976335766062,3.818716490762648e+27
2950.3,10.374838058374255,3.1470824289708004,3.798279202787404e+27
2960.3,10.374652467833494,3.1461928643480825,3.7780198935466945e+27
2970.3,10.374467955529548,3.1453076049021838,3.757936419713222e+27
2980.3,10.374284511384522,3.1444266140832715,3.7380266708690254e+27
2990.3,10.374102125449742,3.143549855780476,3.71828856889192e+27
3000.3,10.373920787903666,3.142677294315107,3.698720067355381e+27
3010.3,10.373740489049817,3.141808894433999,3.6793191509415395e+27
3020.3,10.37356121931477,3.1409446213029746,3.660083834866946e+27
3030.3,10.373382969246165,3.1400844405004342,3.6410121643207984e+27
3040.3,10.373205729510774,3.1392283180110634,3.62210221391532e+27
3050.3,10.373029490892591,3.138376220219662,3.6033520871479717e+27
3060.3,10.37285424429097,3.1375281139050806,3.584759915875232e+27
3070.3,10.37267998071879,3.1366839662342754,3.566323859797633e+27
3080.3,10.37250669130066,3.1358437447564658,3.548042105955793e+27
3090.3,10.372334367271167,3.1350074173974134,3.5299128682371693e+27
3100.3,10.372162999973133,3.1341749524537876,3.5119343868932704e+27
3110.3,10.37199258085593,3.1333463185876362,3.494104928067075e+27
3120.3,10.371823101473813,3.132521484820978,3.4764227833304036e+27
3130.3,10.371654553484296,3.131700420530467,3.45888626923101e+27
3140.3,10.37148692864654,3.1308830954421643,3.441493726849155e+27
3150.3,10.371320218819788,3.1300694796264006,3.424243521363432e+27
3160.3,10.371154415961827,3.129259543492747,3.407134041625624e+27
3170.3,10.37098951212747,3.1284532577850444,3.390163699744385e+27
3180.3,10.37082549946707,3.1276505935765533,3.373330930677515e+27
3190.3,10.370662370225073,3.126851522265169,3.3566341918326456e+27
3200.3,10.370500116738574,3.126056015568728,3.3400719626761306e+27
3210.3,10.370338731435924,3.1252640455203995,3.32364274434994e+27
3220.3,10.370178206835345,3.1244755844641583,3.307345059296378e+27
3230.3,10.370018535543583,3.1236906050503337,3.2911774508904434e+27
3240.3,10.369859710254572,3.122909080231228,3.275138483079641e+27
3250.3,10.369701723748136,3.1221309832568362,3.2592267400310864e+27
3260.3,10.369544568888706,3.1213562876706114,3.2434408257857233e+27
3270.3,10.369388238624063,3.1205849673053274,3.2277793639194954e+27
3280.3,10.369232725984102,3.1198169962789892,3.2122409972113034e+27
3290.3,10.369078024079618,3.1190523489908415,3.196824387317605e+27
3300.3,10.368924126101119,3.1182910001174147,3.1815282144534897e+27
3310.3,10.36877102531765,3.1175329246086667,3.166351177080095e+27
3320.3,10.368618715075653,3.1167780976841746,3.151291991598209e+27
3330.3,10.368467188797828,3.116026494829395,3.1363493920479153e+27
3340.3,10.368316439982028,3.1152780917919807,3.121522129814165e+27
3350.3,10.36816646220017,3.114532864578175,3.1068089733381136e+27
3360.3,10.36801724909717,3.1137907894492605,3.09220870783411e+27
3370.3,10.367868794389878,3.1130518429180505,3.077720135012208e+27
3380.3,10.367721091866057,3.112316001745464,3.063342072806075e+27
3390.3,10.367574135383364,3.11158324293715,3.0490733551061746e+27
3400.3,10.367427918868351,3.110853543740161,3.03491283149811e+27
3410.3,10.367282436315485,3.1101268816396814,3.020859367006016e+27
3420.3,10.367137681786181,3.1094032343558204,3.006911841840875e+27
3430.3,10.366993649407863,3.108682579840453,2.9930691511536644e+27
3440.3,10.366850333373028,3.1079648962741064,2.9793302047932213e+27
3450.3,10.36670772793833,3.1072501620629094,2.965693927068717e+27
3460.3,10.366565827423681,3.106538355835575,2.952159256516648e+27
3470.3,10.366424626211371,3.105829456440456,2.938725145672243e+27
3480.3,10.366284118745192,3.1051234429426176,2.9253905608451825e+27
3490.3,10.366144299529589,3.104420294620991,2.912154481899553e+27
3500.3,10.366005163128818,3.103719990965546,2.899015902037924e+27
3510.3,10.36586670416612,3.10302251167452,2.885973827589477e+27
3520.3,10.365728917322906,3.102327836651697,2.8730272778020887e+27
3530.3,10.365591797337965,3.101635946003716,2.860175284638288e+27
3540.3,10.365455339006669,3.1009468200374357,2.847416892575e+27
3550.3,10.36531953718021,3.100260439257333,2.834751158407e+27
3560.3,10.365184386764831,3.0995767843629447,2.822177151054002e+27
3570.3,10.36504988272109,3.0988958362463546,2.809693951371291e+27
3580.3,10.364916020063115,3.0982175759897137,2.7973006519638374e+27
3590.3,10.364782793857886,3.0975419848628007,2.7849963570038185e+27
3600.3,10.36465019922452,3.0968690443206164,2.77278018205147e+27
3610.3,10.364518231333578,3.0961987360010337,2.7606512538791974e+27
3620.3,10.364386885406372,3.0955310417224613,2.7486087102988874e+27
3630.3,10.364256156714287,3.094865943481558,2.736651699992342e+27
3640.3,10.36412604057812,3.0942034234509763,2.72477938234478e+27
3650.3,10.363996532367418,3.093543463977145,2.7129909272813336e+27
3660.3,10.363867627499841,3.0928860475780837,2.7012855151064856e+27
3670.3,10.363739321440521,3.0922311569412493,2.6896623363463775e+27
3680.3,10.363611609701438,3.0915787749214143,2.6781205915939443e+27
3690.3,10.363484487840811,3.0909288845385916,2.6666594913567985e+27
3700.3,10.363357951462486,3.0902814689759666,2.655278255907824e+27
3710.3,10.36323199621535,3.0896365115778845,2.6439761151384165e+27
3720.3,10.363106617792731,3.088993995847847,2.6327523084143136e+27
3730.3,10.36298181193184,3.0883539054465663,2.621606084433972e+27
3740.3,10.362857574413189,3.087716224190009,2.610536701089432e+27
3750.3,10.362733901060036,3.0870809360475118,2.59954342532962e+27
3760.3,10.362610787737838,3.0864480251398945,2.5886255330260426e+27
3770.3,10.362488230353708,3.0858174757376213,2.5777823088408233e+27
3780.3,10.362366224855885,3.085189272258976,2.567013046097037e+27
3790.3,10.362244767233202,3.0845633992682693,2.556317046651287e+27
3800.3,10.362123853514577,3.083939841474071,2.5456936207684925e+27
3810.3,10.3620034797685,3.0833185837274732,2.535142086998838e+27
3820.3,10.361883642102535,3.0826996110203755,2.5246617720568337e+27
3830.3,10.361764336662825,3.082082908483793,2.514252010702461e+27
3840.3,10.361645559633606,3.081468461386195,2.503912145624344e+27
3850.3,10.361527307236733,3.080856255131864,2.4936415273249256e+27
3860.3,10.361409575731201,3.080246275259276,2.4834395140075896e+27
3870.3,10.361292361412692,3.0796385074395136,2.4733054714657107e+27
3880.3,10.361175660613108,3.0790329374746923,2.463238772973575e+27
3890.3,10.361059469700127,3.078429551296411,2.4532387991791512e+27
3900.3,10.36094378507676,3.0778283349642415,2.4433049379986683e+27
3910.3,10.360828603180911,3.077229274664207,2.433436584512961e+27
3920.3,10.360713920484951,3.0766323567073117,2.4236331408655626e+27
3930.3,10.36059973349529,3.076037567528078,2.4138940161624946e+27
3940.3,10.360486038751967,3.0754448936831142,2.4042186263737333e+27
3950.3,10.36037283282823,3.074854321849685,2.3946063942363146e+27
3960.3,10.360260112330135,3.074265838824315,2.3850567491590498e+27
3970.3,10.360147873896153,3.073679431521425,2.3755691271288158e+27
3980.3,10.360036114196767,3.0730950869719513,2.3661429706183984e+27
3990.3,10.359924829934089,3.07251279232202,2.3567777284958496e+27
4000.3,10.35981401784148,3.0719325348316207,2.3474728559353381e+27
4010.3,10.359703674683171,3.071354301873308,2.338227814329459e+27
4020.3,10.359593797253897,3.0707780809309133,2.329042071202981e+27
4030.3,10.359484382378525,3.0702038595982795,2.319915100127997e+27
4040.3,10.3593754269117,3.0696316255780123,2.3108463806404605e+27
4050.3,10.359266927737488,3.0690613666802506,2.3018353981580715e+27
4060.3,10.359158881769025,3.0684930708214466,2.2928816438994962e+27
4070.3,10.359051285948173,3.0679267260231744,2.283984614804891e+27
4080.3,10.358944137245183,3.0673623204109464,2.2751438134577068e+27
4090.3,10.35883743265836,3.0667998422130482,2.2663587480077507e+27
4100.3,10.35873116921373,3.066239279759392,2.2576289320954797e+27
4110.3,10.358625343964716,3.0656806214803813,2.2489538847775107e+27
4120.3,10.358519953991818,3.065123855905788,2.2403331304533134e+27
4130.3,10.358414996402297,3.064568971663662,2.231766198793073e+27
4140.3,10.358310468329863,3.0640159574792327,2.2232526246667002e+27
4150.3,10.358206366934366,3.0634648021738404,2.2147919480739636e+27
4160.3,10.358102689401498,3.062915494663881,2.206383714075726e+27
4170.3,10.357999432942488,3.0623680239597544,2.198027472726268e+27
4180.3,10.357896594793814,3.061822379164843,2.1897227790066736e+27
4190.3,10.357794172216908,3.0612785494744887,2.1814691927592623e+27
4200.3,10.357692162497868,3.060736524174991,2.1732662786230462e+27
4210.3,10.357590562947182,3.060196292642622,2.1651136059701988e+27
4220.3,10.357489370899447,3.059657844342647,2.1570107488435092e+27
4230.3,10.357388583713092,3.059121168828362,2.1489572858948116e+27
4240.3,10.357288198770108,3.0585862557401415,2.1409528003243687e+27
4250.3,10.357188213475784,3.0580530948045013,2.1329968798211929e+27
4260.3,10.35708862525844,3.057521675833181,2.1250891165042894e+27
4270.3,10.356989431569168,3.0569919887222134,2.1172291068648028e+27
4280.3,10.35689062988158,3.05646402345104,2.109416451709053e+27
4290.3,10.356792217691545,3.0559377700816097,2.101650756102446e+27
4300.3,10.356694192516954,3.0554132187575127,2.0939316293142393e+27
4310.3,10.356596551897463,3.0548903597031014,2.0862586847631523e+27
4320.3,10.35649929339425,3.054369183222641,2.0786315399638043e+27
4330.3,10.356402414589787,3.053849679699468,2.0710498164739647e+27
4340.3,10.356305913087592,3.053331839595151,2.0635131398426033e+27
4350.3,10.356209786512,3.052815653448672,2.0560211395587267e+27
4360.3,10.356114032507936,3.052301111875613,2.048573449000985e+27
4370.3,10.356018648740683,3.0517882055673553,2.041169705388036e+27
4380.3,10.355923632895665,3.0512769252902885,2.0338095497296583e+27
4390.3,10.35582898267822,3.050767261885027,2.0264926267785926e+27
4400.3,10.355734695813384,3.050259206265637,2.0192185849831036e+27
4410.3,10.355640770045678,3.0497527494188854,2.0119870764402525e+27
4420.3,10.355547203138894,3.049247882403473,2.0047977568498595e+27
4430.3,10.355453992875889,3.0487445963493114,1.9976502854691544e+27
4440.3,10.355361137058372,3.048242882456767,1.9905443250680947e+27
4450.3,10.355268633506707,3.047742731995955,1.9834795418853478e+27
4460.3,10.355176480059708,3.0472441363060194,1.97645560558492e+27
4470.3,10.355084674574439,3.046747086794422,1.9694721892134227e+27
4480.3,10.354993214926026,3.046251574936261,1.962528969157969e+27
4490.3,10.354902099007452,3.04575759227356,1.9556256251046838e+27
4500.3,10.354811324729377,3.045265130414612,1.948761839997822e+27
4510.3,10.354720890019944,3.044774181033292,1.9419372999994813e+27
4520.3,10.354630792824592,3.0442847358683993,1.935151694449903e+27
4530.3,10.354541031105875,3.0437967867230054,1.9284047158283477e+27
4540.3,10.354451602843278,3.043310325463803,1.921696059714538e+27
4550.3,10.354362506033047,3.0428253440204722,1.9150254247506584e+27
4560.3,10.354273738687997,3.042341834385047,1.908392512603904e+27
4570.3,10.354185298837352,3.0418597886112906,1.9017970279295658e+27
4580.3,10.354097184526568,3.0413791988140892,1.8952386783346504e+27
4590.3,10.354009393817156,3.0409000571688294,1.8887171743420148e+27
4600.3,10.353921924786526,3.040422355910808,1.8822322293550205e+27
4610.3,10.353834775527814,3.039946087334638,1.8757835596226854e+27
4620.3,10.35374794414972,3.0394712437936633,1.8693708842053374e+27
4630.3,10.353661428776348,3.0389978176993733,1.8629939249407522e+27
4640.3,10.353575227547044,3.038525801520837,1.8566524064107719e+27
4650.3,10.353489338616239,3.0380551877841384,1.850346055908396e+27
4660.3,10.353403760153295,3.037585969071811,1.8440746034053366e+27
4670.3,10.353318490342353,3.0371181380223007,1.8378377815200317e+27
4680.3,10.353233527382178,3.0366516873294063,1.8316353254861048e+27
4690.3,10.35314886948601,3.036186609741748,1.82546697312127e+27
4700.3,10.353064514881414,3.035722898062232,1.8193324647966704e+27
4710.3,10.352980461810139,3.035260545147527,1.8132315434066453e+27
4720.3,10.352896708527972,3.0347995439075475,1.807163954338918e+27
4730.3,10.352813253304593,3.034339887304937,1.8011294454452002e+27
4740.3,10.352730094423436,3.033881568354558,1.7951277670121987e+27
4750.3,10.352647230181551,3.033424580123002,1.7891586717330316e+27
4760.3,10.352564658889467,3.0329689157280786,1.7832219146790322e+27
4770.3,10.352482378871048,3.032514568338332,1.7773172532719457e+27
4780.3,10.352400388463376,3.032061531172568,1.7714444472565064e+27
4790.3,10.352318686016602,3.0316097974993585,1.765603258673393e+27
4800.3,10.352237269893825,3.0311593606365843,1.7597934518325536e+27
4810.3,10.352156138470958,3.0307102139509525,1.7540147932868942e+27
4820.3,10.352075290136602,3.0302623508575453,1.7482670518063296e+27
4830.3,10.351994723291922,3.0298157648193635,1.7425499983521824e+27
4840.3,10.35191443635052,3.0293704493468754,1.7368634060519356e+27
4850.3,10.351834427738314,3.0289263979975614,1.7312070501743228e+27
4860.3,10.351754695893412,3.0284836043754852,1.7255807081047583e+27
4870.3,10.351675239265996,3.0280420621308513,1.719984159321099e+27
4880.3,10.351596056318204,3.0276017649595808,1.7144171853697293e+27
4890.3,10.351517145524012,3.0271627066028777,1.708879569841973e+27
4900.3,10.351438505369112,3.0267248808468086,1.703371098350819e+27
4910.3,10.35136013435081,3.0262882815218983,1.6978915585079554e+27
4920.3,10.351282030977897,3.0258529025026975,1.6924407399011196e+27
4930.3,10.351204193770554,3.0254187377073984,1.687018434071739e+27
4940.3,10.35112662126023,3.024985781097417,1.6816244344928808e+27
4950.3,10.351049311989534,3.024554026677002,1.676258536547485e+27
4960.3,10.350972264512134,3.0241234684928404,1.6709205375068918e+27
4970.3,10.35089547739264,3.0236941006336693,1.6656102365096526e+27
4980.3,10.35081894920651,3.023265917229888,1.6603274345406176e+27
4990.3,10.350742678539936,3.022838912453187,1.6550719344103033e+27
5000.3,10.350666663989745,3.022413080516157,1.6498435407345274e+27
