Time,Mass,Radius,Lx
23.0,17.64555492954335,10.27,1.3000000000000013e+30
24.0,17.622092496358082,10.224010817937618,1.2408767949134143e+30
25.0,17.599906940645706,10.180186615341762,1.1866955048657582e+30
26.0,17.578881330373882,10.138344412191499,1.1368691920015191e+30
27.0,17.55891344163823,10.098323008369231,1.0908997490675534e+30
28.0,17.53991344268715,10.059979694832975,1.048361767705471e+30
29.0,17.521802010815502,10.023187559168662,1.0088897907278946e+30
30.0,17.504508789341145,9.987833261631591,9.721681495277018e+29
31.0,17.48797111414707,9.953815186817998,9.379227960057958e+29
32.0,17.472132955660868,9.92104189763219,9.059146875551647e+29
33.0,17.456944034337994,9.889430834344058,8.759343917516788e+29
34.0,17.442359076881555,9.858907213738787,8.47797656640924e+29
35.0,17.428337187387303,9.829403092684862,8.213417511904835e+29
36.0,17.41484131292792,9.800856567630907,7.964224243547878e+29
37.0,17.401837787202084,9.773211087122498,7.7291136430766e+29
38.0,17.389295939072635,9.74641485879805,7.506940645929665e+29
39.0,17.377187755325522,9.720420335766399,7.296680232716395e+29
40.0,17.365487588960185,9.695183770001833,7.097412160825556e+29
41.0,17.354171905894166,9.670664822575414,6.908307962644598e+29
42.0,17.343219064221593,9.646826222295903,6.72861982800736e+29
43.0,17.332609121175718,9.623633465751533,6.557671060380727e+29
44.0,17.32232366376286,9.601054552896299,6.394847853351272e+29
45.0,17.312345659699318,9.579059753265488,6.239592179507121e+29
46.0,17.302659325825534,9.557621398678037,6.091395620352419e+29
47.0,17.29325001161717,9.536713698920327,5.949793995370995e+29
48.0,17.284104095780258,9.516312577433968,5.8143626722557776e+29
49.0,17.275208894221695,9.496395524469209,5.6847124597894446e+29
50.0,17.26655257793963,9.476941465532464,5.560486000793211e+29
51.0,17.258124099589427,9.457930643264007,5.441354595654172e+29
52.0,17.24991312765817,9.43934451114083,5.327015397747416e+29
53.0,17.24190998732969,9.421165637618328,5.217188931022641e+29
54.0,17.234105607247848,9.403377619509866,5.1116168874720316e+29
55.0,17.22649147149252,9.385965003560957,5.010060168413015e+29
56.0,17.21905957617325,9.368913215309181,4.912297138727708e+29
57.0,17.211802390122788,9.352208494436162,4.818122067578821e+29
58.0,17.204712819238743,9.335837835916616,4.7273437328139695e+29
59.0,17.197784174078304,9.319788936354456,4.639784169393824e+29
60.0,17.19101014035958,9.304050144969375,4.555277544830118e+29
61.0,17.184384752065178,9.288610418760717,4.4736691468751415e+29
62.0,17.17790236687991,9.2734592814305,4.3948144706295346e+29
63.0,17.171557643725986,9.25858678569536,4.318578393882565e+29
64.0,17.165345522186414,9.243983478658896,4.244834430912657e+29
65.0,17.15926120363108,9.22964036995228,4.17346405619185e+29
66.0,17.153300133880812,9.215548902383027,4.104356090486332e+29
67.0,17.14745798726286,9.201700924859649,4.037406142751593e+29
68.0,17.141730651927165,9.188088667384728,3.972516102005818e+29
69.0,17.13611421630679,9.174704717930414,3.909593674047007e+29
70.0,17.130604956618182,9.161542001029707,3.848551958472533e+29
71.0,17.125199325307808,9.148593757933586,3.7893090619771905e+29
72.0,17.119893940361255,9.135853528199265,3.7317877443578505e+29
73.0,17.114685575399456,9.123315132587978,3.6759150940485624e+29
74.0,17.109571150494116,9.11097265716264,3.621622230357145e+29
75.0,17.104547723641215,9.098820438486218,3.568844029879372e+29
76.0,17.0996124828373,9.086853049831062,3.5175188748354985e+29
77.0,17.094762738708678,9.075065288317823,3.4675884213107645e+29
78.0,17.089995917648228,9.063452162910155,3.418997385590821e+29
79.0,17.085309555418938,9.052008883198004,3.3716933469682724e+29
80.0,17.08070129118689,9.040730848908497,3.325626565560673e+29
81.0,17.076168861949913,9.029613640088744,3.280749813826131e+29
82.0,17.071710097331117,9.01865300790978,3.237018220592231e+29
83.0,17.06732291470932,9.007844866045351,3.194389126529449e+29
84.0,17.063005314660725,8.997185282583077,3.1528219501031105e+29
85.0,17.058755376688595,8.986670472429282,3.112278063129929e+29
86.0,17.054571255219475,8.976296790171894,3.0727206751473016e+29
87.0,17.050451175846522,8.966060723368816,3.0341147258772174e+29
88.0,17.046393431801985,8.955958886231876,2.996426785132613e+29
89.0,17.04239638064245,8.94598801367874,2.959624959573306e+29
90.0,17.038458441131784,8.936144955727599,2.923678805771911e+29
91.0,17.034578090307903,8.926426672211198,2.8885592490981226e+29
92.0,17.03075386072069,8.916830227788793,2.854238507972969e+29
93.0,17.02698433782927,8.907352787236182,2.8206900230836446e+29
94.0,17.023268157547882,8.897991610995481,2.7878883911847663e+29
95.0,17.01960400393037,8.888744050967759,2.7558093031437533e+29
96.0,17.01599060698409,8.879607546532835,2.7244294859168765e+29
97.0,17.012426740604734,8.870579620781786,2.6937266481686677e+29
98.0,17.008911220624224,8.861657876948703,2.6636794292710938e+29
99.0,17.005442902964376,8.85283999502923,2.634267351440441e+29
100.0,17.002020681889615,8.844123728574386,2.6054707747894367e+29
101.0,16.99864348835249,8.835506901648863,2.5772708550899517e+29
111.0,16.96713616166762,8.75437413609674,2.324437984997128e+29
121.0,16.939176737103267,8.681220331940212,2.1151763690179396e+29
131.0,16.914116120416104,8.6146884986865,1.9392351318941063e+29
141.0,16.89146279581977,8.553735282069818,1.7893289973988682e+29
151.0,16.870836438952303,8.497541953484676,1.6601412508120568e+29
161.0,16.851937272933515,8.44545474893135,1.5477028740753549e+29
171.0,16.834525200879458,8.39694369414543,1.448992273553264e+29
181.0,16.818405219249517,8.35157346267442,1.361669390836339e+29
191.0,16.803416986529193,8.308982292388094,1.2838944200146155e+29
201.0,16.78942721250292,8.26886643457267,1.214201347327703e+29
211.0,16.776324005921303,8.230968485676184,1.1514079262847705e+29
221.0,16.764012609535303,8.195068497434573,1.0945504197234226e+29
231.0,16.752412135805923,8.160977110143989,1.042835519704246e+29
241.0,16.741453036156223,8.12853018244076,9.956043995181348e+28
251.0,16.73107511587885,8.097584543873216,9.523054758615848e+28
261.0,16.721225960379435,8.068014600828315,9.124735183555713e+28
271.0,16.711859675296004,8.039709598730864,8.7571344796518e+28
281.0,16.70293586881302,8.012571394440414,8.416876427147388e+28
291.0,16.69441882278773,7.9865126292549,8.101058971763125e+28
301.0,16.686276812474812,7.96145521937723,7.807174113378478e+28
311.0,16.678481544232106,7.9373291001100466,7.533043466954757e+28
321.0,16.671007687665934,7.914071174451266,7.276766037630133e+28
331.0,16.663832483948806,7.8916244275717204,7.036675596232745e+28
341.0,16.656935416013145,7.869937176845102,6.811305660941079e+28
351.0,16.650297929342905,7.848962433362258,6.599360550034547e+28
361.0,16.643903194399172,7.828657355691213,6.399691314371977e+28
371.0,16.637735903505007,7.808982780399184,6.2112756177983565e+28
381.0,16.631782096408912,7.789902816794552,6.033200831370579e+28
391.0,16.62602900984043,7.771384495667768,5.864649759063266e+28
401.0,16.620464947236062,7.75339746365397,5.704888530010441e+28
411.0,16.615079165501534,7.735913716314018,5.553256283790045e+28
421.0,16.609861776226897,7.71890736421609,5.409156346978851e+28
431.0,16.604803659214127,7.70235442725876,5.272048655810675e+28
441.0,16.599896386535633,7.686232653256251,5.141443224716745e+28
451.0,16.595132155633962,7.67052135744386,5.016894496420227e+28
461.0,16.59050373021179,7.655201280085157,4.897996438077205e+28
471.0,16.586004387857418,7.640254459794546,4.784378271218168e+28
481.0,16.581627873513003,7.625664120546938,4.675700742112364e+28
491.0,16.577368358026938,7.611414570644422,4.571652854554647e+28
501.0,16.573220401143647,7.597491112158945,4.471948999663254e+28
511.0,16.569178918377435,7.583879959579143,4.376326427627642e+28
521.0,16.565239151295437,7.570568166565522,4.284543014891186e+28
531.0,16.56139664080069,7.557543559866982,4.196375287337129e+28
541.0,16.557647203062178,7.544794679577937,4.1116166659400675e+28
551.0,16.553986907785873,7.532310725022574,4.0300759062673705e+28
561.0,16.55041205856114,7.520081505644606,3.9515757073397743e+28
571.0,16.546919175051116,7.5080973963591635,3.875951468828948e+28
581.0,16.543504976825016,7.496349296890971,3.803050178495912e+28
591.0,16.5401663686556,7.484828594680907,3.7327294142504107e+28
601.0,16.53690042712664,7.4735271309931885,3.6648564473131897e+28
611.0,16.533704388413963,7.462437169898649,3.599307434752404e+28
621.0,16.530575637119902,7.4515513698474045,3.5359666911928468e+28
631.0,16.527511696054887,7.4408627575767134,3.4747260308041783e+28
641.0,16.524510216872265,7.430364704128545,3.415484171796498e+28
651.0,16.521568971472952,7.420050902776207,3.358146196617101e+28
661.0,16.5186858441059,7.409915348681281,3.30262306187505e+28
671.0,16.515858824098412,7.399952320121274,3.2488311527401876e+28
681.0,16.513085999157543,7.390156361145237,3.1966918771871474e+28
691.0,16.51036554919001,7.380522265529512,3.146131295996769e+28
701.0,16.507695740593647,7.371045061918837,3.0970797848989816e+28
711.0,16.50507492097822,7.361720000049681,3.0494717256525284e+28
721.0,16.50250151427776,7.352542537962973,3.0032452232164376e+28
731.0,16.499974016220413,7.343508330122516,2.9583418464829187e+28
741.0,16.49749099012511,7.334613216363458,2.9147063903175923e+28
751.0,16.49505106299746,7.325853211602542,2.87228665689571e+28
761.0,16.492652921899833,7.3172244962481745,2.831033254536812e+28
771.0,16.49029531057309,7.30872340725424,2.7908994124288685e+28
781.0,16.487977026289478,7.3003464297666785,2.75184080979956e+28
791.0,16.48569691691813,7.292090189316527,2.7138154182398736e+28
801.0,16.483453878186307,7.2839514445172195,2.676783356015927e+28
811.0,16.48124685112108,7.2759270802277705,2.640706753321056e+28
821.0,16.479074819657484,7.268014101146727,2.6055496275234403e+28
831.0,16.47693680840041,7.260209625804871,2.571277767556506e+28
841.0,16.47483188052866,7.252510880927387,2.537858626681372e+28
851.0,16.47275913583055,7.244915196138667,2.5052612229238552e+28
861.0,16.470717708861347,7.237419998985144,2.4734560465540955e+28
871.0,16.468706767213682,7.2300228102536295,2.442414974035536e+28
881.0,16.466725509892807,7.222721239564425,2.4121111879226405e+28
891.0,16.464773165789193,7.215512981220147,2.3825191022339994e+28
901.0,16.462848992241653,7.208395810292753,2.353614292869957e+28
911.0,16.46095227368467,7.201367578932604,2.325373432682174e+28
921.0,16.459082320374115,7.194426212884705,2.297774230837011e+28
931.0,16.45723846718604,7.187569708198344,2.2707953761457297e+28
941.0,16.455420072483605,7.180796128117468,2.244416484062632e+28
951.0,16.453626517047578,7.174103600140036,2.2186180470776784e+28
961.0,16.451857203066254,7.167490313235536,2.1933813882531377e+28
971.0,16.450111553180868,7.160954515210555,2.168688617674695e+28
981.0,16.448389009582943,7.154494510213132,2.144522591606381e+28
991.0,16.446689033160236,7.14810865636721,2.1208668741558565e+28
1001.0,16.445011226334408,7.141795391977384,2.096685187547185e+28
1011.0,16.443359232152076,7.135554129908705,2.0640014744421137e+28
1021.0,16.441735404329833,7.1293840278639315,2.0321414679159034e+28
1031.0,16.44013899095266,7.123283570775852,2.001076642701022e+28
1041.0,16.438569267267265,7.117251290432781,1.9707797251526444e+28
1051.0,16.437025534450143,7.111285763588478,1.9412246269759371e+28
1061.0,16.43550711844266,7.105385610165685,1.91238638305235e+28
1071.0,16.434013368848916,7.0995494915478385,1.8842410930755812e+28
1081.0,16.432543657892435,7.09377610895384,1.8567658667307866e+28
1091.0,16.43109737942809,7.088064201891088,1.829938772171503e+28
1101.0,16.42967394800577,7.082412546682329,1.8037387875678446e+28
1111.0,16.42827279798274,7.076819955062168,1.7781457555169542e+28
1121.0,16.426893382681637,7.071285272839335,1.7531403401226793e+28
1131.0,16.42553517359147,7.0658073786210664,1.7287039865660197e+28
1141.0,16.424197659609007,7.060385182596185,1.7048188830012947e+28
1151.0,16.422880346318195,7.055017625373704,1.681467924625251e+28
1161.0,16.421582755305394,7.049703676873918,1.6586346797775885e+28
1171.0,16.420304423508348,7.044442335269222,1.6363033579417272e+28
1181.0,16.419044902596948,7.039232625971993,1.6144587795241503e+28
1191.0,16.41780375838401,7.034073600667043,1.5930863472993976e+28
1201.0,16.416580570264344,7.028964336386371,1.572172019415829e+28
1211.0,16.41537493068054,7.023903934623986,1.551702283864702e+28
1221.0,16.414186444613993,7.018891520488745,1.5316641343219234e+28
1231.0,16.413014729099793,7.013926241893294,1.5120450472781544e+28
1241.0,16.411859412764134,7.009007268777292,1.4928329603787528e+28
1251.0,16.410720135383073,7.004133792363183,1.4740162519004143e+28
1261.0,16.409596547461465,6.999305024442901,1.4555837212963397e+28
1271.0,16.408488309830993,6.994520196694015,1.4375245707463438e+28
1281.0,16.407395093266317,6.9897785600238524,1.419828387652576e+28
1291.0,16.40631657811834,6.985079383940237,1.4024851280254492e+28
1301.0,16.405252453963755,6.980421955947575,1.3854851007080296e+28
1311.0,16.404202419269996,6.975805580967098,1.3688189523905096e+28
1321.0,16.403166181074816,6.9712295807800775,1.3524776533695295e+28
1331.0,16.40214345467974,6.966693293492973,1.3364524840100124e+28
1341.0,16.401133963356706,6.962196073023446,1.3207350218698983e+28
1351.0,16.400137438067226,6.957737288606333,1.3053171294506506e+28
1361.0,16.39915361719343,6.95331632431861,1.290190942538763e+28
1371.0,16.39818224628045,6.948932578622491,1.2753488591056564e+28
1381.0,16.397223077789512,6.944585463925872,1.26078352873538e+28
1391.0,16.396275870861313,6.940274406159309,1.2464878425514155e+28
1401.0,16.395340391089093,6.935998844368797,1.2324549236156304e+28
1411.0,16.394416410301,6.931758230323659,1.2186781177740736e+28
1421.0,16.393503706351282,6.927552028138885,1.20515098492582e+28
1431.0,16.392602062919867,6.923379713911272,1.1918672906925006e+28
1441.0,16.391711269319998,6.919240775368776,1.1788209984674861e+28
1451.0,16.390831120313475,6.915134711532522,1.1660062618249217e+28
1461.0,16.389961415933207,6.911061032390895,1.1534174172699892e+28
1471.0,16.389101961312704,6.907019258585255,1.1410489773128387e+28
1481.0,16.388252566522212,6.903008921106707,1.1288956238496592e+28
1491.0,16.387413046411176,6.89902956100355,1.1169522018353043e+28
1501.0,16.386583220456753,6.895080729098897,1.1052137132327729e+28
1511.0,16.38576291261811,6.891161985718069,1.0936753112256887e+28
1521.0,16.384951951196225,6.887272900425367,1.0823322946806886e+28
1531.0,16.38415016869899,6.883413051769827,1.0711801028473773e+28
1541.0,16.383357401711326,6.879582027039607,1.060214310284176e+28
1551.0,16.382573490770152,6.875779422024648,1.0494306219990553e+28
1561.0,16.381798280243956,6.872004840787277,1.0388248687947242e+28
1571.0,16.38103161821678,6.868257895440459,1.028393002808442e+28
1581.0,16.380273356376442,6.864538205933348,1.0181310932371252e+28
1591.0,16.3795233499068,6.8608453998439245,1.0080353222389458e+28
1601.0,16.37878145738389,6.857179112178356,9.981019810030796e+27
1611.0,16.37804754067579,6.853538985176902,9.883274659796986e+27
1621.0,16.377321464846023,6.849924668126047,9.787082752627378e+27
1631.0,16.376603098060396,6.846335817176662,9.692410051183406e+27
1641.0,16.375892311497086,6.842772095167971,9.599223466522695e+27
1651.0,16.375188979259885,6.839233171457037,9.507490826099098e+27
1661.0,16.37449297829443,6.835718721753674,9.417180843028301e+27
1671.0,16.373804188307343,6.832228427960466,9.328263086561628e+27
1681.0,16.37312249168813,6.828761978017781,9.240707953713695e+27
1691.0,16.372447773433734,6.82531906575357,9.154486641992275e+27
1701.0,16.371779921075667,6.821899390737762,9.069571123181314e+27
1711.0,16.371118824609564,6.818502658141117,8.985934118130545e+27
1721.0,16.370464376427115,6.815128578598358,8.903549072507418e+27
1731.0,16.369816471250257,6.811776868075414,8.822390133469295e+27
1741.0,16.369175006067536,6.80844724774067,8.742432127215881e+27
1751.0,16.368539880072575,6.805139443840025,8.663650537383871e+27
1761.0,16.367910994604546,6.801853187575679,8.586021484247607e+27
1771.0,16.36728825309057,6.798588214988483,8.509521704691311e+27
1781.0,16.36667156099,6.795344266843717,8.434128532920082e+27
1791.0,16.36606082574047,6.792121088520219,8.359819881878479e+27
1801.0,16.365455956705695,6.788918429902727,8.286574225346919e+27
1811.0,16.364856865124917,6.785736045277309,8.214370580687587e+27
1821.0,16.364263464063942,6.782573693229779,8.143188492212848e+27
1831.0,16.363675668367726,6.779431136547032,8.073008015150448e+27
1841.0,16.363093394614456,6.776308142121174,8.003809700180945e+27
1851.0,16.36251656107103,6.773204480856316,7.935574578523999e+27
1861.0,16.36194508764994,6.770119927578028,7.868284147551169e+27
1871.0,16.36137889586747,6.767054260945285,7.801920356903956e+27
1881.0,16.36081790880318,6.764007263364864,7.736465595096724e+27
1891.0,16.360262051060612,6.760978720908097,7.671902676585116e+27
1901.0,16.3597112487292,6.757968423229924,7.608214829281425e+27
1911.0,16.359165429347318,6.754976163490124,7.545385682499208e+27
1921.0,16.358624521866435,6.752001738276711,7.483399255310252e+27
1931.0,16.358088456616354,6.749044947531388,7.4222399452977e+27
1941.0,16.35755716527145,6.746105594476992,7.361892517689919e+27
1951.0,16.35703058081795,6.743183485546901,7.302342094860309e+27
1961.0,16.35650863752211,6.7402784303162875,7.243574146178951e+27
1971.0,16.355991270899406,6.737390241435229,7.18557447820257e+27
1981.0,16.355478417684527,6.7345187345635225,7.128329225189895e+27
1991.0,16.354970015802316,6.731663728307268,7.071824839930029e+27
2001.0,16.35446600433949,6.728825044157052,7.016048084872011e+27
2011.0,16.353966323517202,6.726002506427765,6.960986023544215e+27
2021.0,16.353470914664374,6.723195942199947,6.906626012252727e+27
2031.0,16.35297972019178,6.720405181262658,6.852955692048337e+27
2041.0,16.352492683566872,6.717630056057793,6.799962980952132e+27
2051.0,16.352009749289298,6.714870401625813,6.747636066430181e+27
2061.0,16.35153086286712,6.712126055552856,6.695963398108161e+27
2071.0,16.351055970793674,6.7093968579191685,6.644933680717139e+27
2081.0,16.35058502052509,6.706682651248826,6.594535867262108e+27
2091.0,16.350117960458423,6.703983280460722,6.544759152405222e+27
2101.0,16.349654739910363,6.701298592820747,6.495592966055977e+27
2111.0,16.349195309096565,6.698628437895172,6.447026967160933e+27
2121.0,16.3487396191115,6.6959726675051545,6.399051037685849e+27
2131.0,16.348287621908888,6.693331135682376,6.351655276783385e+27
2141.0,16.34783927028261,6.690703698625738,6.304829995139834e+27
2151.0,16.34739451784818,6.688090214659129,6.258565709494556e+27
2161.0,16.34695331902468,6.685490544190182,6.212853137326087e+27
2171.0,16.346515629017187,6.682904549670045,6.167683191699095e+27
2181.0,16.346081403799644,6.6803320955541,6.123046976266613e+27
2191.0,16.34565060009821,6.677773048263614,6.07893578042216e+27
2201.0,16.345223175375022,6.6752272761483,6.035341074596637e+27
2211.0,16.34479908781239,6.672694649449761,5.992254505694992e+27
2221.0,16.344378296297403,6.670175040265788,5.949667892667923e+27
2231.0,16.343960760406922,6.667668322515489,5.907573222214029e+27
2241.0,16.343546440392966,6.6651743719052305,5.865962644607994e+27
2251.0,16.343135297168473,6.662693065895363,5.824828469650572e+27
2261.0,16.342727292293418,6.660224283667725,5.784163162736299e+27
2271.0,16.342322387961282,6.657767906093865,5.743959341034993e+27
2281.0,16.341920546985875,6.6553238157040155,5.70420976978328e+27
2291.0,16.341521732788465,6.652891896656758,5.664907358682509e+27
2301.0,16.34112590938526,6.650472034709377,5.626045158399532e+27
2311.0,16.340733041375167,6.6480641171888735,5.587616357167025e+27
2321.0,16.340343093927892,6.645668032963643,5.549614277480053e+27
2331.0,16.339956032772307,6.643283672415775,5.512032372885785e+27
2341.0,16.3395718241851,6.640910927413968,5.47486422486334e+27
2351.0,16.339190434979727,6.638549691287048,5.438103539790855e+27
2361.0,16.33881183249561,6.636199858798069,5.401744145996978e+27
2371.0,16.338435984587615,6.633861326118973,5.365779990894103e+27
2381.0,16.338062859615764,6.631533990805826,5.330205138190732e+27
2391.0,16.337692426435215,6.62921775177456,5.295013765180468e+27
2401.0,16.337324654386467,6.626912509277275,5.260200160105215e+27
2411.0,16.336959513285812,6.624618164879017,5.225758719590265e+27
2421.0,16.336596973415997,6.622334621435089,5.191683946149011e+27
2431.0,16.33623700551712,6.620061783068822,5.157970445755137e+27
2441.0,16.335879580777735,6.617799555149828,5.124612925480162e+27
2451.0,16.335524670826175,6.615547844272717,5.091606191194353e+27
2461.0,16.33517224772206,6.613306558236257,5.058945145329029e+27
2471.0,16.334822283948018,6.611075606022984,5.02662478469839e+27
2481.0,16.334474752401594,6.608854897779226,4.994640198379061e+27
2491.0,16.334129626387337,6.606644344795544,4.962986565645567e+27
2501.0,16.33378687960909,6.604443859487599,4.9316591539600843e+27
2511.0,16.333446486162423,6.60225335537738,4.900653317014806e+27
2521.0,16.33310842052728,6.6000727470748615,4.869964492825346e+27
2531.0,16.33277265756076,6.597901950260001,4.839588201873655e+27
2541.0,16.33243917249007,6.595740881665122,4.8095200452989865e+27
2551.0,16.332107940905647,6.593589459057659,4.7797557031354577e+27
2561.0,16.33177893875443,6.591447601223237,4.750290932594863e+27
2571.0,16.331452142333266,6.589315227949109,4.7211215663933745e+27
2581.0,16.331127528282494,6.587192260007921,4.6922435111208663e+27
2591.0,16.330805073579636,6.5850786191417985,4.663652745651602e+27
2601.0,16.330484755533263,6.582974228046753,4.6353453195950926e+27
2611.0,16.330166551776966,6.58087901035741,4.607317351785943e+27
2621.0,16.329850440263474,6.578792890632013,4.579565028811587e+27
2631.0,16.329536399258906,6.576715794337753,4.552084603576793e+27
2641.0,16.32922440733713,6.574647647836372,4.524872393903899e+27
2651.0,16.32891444337426,6.572588378370048,4.4979247811677656e+27
2661.0,16.32860648654327,6.570537914047556,4.4712382089644365e+27
2671.0,16.328300516308712,6.568496183830701,4.4448091818125694e+27
2681.0,16.327996512421567,6.566463117521019,4.4186342638867044e+27
2691.0,16.327694454914184,6.564438645746719,4.3927100777814805e+27
2701.0,16.327394324095344,6.562422699949886,4.3670333033059163e+27
2711.0,16.32709610054542,6.560415212373938,4.341600676306936e+27
2721.0,16.326799765111637,6.558416116051301,4.3164089875213133e+27
2731.0,16.326505298903456,6.556425344791338,4.2914550814552483e+27
2741.0,16.326212683288006,6.554442833168496,4.266735855290816e+27
2751.0,16.32592189988566,6.552468516510677,4.242248257818543e+27
2761.0,16.325632930565682,6.550502330887838,4.2179892883954054e+27
2771.0,16.32534575744196,6.548544213100785,4.193955995927533e+27
2781.0,16.325060362868832,6.5465941006702,4.170145477876974e+27
2791.0,16.324776729437016,6.544651931825847,4.146554879291843e+27
2801.0,16.324494839969578,6.542717645496005,4.1231813918592354e+27
2811.0,16.324214677518036,6.5407911812970685,4.100022252980289e+27
2821.0,16.32393622535851,6.538872479523368,4.0770747448668025e+27
2831.0,16.32365946698795,6.536961481137144,4.0543361936588194e+27
2841.0,16.32338438612047,6.535058127758738,4.031803968562649e+27
2851.0,16.323110966683707,6.53316236165694,4.009475481008744e+27
2861.0,16.32283919281531,6.531274125739511,3.9873481838289396e+27
2871.0,16.322569048859446,6.529393363543898,3.96541957045253e+27
2881.0,16.322300519363417,6.527520019228087,3.943687174120682e+27
2891.0,16.322033589074316,6.525654037561647,3.9221485671187216e+27
2901.0,16.321768242935768,6.523795363916905,3.9008013600258117e+27
2911.0,16.321504466084722,6.521943944260315,3.879643200981576e+27
2921.0,16.321242243848317,6.520099725143945,3.8586717749692256e+27
2931.0,16.320981561740805,6.518262653697144,3.837884803114773e+27
2941.0,16.320722405460526,6.516432677618324,3.8172800420019e+27
2951.0,16.320464760886956,6.5146097451669185,3.796855283002092e+27
2961.0,16.320208614077806,6.512793805155468,3.77660835161965e+27
2971.0,16.319953951266175,6.510984806941837,3.756537106851188e+27
2981.0,16.319700758857756,6.509182700421574,3.736639440559264e+27
2991.0,16.319449023428106,6.507387436020407,3.716913276859767e+27
3001.0,16.31919873171996,6.505598964686863,3.697356571522737e+27
3011.0,16.318949870640598,6.503817237885018,3.6779673113862576e+27
3021.0,16.318702427259254,6.502042207587364,3.658743513783109e+27
3031.0,16.318456388804595,6.5002738262678115,3.6396832259798527e+27
3041.0,16.318211742662232,6.498512046894804,3.6207845246280455e+27
3051.0,16.317968476372272,6.496756822924542,3.6020455152272776e+27
3061.0,16.317726577626935,6.495008108294332,3.5834643315997426e+27
3071.0,16.317486034268196,6.49326585741605,3.5650391353760577e+27
3081.0,16.317246834285488,6.491530025169707,3.5467681154920514e+27
3091.0,16.317008965813432,6.48980056689712,3.5286494876962617e+27
3101.0,16.31677241712963,6.488077438395706,3.5106814940678633e+27
3111.0,16.316537176652474,6.486360595912354,3.492862402544799e+27
3121.0,16.31630323293901,6.484649996137426,3.4751905064618355e+27
3131.0,16.31607057468284,6.4829455961988405,3.4576641240983264e+27
3141.0,16.315839190712055,6.481247353656244,3.440281598235443e+27
3151.0,16.31560906998722,6.479555226495307,3.423041295722635e+27
3161.0,16.31538020159939,6.477869173122098,3.40594160705312e+27
3171.0,16.31515257476814,6.476189152357538,3.3889809459481616e+27
3181.0,16.314926178839663,6.474515123431964,3.37215774894995e+27
3191.0,16.314701003284892,6.472847045979776,3.355470475022865e+27
3201.0,16.314477037697646,6.471184880034166,3.3389176051629313e+27
3211.0,16.31425427179282,6.469528586021928,3.322497642015267e+27
3221.0,16.314032695404592,6.467878124758375,3.306209109499347e+27
3231.0,16.313812298484688,6.4662334574423,3.2900505524418795e+27
3241.0,16.31359307110065,6.464594545651053,3.274020536217149e+27
3251.0,16.313375003434164,6.462961351335679,3.2581176463946114e+27
3261.0,16.313158085779374,6.4613338368161255,3.242340488393611e+27
3271.0,16.312942308541277,6.459711964776554,3.226687687145025e+27
3281.0,16.312727662234106,6.458095698260694,3.211157886759702e+27
3291.0,16.31251413747977,6.456485000667287,3.1957497502035086e+27
3301.0,16.312301725006293,6.454879835745608,3.180461958978862e+27
3311.0,16.312090415646306,6.453280167591034,3.165293212812575e+27
3321.0,16.311880200335548,6.4516859606407095,3.150242229349894e+27
3331.0,16.311671070111398,6.450097179669253,3.135307743854561e+27
3341.0,16.31146301611144,6.448513789784553,3.1204885089147895e+27
3351.0,16.311256029572032,6.446935756423615,3.1057832941550056e+27
3361.0,16.311050101826936,6.445363045348479,3.0911908859532264e+27
3371.0,16.310845224305922,6.443795622642195,3.076710087163955e+27
3381.0,16.31064138853344,6.4422334547048585,3.062339716846457e+27
3391.0,16.31043858612729,6.440676508249718,3.0480786099983143e+27
3401.0,16.31023680879732,6.439124750299328,3.033925617294123e+27
3411.0,16.310036048344152,6.437578148181776,3.0198796048292295e+27
3421.0,16.309836296657917,6.436036669526947,3.005939453868399e+27
3431.0,16.309637545717024,6.434500282262851,2.992104060599286e+27
3441.0,16.309439787586946,6.432968954612031,2.9783723358906276e+27
3451.0,16.309243014419017,6.431442655087981,2.964743205055042e+27
3461.0,16.309047218449265,6.429921352491652,2.951215607616327e+27
3471.0,16.308852391997245,6.428405015907996,2.937788497081173e+27
3481.0,16.30865852746491,6.426893614702557,2.9244608407151837e+27
3491.0,16.30846561733549,6.425387118518131,2.9112316193231195e+27
3501.0,16.308273654172392,6.4238854972714545,2.898099827033263e+27
3511.0,16.30808263061812,6.422388721149954,2.885064471085827e+27
3521.0,16.3078925393932,6.420896760608544,2.8721245716253105e+27
3531.0,16.30770337329515,6.4194095863664575,2.8592791614967253e+27
3541.0,16.307515125197437,6.4179271694041535,2.8465272860456e+27
3551.0,16.307327788048465,6.416449480960219,2.833868002921696e+27
3561.0,16.307141354870577,6.41497649252838,2.8213003818863374e+27
3571.0,16.306955818759082,6.413508175854503,2.8088235046232985e+27
3581.0,16.306771172881284,6.412044502933661,2.7964364645531555e+27
3591.0,16.306587410475526,6.410585446007248,2.7841383666510426e+27
3601.0,16.306404524850265,6.409130977560121,2.7719283272677345e+27
3611.0,16.306222509383147,6.407681070317789,2.759805473953985e+27
3621.0,16.3060413575201,6.4062356972436465,2.747768945288059e+27
3631.0,16.30586106277445,6.40479483153624,2.7358178907063815e+27
3641.0,16.305681618726034,6.4033584466265765,2.723951470337253e+27
3651.0,16.305503019020342,6.40192651617547,2.712168854837553e+27
3661.0,16.305325257367674,6.400499014070922,2.700469225232379e+27
3671.0,16.305148327542287,6.39907591442555,2.688851772757558e+27
3681.0,16.304972223381586,6.39765719157403,2.6773156987049714e+27
3691.0,16.304796938785312,6.396242820070608,2.665860214270633e+27
3701.0,16.304622467714736,6.394832774686606,2.6544845404054695e+27
3711.0,16.30444880419188,6.393427030407999,2.6431879076687423e+27
3721.0,16.304275942298734,6.3920255624330125,2.6319695560840617e+27
3731.0,16.304103876176516,6.3906283461697395,2.620828734997935e+27
3741.0,16.303932600024897,6.38923535723381,2.6097647029408043e+27
3751.0,16.303762108101278,6.387846571446087,2.5987767274905223e+27
3761.0,16.30359239472006,6.386461964830387,2.587864085138207e+27
3771.0,16.303423454251917,6.385081513611244,2.5770260611564446e+27
3781.0,16.303255281123107,6.383705194211688,2.5662619494697756e+27
3791.0,16.303087869814775,6.382332983251072,2.555571052527437e+27
3801.0,16.302921214862252,6.380964857542921,2.5449526811782977e+27
3811.0,16.3027553108544,6.379600794092799,2.534406154547956e+27
3821.0,16.30259015243295,6.378240770096223,2.5239307999179515e+27
3831.0,16.30242573429182,6.376884762936594,2.5135259526070486e+27
3841.0,16.302262051176513,6.375532750183162,2.503190955854554e+27
3851.0,16.302099097883445,6.374184709589011,2.492925160705628e+27
3861.0,16.301936869259347,6.3728406190890805,2.4827279258985435e+27
3871.0,16.30177536020063,6.3715004567981985,2.4725986177538674e+27
3881.0,16.30161456565279,6.370164201009166,2.4625366100655125e+27
3891.0,16.301454480609813,6.368831830190844,2.452541283993638e+27
3901.0,16.301295100113574,6.367503322986263,2.4426120279593464e+27
3911.0,16.30113641925326,6.3661786582107815,2.4327482375411607e+27
3921.0,16.30097843316481,6.364857814850257,2.4229493153732295e+27
3931.0,16.300821137030344,6.363540772059224,2.413214671045239e+27
3941.0,16.300664526077597,6.36222750915913,2.403543721003995e+27
3951.0,16.300508595579394,6.3609180056365595,2.393935888456641e+27
3961.0,16.300353340853093,6.359612241141505,2.3843906032754843e+27
3971.0,16.30019875726006,6.358310195485656,2.3749073019043982e+27
3981.0,16.30004484020515,6.357011848640701,2.3654854272667698e+27
3991.0,16.29989158513618,6.355717180736663,2.356124428674964e+27
4001.0,16.29973898754343,6.354426172060245,2.346823761741276e+27
4011.0,16.299587042959146,6.353138803053213,2.3375828882903452e+27
4021.0,16.299435746957023,6.351855054310779,2.3284012762729982e+27
4031.0,16.299285095151742,6.35057490658002,2.3192783996815e+27
4041.0,16.29913508319848,6.349298340758317,2.3102137384661816e+27
4051.0,16.298985706792433,6.348025337891809,2.301206778453426e+27
4061.0,16.298836961668357,6.346755879173857,2.2922570112649756e+27
4071.0,16.298688843600104,6.345489945943553,2.283363934238548e+27
4081.0,16.298541348400164,6.344227519684226,2.2745270503497288e+27
4091.0,16.298394471919227,6.342968582021971,2.26574586813512e+27
4101.0,16.298248210045735,6.341713114724204,2.257019901616722e+27
4111.0,16.298102558705448,6.34046109969823,2.2483486702275227e+27
4121.0,16.297957513861018,6.339212518989827,2.2397316987382762e+27
4131.0,16.297813071511563,6.337967354781856,2.231168517185447e+27
4141.0,16.297669227692246,6.336725589392875,2.222658660800297e+27
4151.0,16.297525978473878,6.335487205275786,2.2142016699390962e+27
4161.0,16.297383319962496,6.33425218501648,2.2057970900144377e+27
4171.0,16.29724124829897,6.333020511332524,2.197444471427635e+27
4181.0,16.297099759658614,6.331792167071834,2.1891433695021795e+27
4191.0,16.29695885025079,6.330567135211398,2.1808933444182485e+27
4201.0,16.296818516318517,6.329345398855981,2.1726939611482327e+27
4211.0,16.29667875413811,6.328126941236864,2.164544789393272e+27
4221.0,16.296539560018793,6.3269117457106105,2.1564454035207825e+27
4231.0,16.296400930302337,6.325699795757819,2.1483953825029496e+27
4241.0,16.296262861362695,6.324491074981905,2.140394309856181e+27
4251.0,16.296125349605642,6.323285567107913,2.1324417735814904e+27
4261.0,16.29598839146842,6.322083255981312,2.1245373661058052e+27
4271.0,16.295851983419393,6.320884125566833,2.1166806842241764e+27
4281.0,16.295716121957703,6.319688159947299,2.108871329042876e+27
4291.0,16.295580803612932,6.318495343322494,2.1011089059233668e+27
4301.0,16.295446024944752,6.317305660008021,2.0933930244271296e+27
4311.0,16.29531178254262,6.316119094434182,2.085723298261331e+27
4321.0,16.295178073025422,6.314935631144873,2.078099345225318e+27
4331.0,16.295044893041183,6.313755254796513,2.070520787157926e+27
4341.0,16.294912239266722,6.312577950156928,2.0629872498855842e+27
4351.0,16.294780108407352,6.311403702104322,2.0554983631712053e+27
4361.0,16.29464849719657,6.310232495626195,2.0480537606638463e+27
4371.0,16.294517402395748,6.309064315818327,2.040653079849127e+27
4381.0,16.294386820793836,6.307899147883727,2.0332959620003923e+27
4391.0,16.29425674920706,6.306736977131637,2.025982052130605e+27
4401.0,16.294127184478633,6.305577788976509,2.018710998944959e+27
4411.0,16.29399812347846,6.3044215689370215,2.0114824547941986e+27
4421.0,16.293869563102856,6.303268302635109,2.0042960756286314e+27
4431.0,16.293741500274265,6.302117975794969,1.997151520952824e+27
4441.0,16.29361393194098,6.300970574242122,1.9900484537809697e+27
4451.0,16.293486855076857,6.299826083902458,1.9829865405929135e+27
4461.0,16.293360266681074,6.2986844908013,1.9759654512908273e+27
4471.0,16.293234163777825,6.297545781062482,1.968984859156522e+27
4481.0,16.293108543416086,6.296409940907429,1.9620444408093838e+27
4491.0,16.292983402669332,6.295276956654259,1.9551438761649312e+27
4501.0,16.292858738635292,6.294146814716882,1.9482828483939715e+27
4511.0,16.292734548435696,6.293019501604125,1.941461043882359e+27
4521.0,16.292610829216013,6.291895003918846,1.9346781521913332e+27
4531.0,16.29248757814521,6.2907733083570925,1.9279338660184349e+27
4541.0,16.292364792415505,6.289654401707221,1.9212278811589898e+27
4551.0,16.29224246924213,6.2885382708490685,1.9145598964681457e+27
4561.0,16.292120605863087,6.287424902753122,1.9079296138234598e+27
4571.0,16.291999199538907,6.2863142844796815,1.9013367380880223e+27
4581.0,16.291878247552432,6.285206403178053,1.8947809770741094e+27
4591.0,16.29175774720857,6.284101246085735,1.888262041507359e+27
4601.0,16.29163769583408,6.282998800527629,1.881779644991456e+27
4611.0,16.291518090777338,6.281899053915247,1.8753335039733228e+27
4621.0,16.291398929408118,6.28080199374593,1.8689233377088055e+27
4631.0,16.29128020911738,6.279707607602083,1.862548868228845e+27
4641.0,16.291161927317045,6.278615883150403,1.856209820306131e+27
4651.0,16.291044081439786,6.277526808141136,1.8499059214222225e+27
4661.0,16.290926668938816,6.2764403704073235,1.8436369017351394e+27
4671.0,16.290809687287684,6.275356557864072,1.8374024940474034e+27
4681.0,16.29069313398006,6.274275358507815,1.8312024337745316e+27
4691.0,16.290577006529542,6.273196760415596,1.825036458913971e+27
4701.0,16.29046130246945,6.272120751744364,1.8189043100144676e+27
4711.0,16.290346019352626,6.271047320730254,1.8128057301458637e+27
4721.0,16.290231154751243,6.269976455687896,1.8067404648693138e+27
4731.0,16.290116706256615,6.268908145009728,1.800708262207917e+27
4741.0,16.290002671478995,6.267842377165305,1.794708872617756e+27
4751.0,16.28988904804739,6.266779140700635,1.788742048959337e+27
4761.0,16.28977583360938,6.2657184242375,1.7828075464694222e+27
4771.0,16.289663025830933,6.264660216472803,1.776905122733254e+27
4781.0,16.289550622396213,6.263604506177915,1.77103453765716e+27
4791.0,16.289438621007413,6.262551282198023,1.7651955534415307e+27
4801.0,16.289327019384572,6.261500533451494,1.759387934554174e+27
4811.0,16.289215815265393,6.260452248929241,1.753611447704027e+27
4821.0,16.289105006405084,6.259406417694102,1.7478658618152319e+27
4831.0,16.28899459057617,6.258363028880213,1.7421509480015605e+27
4841.0,16.288884565568335,6.257322071692405,1.7364664795411903e+27
4851.0,16.288774929188254,6.256283535405588,1.7308122318518182e+27
4861.0,16.288665679259424,6.255247409364161,1.7251879824661153e+27
4871.0,16.288556813621998,6.25421368298141,1.719593511007509e+27
4881.0,16.28844833013263,6.25318234573893,1.7140285991662948e+27
4891.0,16.288340226664314,6.252153387186034,1.708493030676066e+27
4901.0,16.28823250110622,6.251126796939191,1.7029865912904646e+27
4911.0,16.28812515136354,6.250102564681448,1.6975090687602366e+27
4921.0,16.28801817535735,6.249080680161871,1.6920602528106006e+27
4931.0,16.28791157102443,6.248061133194987,1.6866399351189149e+27
4941.0,16.287805336317135,6.247043913660232,1.681247909292641e+27
4951.0,16.287699469203236,6.24602901150141,1.6758839708476036e+27
4961.0,16.287593967665778,6.245016416726152,1.6705479171865344e+27
4971.0,16.28748882970293,6.244006119405384,1.6652395475779024e+27
4981.0,16.287384053327845,6.242998109672792,1.6599586631350237e+27
4991.0,16.287279636568517,6.241992377724305,1.6547050667954447e+27
5001.0,16.287175577467636,6.240988913817578,1.6494785633005996e+27
