Time,Mass,Radius,Lx
23.0,10.922479985220718,5.59,1.44e+30
23.1,10.919412683638337,5.581556542477662,1.4125817530701226e+30
23.200000000000003,10.916414504352176,5.573264594710132,1.385800636098691e+30
23.300000000000004,10.91348342521889,5.565120272116092,1.3596391925956558e+30
23.400000000000006,10.91061749762466,5.557119813970862,1.3340805163776613e+30
23.500000000000007,10.907814843278217,5.549259578719637,1.30910823196864e+30
23.60000000000001,10.905073651166807,5.541536039494901,1.284706475777958e+30
23.70000000000001,10.902392174665643,5.533945779828051,1.2608598780221267e+30
23.80000000000001,10.899768728792054,5.526485489545715,1.2375535453577334e+30
23.900000000000013,10.897201687596096,5.519151960841898,1.214773044194771e+30
24.000000000000014,10.89468948167989,5.511942084517463,1.1925043846610063e+30
24.100000000000016,10.892230595838463,5.50485284637888,1.1707340051894066e+30
24.200000000000017,10.889823566815323,5.49788132378875,1.1494487577019633e+30
24.30000000000002,10.887466981166405,5.491024682360793,1.1286358933644884e+30
24.40000000000002,10.88515947322642,5.484280172792564,1.1082830488881485e+30
24.50000000000002,10.882899723172029,5.477645127829376,1.0883782333546191e+30
24.600000000000023,10.880686455176587,5.471116959353354,1.0689098155428151e+30
24.700000000000024,10.878518435651499,5.464693155591722,1.0498665117361571e+30
24.800000000000026,10.876394471569588,5.458371278438914,1.0312373739903074e+30
24.900000000000027,10.874313408866092,5.4521489608871665,1.0130117788422134e+30
25.00000000000003,10.872274130913187,5.446023904560702,9.95179416442176e+29
25.10000000000003,10.87027555706421,5.439993877348769,9.777302800914791e+29
25.20000000000003,10.868316641263904,5.434056711133015,9.606546561689103e+29
25.300000000000033,10.866396370721318,5.428210299605013,9.439431144302457e+29
25.400000000000034,10.864513764642098,5.422452596169842,9.275864986654858e+29
25.500000000000036,10.862667873017159,5.416781611931924,9.115759176993086e+29
25.600000000000037,10.86085777546487,5.411195413759396,8.959027367208453e+29
25.70000000000004,10.859082580124053,5.405692122423666,8.805585689295052e+29
25.80000000000004,10.85734142259525,5.400269910810729,8.655352674841538e+29
25.90000000000004,10.855633464927857,5.394927002201188,8.508249177435089e+29
26.000000000000043,10.853957894650856,5.389661668615947,8.364198297861478e+29
26.100000000000044,10.852313923844994,5.384472229224764,8.223125311990258e+29
26.200000000000045,10.850700788254402,5.379357048814942,8.084957601238814e+29
26.300000000000047,10.849117746435722,5.374314536317581,7.949624585513733e+29
26.40000000000005,10.847564078942947,5.369343143388965,7.817057658532175e+29
26.50000000000005,10.846039087546242,5.36444136304469,7.687190125430221e+29
26.60000000000005,10.844542094483158,5.359607728344379,7.559957142569058e+29
26.700000000000053,10.843072441740672,5.354840811124802,7.435295659453717e+29
26.800000000000054,10.841629490366627,5.350139220779417,7.313144362682652e+29
26.900000000000055,10.840212619809181,5.345501603082383,7.193443621849894e+29
27.000000000000057,10.838821227282978,5.340926639055214,7.076135437324867e+29
27.10000000000006,10.837454727160786,5.336413043874321,6.961163389838004e+29
27.20000000000006,10.836112550389453,5.331959565817764,6.848472591803389e+29
27.30000000000006,10.834794143929052,5.327564985249613,6.738009640312432e+29
27.400000000000063,10.83349897021418,5.323228113640411,6.629722571735397e+29
27.500000000000064,10.832226506636394,5.318947792622268,6.52356081787015e+29
27.600000000000065,10.830976245046847,5.3147228930771835,6.419475163580026e+29
27.700000000000067,10.829747691278223,5.31055231425732,6.317417705865079e+29
27.800000000000068,10.828540364685107,5.306434982935878,6.217341814313283e+29
27.90000000000007,10.82735379770198,5.30236985258745,6.119202092880374e+29
28.00000000000007,10.826187535418072,5.298355902596628,6.022954342949171e+29
28.100000000000072,10.825041135168336,5.294392137493775,5.92855552762116e+29
28.200000000000074,10.823914166139838,5.290477586216934,5.8359637371950265e+29
28.300000000000075,10.822806208992903,5.286611301398797,5.745138155788666e+29
28.400000000000077,10.821716855496385,5.282792358677828,5.656039029062926e+29
28.500000000000078,10.82064570817646,5.27901985603258,5.5686276330069825e+29
28.60000000000008,10.819592379978369,5.275292913138321,5.48286624374689e+29
28.70000000000008,10.818556493940553,5.271610670745121,5.398718108340313e+29
28.800000000000082,10.817537682880687,5.267972290076598,5.31614741652195e+29
28.900000000000084,10.81653558909308,5.264376952248519,5.235119273365533e+29
29.000000000000085,10.815549864057012,5.260823857706538,5.155599672829633e+29
29.100000000000087,10.814580168155517,5.257312225682352,5.077555472155774e+29
29.200000000000088,10.813626170404218,5.253841293667555,5.000954367088586e+29
29.30000000000009,10.812687548189771,5.250410316904594,4.925764867888905e+29
29.40000000000009,10.811763987017555,5.247018567894125,4.851956276111862e+29
29.500000000000092,10.810855180268218,5.243665335918241,4.779498662123042e+29
29.600000000000094,10.809960828962742,5.240349926578947,4.708362843326878e+29
29.700000000000095,10.809080641535658,5.237071661351331,4.638520363082405e+29
29.800000000000097,10.808214333616109,5.233829877150907,4.5699434702824336e+29
29.900000000000098,10.80736162781645,5.230623925914619,4.50260509957317e+29
30.0000000000001,10.80652225352808,5.227453174195032,4.436478852192091e+29
30.1000000000001,10.805695946724223,5.224317002767187,4.371538977402825e+29
30.200000000000102,10.8048824497694,5.221214806247743,4.30776035450648e+29
30.300000000000104,10.804081511235312,5.218145992725908,4.245118475409742e+29
30.400000000000105,10.803292885722907,5.215109983405769,4.183589427730693e+29
30.500000000000107,10.802516333690388,5.2121062122596395,4.123149878424109e+29
30.600000000000108,10.80175162128692,5.209134125691996,4.063777057908598e+29
30.70000000000011,10.800998520191849,5.206193182213676,4.005448744678633e+29
30.80000000000011,10.800256807459196,5.203282852125967,3.948143250385149e+29
30.900000000000112,10.799526265367247,5.200402617214222,3.891839405368979e+29
31.000000000000114,10.798806681273037,5.197551970450725,3.8365165446319616e+29
31.100000000000115,10.798097847471556,5.194730415706442,3.7821544942311354e+29
31.200000000000117,10.797399561059489,5.1919374674713765,3.728733558081952e+29
31.300000000000118,10.796711623803333,5.189172650583242,3.6762345051569396e+29
31.40000000000012,10.796033842011735,5.186435499964166,3.624638557066766e+29
31.50000000000012,10.795366026411875,5.183725560365135,3.573927376011097e+29
31.600000000000122,10.79470799202978,5.181042386117971,3.5240830530871135e+29
31.700000000000124,10.794059558074387,5.178385540894521,3.475088096943985e+29
31.800000000000125,10.793420547825264,5.175754597472889,3.42692542277201e+29
31.900000000000126,10.792790788523812,5.1731491375104195,3.379578341615529e+29
32.00000000000013,10.79217011126787,5.170568751323254,3.333030549999133e+29
32.10000000000013,10.791558350909566,5.168013037672221,3.2872661198570286e+29
32.20000000000013,10.790955345956311,5.165481603554838,3.2422694887557824e+29
32.30000000000013,10.790360938474837,5.162974064003283,3.1980254504010435e+29
32.400000000000134,10.789774973998155,5.160490041888075,3.1545191454191315e+29
32.500000000000135,10.789197301435344,5.158029167727328,3.111736052404718e+29
32.600000000000136,10.788627772984063,5.1555910795013675,3.06966197922614e+29
32.70000000000014,10.7880662440457,5.1531754224725645,3.0282830545801598e+29
32.80000000000014,10.787512573143063,5.150781849010194,2.9875857197882884e+29
32.90000000000014,10.786966621840529,5.148410018420188,2.9475567208270458e+29
33.00000000000014,10.786428254666559,5.146059596779596,2.90818310058481e+29
33.10000000000014,10.785897339038515,5.143730256775632,2.869452191338141e+29
33.200000000000145,10.785373745189679,5.141421677549142,2.8313516074407352e+29
33.300000000000146,10.784857346098425,5.13913354454238,2.7938692382183634e+29
33.40000000000015,10.784348017419452,5.136865549350927,2.756993241063412e+29
33.50000000000015,10.783845637417015,5.134617389579651,2.7207120347228306e+29
33.60000000000015,10.783350086900093,5.132388768702567,2.68501429277352e+29
33.70000000000015,10.782861249159428,5.1301793959264845,2.6498889372793843e+29
33.80000000000015,10.78237900990636,5.127988986058314,2.6153251326244682e+29
33.900000000000155,10.781903257213433,5.125817259375953,2.581312279516798e+29
34.000000000000156,10.781433881456662,5.123663941502605,2.5478400091576984e+29
34.10000000000016,10.780970775259467,5.121528763284431,2.5148981775715695e+29
34.20000000000016,10.78051383343817,5.119411460671474,2.4824768600912352e+29
34.30000000000016,10.780062952949026,5.117311774601697,2.4505663459941693e+29
34.40000000000016,10.779618032836753,5.115229450888105,2.419157133285039e+29
34.50000000000016,10.77917897418448,5.11316424010879,2.3882399236201696e+29
34.600000000000165,10.778745680065096,5.111115897499882,2.3578056173696678e+29
34.700000000000166,10.778318055493939,5.109084182851269,2.3278453088130893e+29
34.80000000000017,10.777896007382788,5.107068860405007,2.2983502814646652e+29
34.90000000000017,10.77747944449513,5.1050696987563935,2.2693120035242384e+29
35.00000000000017,10.777068277402636,5.103086470757555,2.240722123450176e+29
35.10000000000017,10.776662418442825,5.1011189534235175,2.212572465650653e+29
35.20000000000017,10.776261781677883,5.0991669278406775,2.184855026289819e+29
35.300000000000175,10.77586628285459,5.097230179077622,2.1575619692054638e+29
35.400000000000176,10.775475839365322,5.095308496098172,2.1306856219349216e+29
35.50000000000018,10.775090370210108,5.093401671676668,2.104218471846036e+29
35.60000000000018,10.77470979595969,5.091509502315363,2.078153162370136e+29
35.70000000000018,10.774334038719573,5.089631788163902,2.0524824893340436e+29
35.80000000000018,10.773963022095021,5.08776833294081,2.027199397388255e+29
35.90000000000018,10.773596671156989,5.085918943856948,2.0022969765285e+29
36.000000000000185,10.773234912408936,5.08408343154086,1.9777684587079996e+29
36.100000000000186,10.77287767375452,5.082261609965979,1.9536072145378023e+29
36.20000000000019,10.772524884466126,5.08045329637962,1.9298067500726864e+29
36.30000000000019,10.772176475154223,5.078658311233728,1.906360703680164e+29
36.40000000000019,10.771832377737507,5.076876478117319,1.8832628429902328e+29
36.50000000000019,10.771492525413814,5.07510762369057,1.8605070619235703e+29
36.60000000000019,10.771156852631792,5.073351577620528,1.8380873777959452e+29
36.700000000000195,10.770825295063286,5.071608172518354,1.8159979284966936e+29
36.800000000000196,10.770497789576432,5.0698772438781035,1.7942329697391666e+29
36.9000000000002,10.770174274209442,5.068158630016985,1.7727868723811276e+29
37.0000000000002,10.769854688145044,5.066452172017038,1.7516541198131332e+29
37.1000000000002,10.769538971685572,5.064757713668216,1.7308293054129982e+29
37.2000000000002,10.769227066228686,5.063075101412835,1.7103071300644985e+29
37.3000000000002,10.768918914243692,5.061404184291329,1.6900823997385207e+29
37.400000000000205,10.768614459248464,5.059744813889305,1.6701500231349345e+29
37.500000000000206,10.768313645786932,5.058096844285828,1.6505050093834927e+29
37.60000000000021,10.76801641940713,5.056460132002954,1.6311424658021404e+29
37.70000000000021,10.767722726639796,5.054834535956432,1.612057595711147e+29
37.80000000000021,10.767432514977486,5.053219917407549,1.5932456963015284e+29
37.90000000000021,10.767145732854207,5.051616139916122,1.5747021565562694e+29
38.00000000000021,10.766862329625548,5.050023069294552,1.556422455222909e+29
38.100000000000215,10.766582255549297,5.048440573562978,1.5384021588360853e+29
38.200000000000216,10.766305461766525,5.0468685229054415,1.52063691978868e+29
38.30000000000022,10.766031900283132,5.045306789627071,1.5031224744502482e+29
38.40000000000022,10.765761523951833,5.043755248112238,1.485854641331455e+29
38.50000000000022,10.765494286454583,5.0422137747836935,1.4688293192932742e+29
38.60000000000022,10.765230142285422,5.040682248062607,1.4520424857997484e+29
38.70000000000022,10.764969046733723,5.039160548329539,1.43549019521314e+29
38.800000000000225,10.764710955867853,5.0376485578862855,1.4191685771303396e+29
38.900000000000226,10.764455826519203,5.03614616091858,1.4030738347594279e+29
39.00000000000023,10.764203616266613,5.034653243459655,1.3872022433353251e+29
39.10000000000023,10.76395428342115,5.033169693354592,1.3715501485734876e+29
39.20000000000023,10.763707787011258,5.031695400225507,1.356113965160644e+29
39.30000000000023,10.76346408676824,5.03023025543747,1.3408901752815921e+29
39.40000000000023,10.763223143112093,5.028774152065225,1.3258753271811067e+29
39.500000000000234,10.76298491713766,5.027326984860612,1.3110660337600346e+29
39.600000000000236,10.762749370601114,5.025888650220737,1.2964589712046793e+29
39.70000000000024,10.762516465906748,5.024459046156823,1.2820508776486055e+29
39.80000000000024,10.762286166094068,5.0230380722637555,1.2678385518660196e+29
39.90000000000024,10.76205843482519,5.021625629690304,1.2538188519958971e+29
40.00000000000024,10.761833236372517,5.020221621109964,1.239988694296068e+29
40.10000000000024,10.7616105356067,5.018825950692467,1.2263450519264778e+29
41.10000000000024,10.759513576950878,5.00530777789823,1.0995394533572447e+29
42.10000000000024,10.7576317659198,4.992528117045696,9.884359449043401e+28
43.10000000000024,10.755935949145485,4.980406820214828,8.990336161802474e+28
44.10000000000024,10.754329471701803,4.968712524527653,8.895468035493167e+28
45.10000000000024,10.752751269937312,4.957296099684084,8.803694905177943e+28
46.10000000000024,10.751200243405806,4.946144928398091,8.714850464867227e+28
47.10000000000024,10.74967535721856,4.935247225882492,8.628780705687169e+28
48.10000000000024,10.748175636839969,4.924591968544707,8.545342768469506e+28
49.10000000000024,10.746700163395245,4.914168830133437,8.464403924712825e+28
50.10000000000024,10.745248069430442,4.903968124422981,8.38584066926467e+28
51.10000000000024,10.743818535073107,4.893980753649744,8.309537910518698e+28
52.10000000000024,10.742410784548644,4.884198162023244,8.235388245966796e+28
53.10000000000024,10.741024083013292,4.874612293725118,8.163291312663871e+28
54.10000000000024,10.739657733669535,4.865215554887143,8.093153203610875e+28
55.10000000000024,10.738311075134055,4.856000779105259,8.024885942285928e+28
56.10000000000024,10.736983479031943,4.846961196102994,7.958407008592057e+28
57.10000000000024,10.735674347794072,4.8380904032060625,7.893638910374173e+28
58.10000000000024,10.734383112637213,4.829382339331448,7.830508795412443e+28
59.10000000000024,10.73310923170889,4.820831261230161,7.76894809944539e+28
60.10000000000024,10.731852188380978,4.81243172175382,7.708892226330667e+28
61.10000000000024,10.730611489677866,4.804178549942069,7.650280256928988e+28
62.10000000000024,10.729386664826537,4.7960668327511575,7.593054683708837e+28
63.10000000000024,10.728177263917331,4.788091898264325,7.537161168426219e+28
64.10000000000025,10.72698285666531,4.7802493002423905,7.48254832054304e+28
65.10000000000025,10.725803031263247,4.772534803888471,7.429167494316704e+28
66.10000000000025,10.72463739331813,4.764944372714281,7.376972602727814e+28
67.10000000000025,10.72348556486398,4.7574741564075635,7.3259199466176945e+28
68.10000000000025,10.722347183444418,4.750120479610573,7.275968057586482e+28
69.10000000000025,10.721221901259126,4.742879831528944,7.227077553359736e+28
70.10000000000025,10.72010938436889,4.735748856298407,7.179211004469606e+28
71.10000000000025,10.719009311954432,4.728724344044144,7.132332811218161e+28
72.10000000000025,10.71792137562469,4.721803222573947,7.086409089997729e+28
73.10000000000025,10.716845278770604,4.714982549652185,7.041407568137967e+28
74.10000000000025,10.71578073596085,4.708259505806565,6.997297486533218e+28
75.10000000000025,10.71472747237625,4.70163138762432,6.95404950937823e+28
76.10000000000025,10.713685223279922,4.695095601498475,6.911635640406391e+28
77.10000000000025,10.712653733520474,4.688649657788476,6.870029145083519e+28
78.10000000000025,10.711632757065757,4.682291165362741,6.829204478262656e+28
79.10000000000025,10.710622056564969,4.676017826493611,6.789137216852183e+28
80.10000000000025,10.709621402937008,4.669827432077778,6.74980399709135e+28
81.10000000000025,10.708630574983248,4.663717857157686,6.711182456064885e+28
82.10000000000025,10.70764935902294,4.657687056721455,6.673251177121861e+28
83.10000000000025,10.70667754854972,4.651733061760872,6.635989638894195e+28
84.10000000000025,10.705714943907731,4.645853975568656,6.599378167637285e+28
85.10000000000025,10.704761351986015,4.640047970257858,6.563397892639679e+28
86.10000000000025,10.703816585929971,4.634313283487583,6.5280307044707005e+28
87.10000000000025,10.702880464868711,4.6286482153805855,6.493259215854783e+28
88.10000000000025,10.701952813657282,4.6230511256194164,6.459066724979253e+28
89.10000000000025,10.701033462632784,4.617520430708897,6.425437181058517e+28
90.10000000000025,10.700122247383474,4.612054601393604,6.39235515199231e+28
91.10000000000025,10.69921900853005,4.606652160220006,6.359805793969014e+28
92.10000000000025,10.698323591518335,4.601311679233654,6.327774822877169e+28
93.10000000000025,10.697435846422641,4.596031777802538,6.296248487399274e+28
94.10000000000025,10.696555627759173,4.590811120558437,6.265213543672032e+28
95.10000000000025,10.695682794308848,4.585648415448705,6.234657231406253e+28
96.10000000000025,10.69481720894896,4.580542411891427,6.204567251368019e+28
97.10000000000025,10.693958738493171,4.575491899027496,6.174931744130218e+28
98.10000000000025,10.69310725353932,4.57049570406354,6.1457392700105495e+28
99.10000000000025,10.692262628324613,4.565552690700118,6.116978790118416e+28
100.10000000000025,10.69142474058774,4.560661757639978,6.0886396484389e+28
101.10000000000025,10.69059347143755,4.555821837171561,6.060711554887365e+28
102.10000000000025,10.68976870522789,4.5510318938232155,6.033184569273091e+28
103.10000000000025,10.688950329438264,4.546290923083971,6.006049086114787e+28
104.10000000000025,10.688138234559997,4.5415979501869375,5.97929582025498e+28
105.10000000000025,10.687332313987593,4.536952028951729,5.952915793224027e+28
106.10000000000025,10.686532463915007,4.532352240682492,5.926900320307959e+28
107.10000000000025,10.685738583236557,4.527797693118364,5.9012409982776045e+28
108.10000000000025,10.68495057345223,4.523287519433415,5.875929693739334e+28
109.10000000000025,10.684168338577166,4.518820877283318,5.850958532070522e+28
110.10000000000025,10.683391785055063,4.514396947896126,5.826319886905336e+28
111.10000000000025,10.682620821675336,4.510014935204751,5.802006370138735e+28
112.10000000000025,10.681855359493813,4.505674065018889,5.778010822418744e+28
113.10000000000025,10.681095311756792,4.501373584234229,5.754326304099045e+28
114.10000000000025,10.680340593828292,4.497112760076989,5.7309460866257405e+28
115.10000000000025,10.679591123120332,4.492890879381868,5.707863644333845e+28
116.10000000000025,10.678846819026091,4.488707247901711,5.685072646630671e+28
117.10000000000025,10.678107602855805,4.48456118964717,5.662566950544687e+28
118.10000000000025,10.67737339777526,4.4804520462548725,5.640340593619803e+28
119.10000000000025,10.676644128746766,4.476379176382586,5.618387787136306e+28
120.10000000000025,10.67591972247249,4.472341955130063,5.5967029096408265e+28
121.10000000000025,10.675200107340022,4.468339773484207,5.575280500768809e+28
122.10000000000025,10.674485213370085,4.464372037787406,5.554115255343953e+28
123.10000000000025,10.67377497216628,4.460438169227851,5.533202017740092e+28
124.10000000000025,10.67306931686677,4.456537603350771,5.51253577649176e+28
125.10000000000025,10.672368182097813,4.452669789589555,5.492111659140619e+28
126.10000000000025,10.671671503929067,4.448834190815807,5.471924927305611e+28
127.10000000000025,10.670979219830578,4.445030282907444,5.451970971965429e+28
128.10000000000025,10.670291268631368,4.441257554333932,5.4322453089425886e+28
129.10000000000025,10.669607590479574,4.437515505757886,5.412743574578985e+28
130.10000000000025,10.668928126804046,4.433803649652282,5.3934615215933865e+28
131.10000000000025,10.668252820277353,4.430121509932504,5.374395015111901e+28
132.10000000000025,10.667581614780124,4.426468621602575,5.355540028862917e+28
133.10000000000025,10.666914455366685,4.422844530414935,5.336892641528537e+28
134.10000000000025,10.666251288231905,4.419248792543104,5.318449033244919e+28
135.10000000000025,10.66559206067924,4.415680974266712,5.300205482244417e+28
136.10000000000025,10.66493672108988,4.41214065166827,5.2821583616327505e+28
137.10000000000025,10.664285218892994,4.40862741034123,5.264304136294848e+28
138.10000000000025,10.663637504536988,4.405140845108779,5.246639359923308e+28
139.10000000000025,10.662993529461769,4.401680559752929,5.229160672163789e+28
140.10000000000025,10.662353246071946,4.398246166753463,5.211864795871913e+28
141.10000000000025,10.661716607710948,4.39483728703626,5.194748534476566e+28
142.10000000000025,10.66108356863601,4.39145354973067,5.177808769444759e+28
143.10000000000025,10.660454083993999,4.388094591935488,5.161042457843433e+28
144.10000000000025,10.659828109798038,4.384760058493207,5.144446629993875e+28
145.10000000000025,10.659205602904914,4.381449601772183,5.128018387214597e+28
146.10000000000025,10.658586520993206,4.378162881456374,5.111754899648762e+28
147.10000000000025,10.657970822542149,4.374899564342368,5.095653404172442e+28
148.10000000000025,10.657358466811164,4.371659324143381,5.079711202380161e+28
149.10000000000025,10.656749413820052,4.368441841299918,5.063925658644383e+28
150.10000000000025,10.656143624329815,4.365246802796888,5.048294198245735e+28
151.10000000000025,10.655541059824097,4.362073901986848,5.032814305570967e+28
152.10000000000025,10.654941682491195,4.35892283841917,5.0174835223757255e+28
153.10000000000025,10.654345455206641,4.355793317674879,5.002299446109429e+28
154.10000000000025,10.653752341516322,4.352685051206944,4.98725972829963e+28
155.10000000000025,10.653162305620121,4.349597756185805,4.972362072993371e+28
156.10000000000025,10.652575312356062,4.346531155349933,4.957604235253181e+28
157.10000000000025,10.651991327184938,4.343484976861234,4.942984019705461e+28
158.10000000000025,10.651410316175399,4.340458954165088,4.928499279139104e+28
159.10000000000025,10.650832245989498,4.33745282585488,4.9141479131523185e+28
160.10000000000025,10.650257083868665,4.334466335540824,4.899927866845692e+28
161.10000000000025,10.649684797620088,4.33149923172293,4.885837129559647e+28
162.10000000000025,10.649115355603518,4.328551267667947,4.871873733654522e+28
163.10000000000025,10.64854872671844,4.325622201290166,4.85803575333156e+28
164.10000000000025,10.647984880391627,4.322711795035884,4.844321303493228e+28
165.10000000000025,10.64742378656506,4.319819815771448,4.830728538641287e+28
166.10000000000025,10.646865415684188,4.316946034674731,4.817255651811181e+28
167.10000000000025,10.646309738686524,4.314090227129886,4.803900873541295e+28
168.10000000000025,10.645756726990575,4.311252172625299,4.790662470875779e+28
169.10000000000025,10.645206352485074,4.30843165465461,4.7775387463996255e+28
170.10000000000025,10.644658587518524,4.305628460620694,4.76452803730479e+28
171.10000000000025,10.644113404889026,4.3028423817424715,4.751628714486167e+28
172.10000000000025,10.643570777834402,4.300073212964518,4.738839181666315e+28
173.10000000000025,10.643030680022575,4.297320752869277,4.72615787454783e+28
174.10000000000025,10.64249308554223,4.294584803591867,4.713583259992373e+28
175.10000000000025,10.641957968893715,4.291865170737358,4.701113835225337e+28
176.10000000000025,10.641425304980205,4.289161663300419,4.688748127065221e+28
177.10000000000025,10.640895069099088,4.286474093587296,4.676484691176827e+28
178.10000000000025,10.6403672369336,4.283802277140007,4.66432211134737e+28
179.10000000000025,10.639841784544663,4.281146032662662,4.652258998784723e+28
180.10000000000025,10.639318688362964,4.278505181949917,4.640293991436969e+28
181.10000000000025,10.638797925181224,4.275879549817384,4.628425753332506e+28
182.10000000000025,10.638279472146674,4.2732689640340045,4.616652973939978e+28
183.10000000000025,10.637763306753738,4.270673255256311,4.60497436754734e+28
184.10000000000025,10.637249406836892,4.268092256964471,4.593388672659353e+28
185.10000000000025,10.636737750563716,4.265525805400127,4.581894651412905e+28
186.10000000000025,10.636228316428129,4.262973739505907,4.570491089009511e+28
187.10000000000025,10.635721083243782,4.260435900866574,4.559176793164402e+28
188.10000000000025,10.63521603013763,4.257912133651786,4.547950593571643e+28
189.10000000000025,10.634713136543676,4.255402284560386,4.53681134138472e+28
190.10000000000025,10.63421238219684,4.252906202766166,4.525757908712075e+28
191.10000000000025,10.63371374712702,4.250423739865095,4.514789188127075e+28
192.10000000000025,10.633217211653282,4.247954749823936,4.503904092191954e+28
193.10000000000025,10.632722756378184,4.245499088930201,4.493101552995207e+28
194.10000000000025,10.632230362182266,4.243056615743432,4.4823805217020645e+28
195.10000000000025,10.63174001021865,4.2406271910477535,4.4717399681175285e+28
196.10000000000025,10.631251681907786,4.2382106778056325,4.461178880261626e+28
197.10000000000025,10.630765358932324,4.2358069411128545,4.450696263956441e+28
198.10000000000025,10.630281023232106,4.233415848154639,4.440291142424543e+28
199.10000000000025,10.629798656999277,4.231037268162877,4.429962555898459e+28
200.10000000000025,10.629318242673522,4.228671072374466,4.419709561240815e+28
201.10000000000025,10.628839762937405,4.226317133990674,4.409531231574807e+28
202.10000000000025,10.628363200711826,4.22397532813755,4.399426655924681e+28
203.10000000000025,10.627888539151584,4.22164553182731,4.38939493886589e+28
204.10000000000025,10.62741576164104,4.21932762392068,4.379435200184625e+28
205.10000000000025,10.626944851789883,4.217021485090192,4.36954657454643e+28
206.10000000000025,10.626475793429,4.214726997784359,4.35972821117361e+28
207.10000000000025,10.626008570606432,4.212444046192749,4.349979273531159e+28
208.10000000000025,10.625543167583428,4.210172516211896,4.340298939020944e+28
209.10000000000025,10.625079568830593,4.207912295412057,4.330686398683884e+28
210.10000000000025,10.62461775902411,4.205663273004745,4.321140856909886e+28
211.10000000000025,10.624157723042067,4.203425339811076,4.311661531155299e+28
212.10000000000025,10.623699445960854,4.201198388230851,4.302247651667647e+28
213.10000000000025,10.623242913051639,4.198982312212377,4.2928984612174315e+28
214.10000000000025,10.622788109776934,4.196777007223018,4.283613214836789e+28
215.10000000000025,10.622335021787226,4.194582370220423,4.274391179564782e+28
216.10000000000025,10.621883634917692,4.192398299624447,4.26523163419915e+28
217.10000000000025,10.621433935184976,4.190224695289704,4.256133869054306e+28
218.10000000000025,10.620985908784048,4.188061458478798,4.247097185725404e+28
219.10000000000025,10.62053954208512,4.185908491836129,4.238120896858297e+28
220.10000000000025,10.620094821630646,4.183765699362349,4.2292043259252095e+28
221.10000000000025,10.619651734132361,4.181632986389358,4.22034680700596e+28
222.10000000000025,10.619210266468412,4.179510259555917,4.21154768457457e+28
223.10000000000025,10.618770405680529,4.177397426783774,4.202806313291108e+28
224.10000000000025,10.618332138971269,4.175294397254373,4.194122057798605e+28
225.10000000000025,10.61789545370131,4.173201081386039,4.185494292524915e+28
226.10000000000025,10.617460337386813,4.17111739081173,4.1769224014893575e+28
227.10000000000025,10.617026777696827,4.169043238357245,4.168405778114024e+28
228.10000000000025,10.616594762450758,4.166978538019933,4.159943825039607e+28
229.10000000000025,10.616164279615882,4.164923204947867,4.151535953945627e+28
230.10000000000025,10.615735317304923,4.162877155419487,4.143181585374921e+28
231.10000000000025,10.615307863773666,4.160840306823695,4.134880148562302e+28
232.10000000000025,10.61488190741863,4.158812577640356,4.126631081267245e+28
233.10000000000025,10.614457436774783,4.156793887421257,4.118433829610498e+28
234.10000000000025,10.614034440513311,4.154784156771471,4.1102878479145145e+28
235.10000000000025,10.61361290743942,4.152783307331098,4.102192598547595e+28
236.10000000000025,10.613192826490188,4.15079126175743,4.094147551771641e+28
237.10000000000025,10.612774186732475,4.148807943707493,4.086152185593414e+28
238.10000000000025,10.612356977360847,4.146833277820942,4.078205985619222e+28
239.10000000000025,10.611941187695564,4.144867189703334,4.07030844491292e+28
240.10000000000025,10.6115268071806,4.142909605909755,4.062459063857145e+28
241.10000000000025,10.611113825381702,4.140960453928794,4.05465735001771e+28
242.10000000000025,10.610702231984488,4.139019662166833,4.046902818011044e+28
243.10000000000025,10.610292016792583,4.137087159932691,4.039194989374626e+28
244.10000000000025,10.609883169725789,4.135162877422577,4.031533392440318e+28
245.10000000000025,10.609475680818296,4.133246745705343,4.0239175622105265e+28
246.10000000000025,10.609069540216922,4.131338696708059,4.0163470402371085e+28
247.10000000000025,10.60866473817939,4.12943866320188,4.008821374502968e+28
248.10000000000025,10.608261265072644,4.127546578788193,4.00134011930625e+28
249.10000000000025,10.607859111371177,4.125662377885053,3.993902835147094e+28
250.10000000000025,10.607458267655417,4.123785995713893,3.986509088616842e+28
251.10000000000025,10.607058724610132,4.121917368286509,3.979158452289677e+28
252.10000000000025,10.606660473022856,4.120056432392291,3.971850504616602e+28
253.10000000000025,10.606263503782362,4.118203125585726,3.964584829821718e+28
254.10000000000025,10.605867807877154,4.116357386174151,3.9573610178007213e+28
255.10000000000025,10.605473376393984,4.114519153205729,3.9501786640215917e+28
256.10000000000025,10.60508020051641,4.112688366457682,3.9430373694273914e+28
257.10000000000025,10.604688271523363,4.110864966424762,3.935936740341132e+28
258.10000000000025,10.604297580787758,4.109048894307927,3.9288763883726616e+28
259.10000000000025,10.603908119775118,4.107240092003252,3.9218559303275136e+28
260.10000000000025,10.603519880042228,4.105438502091058,3.914874988117671e+28
261.10000000000025,10.603132853235815,4.103644067825247,3.907933188674203e+28
262.10000000000025,10.60274703109125,4.10185673312284,3.9010301638617196e+28
263.10000000000025,10.602362405431272,4.100076442553732,3.8941655503946114e+28
264.10000000000025,10.601978968164742,4.098303141330623,3.887338989755013e+28
265.10000000000025,10.60159671128541,4.096536775299159,3.88055012811247e+28
266.10000000000025,10.601215626870713,4.094777290928257,3.8737986162452468e+28
267.10000000000025,10.600835707080586,4.093024635300601,3.8670841094632553e+28
268.10000000000025,10.600456944156303,4.091278756103337,3.8604062675325434e+28
269.10000000000025,10.600079330419328,4.089539601618928,3.853764754601329e+28
270.10000000000025,10.599702858270204,4.087807120716198,3.8471592391275265e+28
271.10000000000025,10.599327520187435,4.086081262841515,3.8405893938077333e+28
272.10000000000025,10.598953308726415,4.084361978010174,3.8340548955076477e+28
273.10000000000025,10.598580216518357,4.082649216797908,3.827555425193878e+28
274.10000000000025,10.59820823626925,4.080942930332576,3.821090667867108e+28
275.10000000000025,10.59783736075883,4.079243070286008,3.8146603124965986e+28
276.10000000000025,10.597467582839572,4.077549588865976,3.8082640519559816e+28
277.10000000000025,10.597098895435696,4.075862438808329,3.801901582960318e+28
278.10000000000025,10.596731291542193,4.0741815733692786,3.795572606004404e+28
279.10000000000025,10.596364764223862,4.072506946317802,3.7892768253022705e+28
280.10000000000025,10.595999306614374,4.0708385119282005,3.7830139487278764e+28
281.10000000000025,10.59563491191534,4.0691762249727965,3.7767836877569525e+28
282.10000000000025,10.595271573395406,4.067520040714736,3.7705857574099667e+28
283.10000000000025,10.594909284389354,4.065869914900951,3.764419876196199e+28
284.10000000000025,10.594548038297223,4.0642258037552255,3.758285766058886e+28
285.10000000000025,10.594187828583442,4.062587663971396,3.7521831523214213e+28
286.10000000000025,10.593828648775983,4.060955452706668,3.7461117636345855e+28
287.10000000000025,10.593470492465519,4.059329127575048,3.740071331924774e+28
288.10000000000025,10.59311335330461,4.05770864664091,3.734061592343215e+28
289.10000000000025,10.59275722500688,4.056093968412633,3.728082283216147e+28
290.10000000000025,10.592402101346233,4.054485051836401,3.7221331459959288e+28
291.10000000000025,10.592047976156067,4.05288185629008,3.7162139252130764e+28
292.10000000000025,10.591694843328503,4.0512843415771975,3.7103243684291895e+28
293.10000000000025,10.591342696813625,4.0496924679210515,3.704464226190764e+28
294.10000000000025,10.590991530618739,4.048106195958894,3.6986332519838586e+28
295.10000000000025,10.59064133880764,4.046525486736231,3.6928312021896e+28
296.10000000000025,10.590292115499885,4.044950301701219,3.6870578360405133e+28
297.10000000000025,10.589943854870093,4.043380602699148,3.681312915577655e+28
298.10000000000025,10.589596551147237,4.0418163519670305,3.675596205608531e+28
299.10000000000025,10.589250198613962,4.040257512128265,3.6699074736657837e+28
300.10000000000025,10.588904791605913,4.038704046187419,3.664246489966636e+28
301.10000000000025,10.588560324511057,4.037155917525061,3.658613027373063e+28
302.10000000000025,10.588216791769042,4.035613089892713,3.6530068613526955e+28
303.10000000000025,10.587874187870545,4.03407552740787,3.647427769940419e+28
304.10000000000025,10.587532507356636,4.032543194549104,3.64187553370067e+28
305.10000000000025,10.58719174481816,4.031016056151259,3.636349935690402e+28
306.10000000000025,10.586851894895116,4.029494077400708,3.630850761422721e+28
307.10000000000025,10.586512952276056,4.027977223830711,3.6253777988311573e+28
308.10000000000025,10.586174911697489,4.02646546131683,3.619930838234583e+28
309.10000000000025,10.585837767943291,4.024958756072426,3.6145096723027423e+28
310.10000000000025,10.58550151584413,4.023457074644234,3.60911409602239e+28
311.10000000000025,10.585166150276901,4.021960383908007,3.603743906664032e+28
312.10000000000025,10.584831666164156,4.02046865106422,3.5983989037492368e+28
313.10000000000025,10.584498058473566,4.018981843633872,3.5930788890185297e+28
314.10000000000025,10.584165322217364,4.017499929454319,3.587783666399837e+28
315.10000000000025,10.583833452451822,4.0160228766751995,3.5825130419774816e+28
316.10000000000025,10.583502444276718,4.014550653754423,3.5772668239617183e+28
317.10000000000025,10.583172292834819,4.013083229454211,3.5720448226587832e+28
318.10000000000025,10.58284299331137,4.011620572837215,3.5668468504414727e+28
319.10000000000025,10.582514540933593,4.010162653262681,3.561672721720212e+28
320.10000000000025,10.582186930970183,4.008709440382684,3.556522252914632e+28
321.10000000000025,10.581860158730832,4.00726090413843,3.551395262425614e+28
322.10000000000025,10.581534219565738,4.005817014756598,3.5462915706078264e+28
323.10000000000025,10.581209108865135,4.004377742745752,3.541210999742711e+28
324.10000000000025,10.580884822058827,4.0029430588928046,3.5361533740119363e+28
325.10000000000025,10.580561354615726,4.001512934259536,3.531118519471287e+28
326.10000000000025,10.580238702043397,4.000087340179171,3.5261062640250027e+28
327.10000000000025,10.579916859887614,3.9986662482529995,3.5211164374005316e+28
328.10000000000025,10.579595823731921,3.9972496303470657,3.5161488711237213e+28
329.10000000000025,10.579275589197195,3.9958374585888907,3.511203398494407e+28
330.10000000000025,10.578956151941219,3.994429705364254,3.506279854562411e+28
331.10000000000025,10.57863750765826,3.9930263433140247,3.5013780761039385e+28
332.10000000000025,10.57831965207866,3.9916273453310387,3.496497901598362e+28
333.10000000000025,10.578002580968414,3.990232684557021,3.4916391712053837e+28
334.10000000000025,10.577686290128781,3.9888423343795703,3.486801726742573e+28
335.10000000000025,10.577370775395874,3.987456268429157,3.4819854116632743e+28
336.10000000000025,10.577056032640275,3.9860744605762064,3.4771900710348675e+28
337.10000000000025,10.576742057766648,3.984696884928194,3.472415551517387e+28
338.10000000000025,10.576428846713354,3.983323515826797,3.467661701342481e+28
339.10000000000025,10.576116395452079,3.9819543278450924,3.462928370292717e+28
340.10000000000025,10.575804699987462,3.9805892957847853,3.4582154096812107e+28
341.10000000000025,10.57549375635673,3.979228394673494,3.453522672331591e+28
342.10000000000025,10.57518356062934,3.9778715997620564,3.448850012558278e+28
343.10000000000025,10.574874108906618,3.9765188865218946,3.4441972861470803e+28
344.10000000000025,10.574565397321418,3.9751702306424055,3.439564350336094e+28
345.10000000000025,10.574257422037766,3.9738256080283896,3.434951063796914e+28
346.10000000000025,10.573950179250527,3.9724849947975325,3.4303572866161312e+28
347.10000000000025,10.573643665185068,3.9711483672779053,3.4257828802771293e+28
348.10000000000025,10.573337876096925,3.969815702005511,3.421227707642166e+28
349.10000000000025,10.573032808271476,3.96848697572186,3.4166916329347293e+28
350.10000000000025,10.57272845802362,3.9671621653715956,3.4121745217221768e+28
351.10000000000025,10.572424821697462,3.96584124810013,3.40767624089864e+28
352.10000000000025,10.57212189566599,3.9645242012513346,3.4031966586681982e+28
353.10000000000025,10.57181967633078,3.9632110023652594,3.398735644528308e+28
354.10000000000025,10.571518160121673,3.9619016291758684,3.394293069253491e+28
355.10000000000025,10.571217343496494,3.96059605960884,3.389868804879278e+28
356.10000000000025,10.570917222940738,3.9592942717793624,3.385462724686388e+28
357.10000000000025,10.570617794967285,3.9579962439899874,3.3810747031851594e+28
358.10000000000025,10.570319056116114,3.956701954728503,3.376704616100215e+28
359.10000000000025,10.57002100295401,3.955411382665838,3.3723523403553614e+28
360.10000000000025,10.569723632074282,3.9541245066539843,3.3680177540587153e+28
361.10000000000025,10.569426940096498,3.9528413057239784,3.3637007364880582e+28
362.10000000000025,10.569130923666197,3.9515617590838823,3.359401168076411e+28
363.10000000000025,10.568835579454625,3.950285846116803,3.3551189303978248e+28
364.10000000000025,10.568540904158464,3.949013546378935,3.3508539061533857e+28
365.10000000000025,10.568246894499577,3.9477448395976507,3.3466059791574308e+28
366.10000000000025,10.567953547224738,3.9464797056695784,3.3423750343239653e+28
367.10000000000025,10.56766085910538,3.9452181246587483,3.338160957653289e+28
368.10000000000025,10.567368826937345,3.9439600767947303,3.333963636218813e+28
369.10000000000025,10.567077447540628,3.9427055424708275,3.3297829581540802e+28
370.10000000000025,10.566786717759133,3.9414545022422627,3.325618812639972e+28
371.10000000000025,10.56649663446043,3.9402069368244197,3.321471089892103e+28
372.10000000000025,10.566207194535513,3.9389628270910824,3.317339681148405e+28
373.10000000000025,10.565918394898565,3.937722154072721,3.313224478656889e+28
374.10000000000025,10.565630232486722,3.9364848989547867,3.30912537566359e+28
375.10000000000025,10.56534270425984,3.935251043076028,3.305042266400682e+28
376.10000000000025,10.565055807200268,3.9340205679268454,3.300975046074772e+28
377.10000000000025,10.564769538312628,3.9327934551476487,3.296923610855358e+28
378.10000000000025,10.564483894623582,3.9315696865272467,3.292887857863457e+28
379.10000000000025,10.564198873181619,3.9303492440012664,3.2888676851603986e+28
380.10000000000025,10.563914471056837,3.9291321096505705,3.2848629917367743e+28
381.10000000000025,10.563630685340728,3.9279182656997214,3.2808736775015516e+28
382.10000000000025,10.563347513145965,3.92670769451544,3.276899643271338e+28
383.10000000000025,10.563064951606195,3.9255003786051166,3.2729407907598024e+28
384.10000000000025,10.562782997875832,3.9242963006153033,3.268997022567247e+28
385.10000000000025,10.562501649129853,3.923095443330265,3.265068242170325e+28
386.10000000000025,10.562220902563597,3.921897789670519,3.261154353911901e+28
387.10000000000025,10.561940755392564,3.920703322691408,3.2572552629910646e+28
388.10000000000025,10.561661204852223,3.9195120255816898,3.2533708754532754e+28
389.10000000000025,10.561382248197814,3.9183238816621473,3.249501098180648e+28
390.10000000000025,10.561103882704156,3.917138874384204,3.2456458388823764e+28
391.10000000000025,10.560826105665463,3.915956987328584,3.241805006085292e+28
392.10000000000025,10.560548914395149,3.9147782042039556,3.2379785091245467e+28
393.10000000000025,10.56027230622565,3.91360250884562,3.2341662581344354e+28
394.10000000000025,10.559996278508242,3.912429885214204,3.230368164039339e+28
395.10000000000025,10.559720828612853,3.911260317394371,3.226584138544794e+28
396.10000000000025,10.559445953927895,3.910093789593553,3.222814094128687e+28
397.10000000000025,10.559171651860078,3.908930286140683,3.2190579440325685e+28
398.10000000000025,10.558897919834244,3.907769791484972,3.2153156022530873e+28
399.10000000000025,10.558624755293193,3.9066122901946736,3.2115869835335414e+28
400.10000000000025,10.558352155697511,3.9054577669558803,3.207872003355546e+28
401.10000000000025,10.558080118525405,3.9043062065713316,3.204170577930811e+28
402.10000000000025,10.557808641272535,3.9031575939592265,3.2004826241930355e+28
403.10000000000025,10.557537721451855,3.9020119141520784,3.19680805978991e+28
404.10000000000025,10.557267356593444,3.9008691522955488,3.1931468030752226e+28
405.10000000000025,10.556997544244354,3.899729293647322,3.1894987731010804e+28
406.10000000000025,10.556728281968445,3.898592323575985,3.1858638896102277e+28
407.10000000000025,10.556459567346234,3.8974582275599174,3.1822420730284717e+28
408.10000000000025,10.556191397974738,3.896326991186198,3.1786332444572083e+28
409.10000000000025,10.55592377146732,3.895198600149534,3.1750373256660476e+28
410.10000000000025,10.555656685453544,3.8940730402511847,3.1714542390855384e+28
411.10000000000025,10.55539013757902,3.892950297397918,3.1678839077999874e+28
412.10000000000025,10.55512412550526,3.8918303576009707,3.164326255540378e+28
413.10000000000025,10.554858646909533,3.8907132069750094,3.160781206677377e+28
414.10000000000025,10.55459369948472,3.8895988317371346,3.1572486862144387e+28
415.10000000000025,10.554329280939168,3.888487218205863,3.1537286197809987e+28
416.10000000000025,10.554065388996555,3.8873783528001447,3.150220933625752e+28
417.10000000000025,10.553802021395754,3.8862722220383907,3.146725554610028e+28
418.10000000000025,10.553539175890682,3.885168812537494,3.1432424102012442e+28
419.10000000000025,10.55327685025018,3.884068111011886,3.1397714284664504e+28
420.10000000000025,10.553015042257869,3.882970104272595,3.1363125380659544e+28
421.10000000000025,10.55275374971202,3.8818747792263033,3.132865668247031e+28
422.10000000000025,10.552492970425423,3.88078212287444,3.1294307488377116e+28
423.10000000000025,10.552232702225258,3.8796921223122642,3.1260077102406585e+28
424.10000000000025,10.551972942952963,3.8786047647279682,3.1225964834271097e+28
425.10000000000025,10.551713690464114,3.8775200374017915,3.1191969999309093e+28
426.10000000000025,10.551454942628293,3.876437927705146,3.1158091918426127e+28
427.10000000000025,10.551196697328967,3.8753584230997413,3.1124329918036625e+28
428.10000000000025,10.550938952463365,3.8742815111367372,3.109068333000647e+28
429.10000000000025,10.550681705942356,3.8732071794558895,3.1057151491596227e+28
430.10000000000025,10.55042495569033,3.8721354157847223,3.1023733745405178e+28
431.10000000000025,10.55016869964508,3.8710662079376963,3.0990429439315994e+28
432.10000000000025,10.549912935757684,3.869999543815389,3.0957237926440155e+28
433.10000000000025,10.549657661992386,3.868935411403696,3.092415856506402e+28
434.10000000000025,10.54940287632649,3.8678737987730303,3.089119071859562e+28
435.10000000000025,10.549148576750232,3.866814694077522,3.0858333755512085e+28
436.10000000000025,10.548894761266686,3.8657580855542584,3.0825587049307742e+28
437.10000000000025,10.548641427891637,3.864703961522499,3.0792949978442862e+28
438.10000000000025,10.54838857465348,3.8636523103829234,3.0760421926293037e+28
439.10000000000025,10.54813619959311,3.8626031206168716,3.0728002281099214e+28
440.10000000000025,10.547884300763814,3.8615563807856055,3.069569043591832e+28
441.10000000000025,10.547632876231162,3.8605120795295673,3.0663485788574504e+28
442.10000000000025,10.547381924072909,3.859470205567658,3.0631387741610998e+28
443.10000000000025,10.54713144237888,3.858430747696513,3.059939570224257e+28
444.10000000000025,10.546881429250883,3.857393694789805,3.0567509082308526e+28
445.10000000000025,10.54663188280259,3.856359035797523,3.053572729822634e+28
446.10000000000025,10.546382801159448,3.8553267597452874,3.0504049770945824e+28
447.10000000000025,10.546134182458575,3.8542968557336645,3.0472475925903875e+28
448.10000000000025,10.545886024848663,3.853269312937486,3.044100519297972e+28
449.10000000000025,10.54563832648988,3.852244120605178,3.0409637006450813e+28
450.10000000000025,10.545391085553776,3.8512212680580977,3.037837080494914e+28
451.10000000000025,10.54514430022318,3.850200744689872,3.0347206031418164e+28
452.10000000000025,10.544897968692114,3.849182539965757,3.031614213307021e+28
453.10000000000025,10.544652089165696,3.848166643421992,3.0285178561344417e+28
454.10000000000025,10.54440665986005,3.847153044665166,3.0254314771865163e+28
455.10000000000025,10.544161679002208,3.8461417333715855,3.0223550224401016e+28
456.10000000000025,10.54391714483003,3.845132699286667,3.019288438282415e+28
457.10000000000025,10.543673055592102,3.8441259322243044,3.0162316715070257e+28
458.10000000000025,10.54342940954766,3.8431214220662797,3.013184669309896e+28
459.10000000000025,10.543186204966494,3.8421191587616588,3.010147379285466e+28
460.10000000000025,10.542943440128862,3.8411191323261837,3.0071197494227857e+28
461.10000000000025,10.54270111332541,3.840121332841709,3.004101728101697e+28
462.10000000000025,10.54245922285708,3.8391257504556027,3.0010932640890536e+28
463.10000000000025,10.542217767035028,3.8381323753801855,2.998094306534993e+28
464.10000000000025,10.541976744180543,3.837141197892144,2.995104804969247e+28
465.10000000000025,10.541736152624964,3.8361522083319937,2.9921247092974976e+28
466.10000000000025,10.541495990709594,3.8351653971035007,2.9891539697977755e+28
467.10000000000025,10.541256256785628,3.834180754673154,2.986192537116902e+28
468.10000000000025,10.541016949214065,3.833198271569598,2.98324036226697e+28
469.10000000000025,10.54077806636563,3.8322179383831125,2.9802973966218677e+28
470.10000000000025,10.540539606620703,3.8312397457650715,2.9773635919138414e+28
471.10000000000025,10.540301568369232,3.8302636844274254,2.9744389002301e+28
472.10000000000025,10.540063950010662,3.8292897451421717,2.9715232740094587e+28
473.10000000000025,10.539826749953859,3.828317918740844,2.9686166660390176e+28
474.10000000000025,10.539589966617031,3.8273481961140017,2.965719029450884e+28
475.10000000000025,10.53935359842766,3.826380568210728,2.9628303177189295e+28
476.10000000000025,10.53911764382242,3.8254150260381263,2.9599504846555854e+28
477.10000000000025,10.538882101247115,3.824451560660835,2.957079484408671e+28
478.10000000000025,10.538646969156593,3.8234901632005256,2.9542172714582675e+28
479.10000000000025,10.538412246014687,3.822530824835431,2.9513638006136156e+28
480.10000000000025,10.538177930294138,3.821573536799866,2.9485190270100558e+28
481.10000000000025,10.537944020476527,3.8206182903837522,2.945682906106005e+28
482.10000000000025,10.537710515052204,3.819665076932149,2.9428553936799603e+28
483.10000000000025,10.537477412520223,3.8187138878447966,2.940036445827543e+28
484.10000000000025,10.537244711388269,3.817764714575645,2.9372260189585723e+28
485.10000000000025,10.537012410172592,3.816817548632413,2.934424069794175e+28
486.10000000000025,10.536780507397944,3.815872381576135,2.931630555363925e+28
487.10000000000025,10.53654900159751,3.8149292050207158,2.9288454330030146e+28
488.10000000000025,10.536317891312843,3.813988010632491,2.9260686603494624e+28
489.10000000000025,10.5360871750938,3.8130487901297996,2.923300195341346e+28
490.10000000000025,10.535856851498474,3.8121115352825368,2.920539996214068e+28
491.10000000000025,10.53562691909314,3.8111762379117473,2.9177880214976554e+28
492.10000000000025,10.53539737645218,3.810242889889185,2.915044230014084e+28
493.10000000000025,10.535168222158031,3.8093114831369173,2.9123085808746354e+28
494.10000000000025,10.534939454801119,3.808382009626892,2.909581033477284e+28
495.10000000000025,10.534711072979796,3.807454461380538,2.9068615475041096e+28
496.10000000000025,10.534483075300283,3.806528830468357,2.9041500829187424e+28
497.10000000000025,10.53425546037661,3.8056051090095293,2.901446599963832e+28
498.10000000000025,10.534028226830554,3.8046832891715128,2.8987510591585486e+28
499.10000000000025,10.533801373291583,3.8037633631696486,2.8960634212961067e+28
500.10000000000025,10.533574898396799,3.8028453232667787,2.8933836474413215e+28
501.10000000000025,10.533348800790874,3.8019291617728546,2.890711698928185e+28
502.10000000000025,10.533123079126,3.8010148710445586,2.888047537357477e+28
503.10000000000025,10.532897732061828,3.8001024434849295,2.8853911245943927e+28
504.10000000000025,10.532672758265416,3.79919187154299,2.882742422766205e+28
505.10000000000025,10.53244815641117,3.798283147713374,2.8801013942599447e+28
506.10000000000025,10.53222392518079,3.797376264535961,2.8774680017201096e+28
507.10000000000025,10.532000063263217,3.7964712145955164,2.8748422080463997e+28
508.10000000000025,10.531776569354577,3.795567990521335,2.8722239763914712e+28
509.10000000000025,10.53155344215813,3.7946665849868824,2.869613270158721e+28
510.10000000000025,10.531330680384213,3.7937669907094413,2.8670100530000895e+28
511.10000000000025,10.531108282750196,3.792869200449772,2.8644142888138926e+28
512.1000000000003,10.530886247980419,3.791973207011759,2.8618259417426696e+28
513.1000000000003,10.53066457480615,3.7910790032420776,2.8592449761710614e+28
514.1000000000003,10.530443261965525,3.7901865820298517,2.856671356723707e+28
515.1000000000003,10.530222308203511,3.7892959363063246,2.8541050482631613e+28
516.1000000000003,10.53000171227184,3.7884070590445154,2.85154601588784e+28
517.1000000000003,10.529781472928972,3.7875199432589097,2.8489942249299802e+28
518.1000000000003,10.52956158894004,3.7866345820051186,2.8464496409536274e+28
519.1000000000003,10.5293420590768,3.7857509683795687,2.8439122297526414e+28
520.1000000000003,10.52912288211759,3.7848690955191766,2.841381957348722e+28
521.1000000000003,10.528904056847274,3.7839889566010347,2.8388587899894597e+28
522.1000000000003,10.5286855820572,3.7831105448421045,2.8363426941463997e+28
523.1000000000003,10.528467456545151,3.7822338534989033,2.833833636513135e+28
524.1000000000003,10.5282496791153,3.781358875867196,2.8313315840034114e+28
525.1000000000003,10.528032248578159,3.780485605281691,2.828836503749258e+28
526.1000000000003,10.527815163750542,3.7796140351157517,2.8263483630991323e+28
527.1000000000003,10.527598423455515,3.778744158781085,2.823867129616089e+28
528.1000000000003,10.52738202652235,3.7778759697274538,2.8213927710759646e+28
529.1000000000003,10.52716597178648,3.7770094614423826,2.818925255465583e+28
530.1000000000003,10.526950258089464,3.7761446274508748,2.816464550980976e+28
531.1000000000003,10.526734884278927,3.775281461315112,2.8140106260256284e+28
532.1000000000003,10.526519849208533,3.774419956634188,2.811563449208734e+28
533.1000000000003,10.526305151737937,3.7735601070438216,2.8091229893434723e+28
534.1000000000003,10.526090790732734,3.77270190621607,2.8066892154453068e+28
535.1000000000003,10.52587676506443,3.7718453478590606,2.8042620967302962e+28
536.1000000000003,10.525663073610392,3.7709904257167257,2.8018416026134203e+28
537.1000000000003,10.525449715253812,3.770137133568519,2.7994277027069308e+28
538.1000000000003,10.525236688883659,3.769285465229152,2.7970203668187115e+28
539.1000000000003,10.525023993394647,3.7684354145483354,2.794619564950661e+28
540.1000000000003,10.524811627687187,3.7675869754105022,2.7922252672970855e+28
541.1000000000003,10.524599590667354,3.766740141734566,2.789837444243114e+28
542.1000000000003,10.52438788124684,3.765894907473646,2.7874560663631245e+28
543.1000000000003,10.524176498342923,3.7650512666148215,2.7850811044191904e+28
544.1000000000003,10.523965440878422,3.7642092131788747,2.7827125293595386e+28
545.1000000000003,10.523754707781661,3.7633687412200407,2.7803503123170257e+28
546.1000000000003,10.523544297986433,3.7625298448257656,2.7779944246076284e+28
547.1000000000003,10.523334210431956,3.7616925181164462,2.775644837728949e+28
548.1000000000003,10.523124444062843,3.7608567552451984,2.773301523358735e+28
549.1000000000003,10.522914997829057,3.7600225503976086,2.7709644533534167e+28
550.1000000000003,10.522705870685883,3.759189897791502,2.768633599746654e+28
551.1000000000003,10.522497061593883,3.7583587916766965,2.7663089347479034e+28
552.1000000000003,10.522288569518869,3.7575292263347757,2.7639904307409947e+28
553.1000000000003,10.522080393431857,3.756701196078848,2.7616780602827242e+28
554.1000000000003,10.521872532309038,3.7558746952533237,2.7593717961014592e+28
555.1000000000003,10.521664985131741,3.7550497182336784,2.7570716110957615e+28
556.1000000000003,10.5214577508864,3.754226259426236,2.754777478333018e+28
557.1000000000003,10.521250828564515,3.753404313267935,2.7524893710480893e+28
558.1000000000003,10.52104421716262,3.752583874226107,2.7502072626419684e+28
559.1000000000003,10.520837915682252,3.751764936798268,2.7479311266804555e+28
560.1000000000003,10.520631923129912,3.750947495511884,2.7456609368928446e+28
561.1000000000003,10.520426238517034,3.7501315449241654,2.743396667170621e+28
562.1000000000003,10.520220860859952,3.749317079621843,2.741138291566174e+28
563.1000000000003,10.520015789179869,3.7485040942209693,2.738885784291522e+28
564.1000000000003,10.519811022502818,3.747692583366693,2.736639119717047e+28
565.1000000000003,10.519606559859637,3.7468825417330613,2.734398272370244e+28
566.1000000000003,10.519402400285932,3.746073964022801,2.732163216934484e+28
567.1000000000003,10.519198542822048,3.7452668449671314,2.729933928247785e+28
568.1000000000003,10.518994986513034,3.7444611793255387,2.7277103813015966e+28
569.1000000000003,10.51879173040862,3.7436569618855966,2.725492551239596e+28
570.1000000000003,10.518588773563172,3.742854187462752,2.723280413356498e+28
571.1000000000003,10.518386115035675,3.7420528509001265,2.721073943096872e+28
572.1000000000003,10.518183753889694,3.7412529470683316,2.718873116053973e+28
573.1000000000003,10.51798168919335,3.7404544708652674,2.7166779079685846e+28
574.1000000000003,10.517779920019283,3.739657417215927,2.7144882947278693e+28
575.1000000000003,10.517578445444627,3.7388617810722105,2.7123042523642357e+28
576.1000000000003,10.51737726455098,3.738067557412731,2.710125757054209e+28
577.1000000000003,10.517176376424372,3.7372747412426324,2.7079527851173185e+28
578.1000000000003,10.51697578015524,3.7364833275933997,2.7057853130149926e+28
579.1000000000003,10.516775474838399,3.735693311522678,2.7036233173494657e+28
580.1000000000003,10.516575459573007,3.7349046881140815,2.701466774862691e+28
581.1000000000003,10.516375733462544,3.734117452477022,2.6993156624352725e+28
582.1000000000003,10.516176295614784,3.7333315997465273,2.697169957085398e+28
583.1000000000003,10.51597714514176,3.7325471250830544,2.695029635967785e+28
584.1000000000003,10.515778281159742,3.731764023672324,2.69289467637264e+28
585.1000000000003,10.515579702789212,3.7309822907251444,2.6907650557246236e+28
586.1000000000003,10.51538140915483,3.730201921477226,2.6886407515818246e+28
587.1000000000003,10.51518339938541,3.729422911189021,2.686521741634747e+28
588.1000000000003,10.514985672613896,3.728645255145554,2.684408003705306e+28
589.1000000000003,10.514788227977332,3.7278689486562446,2.6822995157458284e+28
590.1000000000003,10.514591064616837,3.7270939870547437,2.6801962558380687e+28
591.1000000000003,10.51439418167758,3.726320365698772,2.6780982021922323e+28
592.1000000000003,10.514197578308753,3.725548079969947,2.6760053331460045e+28
593.1000000000003,10.514001253663542,3.724777125273621,2.6739176271635918e+28
594.1000000000003,10.513805206899109,3.724007497038726,2.671835062834772e+28
595.1000000000003,10.513609437176559,3.723239190717603,2.6697576188739507e+28
596.1000000000003,10.513413943660922,3.7224722017858554,2.6676852741192293e+28
597.1000000000003,10.513218725521122,3.7217065257421793,2.6656180075314794e+28
598.1000000000003,10.51302378192996,3.7209421581082154,2.663555798193427e+28
599.1000000000003,10.512829112064077,3.7201790944283855,2.6614986253087425e+28
600.1000000000003,10.512634715103944,3.7194173302697453,2.6594464682011427e+28
601.1000000000003,10.512440590233828,3.7186568612218283,2.6573993063135006e+28
602.1000000000003,10.512246736641771,3.7178976828964965,2.6553571192069583e+28
603.1000000000003,10.51205315351957,3.717139790927793,2.653319886560054e+28
604.1000000000003,10.51185984006275,3.7163831809717873,2.651287588167853e+28
605.1000000000003,10.511666795470536,3.7156278487064256,2.6492602039410892e+28
606.1000000000003,10.511474018945838,3.7148737898313935,2.6472377139053133e+28
607.1000000000003,10.511281509695229,3.7141210000679674,2.6452200982000465e+28
608.1000000000003,10.511089266928911,3.713369475158868,2.6432073370779457e+28
609.1000000000003,10.510897289860706,3.712619210868122,2.6411994109039727e+28
610.1000000000003,10.510705577708022,3.7118702029809096,2.639196300154574e+28
611.1000000000003,10.510514129691838,3.711122447303441,2.6371979854168663e+28
612.1000000000003,10.510322945036682,3.7103759396628053,2.6352044473878267e+28
613.1000000000003,10.510132022970604,3.7096306759068343,2.6332156668734967e+28
614.1000000000003,10.509941362725158,3.7088866519039687,2.6312316247881844e+28
615.1000000000003,10.509750963535382,3.708143863543122,2.629252302153685e+28
616.1000000000003,10.50956082463977,3.707402306733539,2.627277680098496e+28
617.1000000000003,10.50937094528026,3.7066619774046727,2.625307739857048e+28
618.1000000000003,10.509181324702205,3.7059228715060444,2.6233424627689394e+28
619.1000000000003,10.508991962154354,3.7051849850071124,2.6213818302781786e+28
620.1000000000003,10.508802856888838,3.704448313897149,2.6194258239324306e+28
621.1000000000003,10.508614008161139,3.7037128541851025,2.6174744253822736e+28
622.1000000000003,10.508425415230075,3.7029786018994715,2.615527616380459e+28
623.1000000000003,10.508237077357782,3.7022455530881837,2.6135853787811802e+28
624.1000000000003,10.50804899380969,3.701513703818461,2.6116476945393477e+28
625.1000000000003,10.5078611638545,3.7007830501766947,2.6097145457098675e+28
626.1000000000003,10.507673586764176,3.700053588268333,2.6077859144469305e+28
627.1000000000003,10.507486261813913,3.699325314217747,2.6058617830033046e+28
628.1000000000003,10.507299188282124,3.6985982241681077,2.6039421337296332e+28
629.1000000000003,10.507112365450418,3.6978723142812724,2.6020269490737423e+28
630.1000000000003,10.506925792603582,3.697147580737658,2.6001162115799515e+28
631.1000000000003,10.506739469029561,3.696424019736126,2.5982099038883898e+28
632.1000000000003,10.506553394019443,3.695701627493861,2.5963080087343214e+28
633.1000000000003,10.506367566867434,3.6949804002462594,2.594410508947473e+28
634.1000000000003,10.506181986870843,3.6942603342468026,2.592517387451369e+28
635.1000000000003,10.505996653330063,3.693541425766953,2.590628627262674e+28
636.1000000000003,10.505811565548555,3.6928236710960314,2.5887442114905354e+28
637.1000000000003,10.505626722832822,3.6921070665411024,2.5868641233359393e+28
638.1000000000003,10.505442124492403,3.6913916084268736,2.5849883460910653e+28
639.1000000000003,10.505257769839844,3.6906772930955727,2.583116863138651e+28
640.1000000000003,10.505073658190685,3.689964116906834,2.5812496579513596e+28
641.1000000000003,10.504889788863444,3.6892520762375987,2.579386714091153e+28
642.1000000000003,10.504706161179596,3.6885411674820014,2.5775280152086733e+28
643.1000000000003,10.504522774463556,3.687831387051255,2.5756735450426247e+28
644.1000000000003,10.504339628042665,3.6871227313735577,2.5738232874191645e+28
645.1000000000003,10.50415672124717,3.686415196893975,2.571977226251297e+28
646.1000000000003,10.503974053410207,3.685708780074333,2.5701353455382745e+28
647.1000000000003,10.503791623867786,3.6850034773931224,2.5682976293650017e+28
648.1000000000003,10.50360943195877,3.6842992853453866,2.566464061901445e+28
649.1000000000003,10.503427477024864,3.6835962004426195,2.5646346274020487e+28
650.1000000000003,10.503245758410596,3.6828942192126686,2.562809310205155e+28
651.1000000000003,10.503064275463299,3.6821933381996255,2.5609880947324257e+28
652.1000000000003,10.502883027533095,3.681493553963728,2.5591709654882773e+28
653.1000000000003,10.50270201397288,3.6807948630812617,2.5573579070593106e+28
654.1000000000003,10.502521234138314,3.6800972621444616,2.55554890411375e+28
655.1000000000003,10.50234068738779,3.6794007477614072,2.5537439414008913e+28
656.1000000000003,10.502160373082432,3.6787053165559316,2.551943003750546e+28
657.1000000000003,10.501980290586076,3.6780109651675192,2.550146076072495e+28
658.1000000000003,10.501800439265248,3.6773176902512117,2.548353143355948e+28
659.1000000000003,10.501620818489156,3.6766254884775127,2.546564190669004e+28
660.1000000000003,10.501441427629674,3.6759343565322924,2.544779203158117e+28
661.1000000000003,10.50126226606132,3.675244291116691,2.5429981660475694e+28
662.1000000000003,10.50108333316125,3.6745552889470314,2.541221064638945e+28
663.1000000000003,10.500904628309236,3.673867346754721,2.539447884310609e+28
664.1000000000003,10.500726150887656,3.6731804612861607,2.5376786105171924e+28
665.1000000000003,10.500547900281475,3.6724946293026526,2.53591322878908e+28
666.1000000000003,10.500369875878233,3.671809847580313,2.534151724731903e+28
667.1000000000003,10.50019207706803,3.6711261129099837,2.5323940840260345e+28
668.1000000000003,10.50001450324351,3.6704434220971285,2.5306402924260897e+28
669.1000000000003,10.499837153799847,3.669761771961767,2.528890335760433e+28
670.1000000000003,10.499660028134734,3.6690811593383676,2.527144199930683e+28
671.1000000000003,10.499483125648364,3.6684015810757704,2.52540187091123e+28
672.1000000000003,10.49930644574342,3.667723034037097,2.5236633347487474e+28
673.1000000000003,10.499129987825057,3.667045515099667,2.521928577561716e+28
674.1000000000003,10.498953751300892,3.6663690211549076,2.520197585539947e+28
675.1000000000003,10.498777735580987,3.6656935491082754,2.5184703449441106e+28
676.1000000000003,10.498601940077839,3.6650190958791686,2.5167468421052675e+28
677.1000000000003,10.498426364206361,3.664345658400844,2.5150270634244073e+28
687.1000000000003,10.496682558217437,3.6576664849714833,2.4980311626093144e+28
697.1000000000003,10.494960089256685,3.651085612993492,2.4813932206276205e+28
707.1000000000003,10.493258410126604,3.6446001919764144,2.4651007234724747e+28
717.1000000000003,10.491576995072768,3.6382074932284385,2.449141763670501e+28
727.1000000000003,10.489915338659326,3.631904903029811,2.433505002916526e+28
737.1000000000003,10.488272954718004,3.625689916277177,2.4181796374876624e+28
747.1000000000003,10.48664937536488,3.6195601305604606,2.4031553661954454e+28
757.1000000000003,10.485044150079712,3.613513240637435,2.388422360658597e+28
767.1000000000003,10.483456844843092,3.6075470332744546,2.373971237700203e+28
777.1000000000003,10.48188704132706,3.6016593824245886,2.3597930336920256e+28
787.1000000000003,10.48033433613526,3.595848244717091,2.3458791806855144e+28
797.1000000000003,10.478798340088987,3.590111655234388,2.3322214841841632e+28
807.1000000000003,10.477278677555852,3.5844477235549235,2.3188121024253425e+28
817.1000000000003,10.475774985817976,3.5788546300420085,2.305643527051825e+28
827.1000000000003,10.474286914476997,3.573330622360605,2.292708565064057e+28
837.1000000000003,10.472814124893269,3.5678740122054435,2.2800003219539815e+28
847.1000000000003,10.471356289656951,3.5624831722252943,2.2675121859299754e+28
857.1000000000003,10.469913092088797,3.5571565331294854,2.255237813150379e+28
867.1000000000003,10.468484225768652,3.551892580963823,2.243171113890199e+28
877.1000000000003,10.467069394089831,3.546689854544222,2.2313062395720175e+28
887.1000000000003,10.465668309837675,3.5415469430371767,2.219637570597964e+28
897.1000000000003,10.46428069479071,3.5364624836771617,2.2081597049248548e+28
907.1000000000003,10.462906279342981,3.531435159611725,2.196867447329399e+28
917.1000000000003,10.461544802146184,3.526463697865859,2.185755799314706e+28
927.1000000000003,10.460196009770389,3.521546867417767,2.1748199496132517e+28
937.1000000000003,10.458859656382177,3.5166834773788547,2.164055265245053e+28
947.1000000000003,10.457535503439138,3.5118723752712055,2.1534572830930546e+28
957.1000000000003,10.456223319399706,3.5071124453963574,2.143021701960712e+28
967.1000000000003,10.454922879447459,3.5024026072896604,2.13274437507945e+28
977.1000000000003,10.453633965228967,3.497741814254873,2.1226213030361597e+28
987.1000000000003,10.452356364604439,3.4931290519740483,2.1126486270931677e+28
997.1000000000003,10.451089871410385,3.4885633371881406,2.102822622875157e+28
1007.1000000000003,10.449837579032488,3.484050655423044,2.076648527761369e+28
1017.1000000000003,10.448607879719818,3.4796081838529984,2.0444707400102194e+28
1027.1000000000004,10.447400721655713,3.4752353375522764,2.0130991057498505e+28
1037.1000000000004,10.446215454531632,3.4709302848820744,1.982505871321707e+28
1047.1000000000004,10.445051453385389,3.4666912608310216,1.9526644937592575e+28
1057.1000000000004,10.443908117364312,3.462516563944037,1.923549577051425e+28
1067.1000000000004,10.442784868560578,3.4584045534217287,1.8951368123256842e+28
1077.1000000000004,10.44168115091384,3.4543536463793343,1.867402921675723e+28
1087.1000000000004,10.440596429176647,3.4503623152549316,1.840325605380207e+28
1097.1000000000004,10.439530187938468,3.4464290853574777,1.8138834922789656e+28
1107.1000000000004,10.438481930704492,3.442552532545862,1.7880560930909753e+28
1117.1000000000004,10.437451179025617,3.438731281030787,1.762823756475042e+28
1127.1000000000004,10.436437471676333,3.43496400129194,1.7381676276491908e+28
1137.1000000000004,10.435440363877456,3.4312494081033718,1.7140696093986298e+28
1147.1000000000004,10.434459426560837,3.4275862586605226,1.6905123253148446e+28
1157.1000000000004,10.43349424567345,3.4239733508027994,1.6674790851200253e+28
1167.1000000000004,10.432544421518385,3.42040952132601,1.644953851941717e+28
1177.1000000000004,10.431609568130492,3.416893644379354,1.6229212114124172e+28
1187.1000000000004,10.430689312684548,3.4134246299420323,1.6013663424778697e+28
1197.1000000000004,10.429783294933976,3.4100014223748367,1.5802749898061163e+28
1207.1000000000004,10.428891166678303,3.4066229990424306,1.5596334376970254e+28
1217.1000000000004,10.428012591257625,3.4032883690022913,1.5394284853990691e+28
1227.1000000000004,10.427147243072504,3.3999965717565397,1.519647423746619e+28
1237.1000000000004,10.4262948071278,3.3967466760631218,1.5002780130370395e+28
1247.1000000000004,10.425454978599056,3.3935377788030827,1.4813084620723888e+28
1257.1000000000004,10.424627462420142,3.3903690039007945,1.462727408295672e+28
1267.1000000000004,10.423811972890944,3.3872395012942937,1.4445238989563053e+28
1277.1000000000004,10.423008233303959,3.384148445952966,1.426687373243848e+28
1287.1000000000004,10.422215975588752,3.3810950369400627,1.4092076453331017e+28
1297.1000000000004,10.421434939973269,3.378078496517653,1.3920748882874353e+28
1307.1000000000004,10.420664874661071,3.375098069291754,1.3752796187706734e+28
1317.1000000000004,10.419905535523649,3.3721530213955497,1.3588126825211164e+28
1327.1000000000004,10.419156685806957,3.369242639708702,1.3426652405442561e+28
1337.1000000000004,10.418418095851438,3.366366231110885,1.326828755983527e+28
1347.1000000000004,10.417689542824792,3.363523121767806,1.3112949816310212e+28
1357.1000000000004,10.41697081046684,3.360712656448048,1.2960559480425043e+28
1367.1000000000004,10.416261688845807,3.35793419786917,1.2811039522232831e+28
1377.1000000000004,10.415561974125481,3.3551871260716117,1.2664315468535805e+28
1387.1000000000004,10.414871468342634,3.352470837819032,1.2520315300239869e+28
1397.1000000000004,10.414189979194212,3.3497847460237407,1.237896935453376e+28
1407.1000000000004,10.41351731983378,3.3471282791960166,1.2240210231633418e+28
1417.1000000000004,10.412853308676752,3.344500880916164,1.2103972705847905e+28
1427.1000000000004,10.41219776921398,3.3419020093281766,1.1970193640737794e+28
1437.1000000000004,10.411550529833267,3.339331136654,1.1838811908150524e+28
1447.1000000000004,10.410911423648416,3.336787748727401,1.1709768310930147e+28
1457.1000000000004,10.410280288335457,3.334271344546519,1.1583005509110615e+28
1467.1000000000004,10.40965696597568,3.331781435844217,1.1458467949412988e+28
1477.1000000000004,10.409041302905162,3.32931754667542,1.1336101797877348e+28
1487.1000000000004,10.408433149570476,3.326879213020641,1.1215854875469955e+28
1497.1000000000004,10.407832360390262,3.3244659824049547,1.1097676596515256e+28
1507.1000000000004,10.407238793622417,3.3220774135317024,1.0981517909810956e+28
1517.1000000000004,10.406652311236611,3.319713075930296,1.0867331242292354e+28
1527.1000000000004,10.406072778791895,3.317372549617441,1.0755070445119605e+28
1537.1000000000004,10.405500065319158,3.315055424771211,1.0644690742068695e+28
1547.1000000000004,10.404934043208211,3.3127613014173924,1.0536148680113426e+28
1557.1000000000004,10.404374588099289,3.310489789127562,1.0429402082091947e+28
1567.1000000000004,10.403821578778755,3.308240506728362,1.0324410001357204e+28
1577.1000000000004,10.403274897078845,3.306013082021533,1.022113267831611e+28
1587.1000000000004,10.402734427781235,3.303807151514186,1.0119531498767413e+28
1597.1000000000004,10.402200058524299,3.3016223601589134,1.0019568953952989e+28
1607.1000000000004,10.401671679713854,3.2994583611032895,9.921208602241956e+27
1617.1000000000004,10.401149184437271,3.297314815448387,9.824415032371164e+27
1627.1000000000004,10.400632468380792,3.295191392015921,9.729153828169689e+27
1637.1000000000004,10.400121429749905,3.293087767123647,9.635391534698737e+27
1647.1000000000004,10.399615969192665,3.2910036243686935,9.543095625741939e+27
1657.1000000000004,10.399115989725809,3.2889386544184784,9.452234472584359e+27
1667.1000000000004,10.398621396663572,3.2868925548089063,9.362777314021726e+27
1677.1000000000004,10.398132097549068,3.2848650297495583,9.27469422754439e+27
1687.1000000000004,10.397648002088143,3.2828557899355797,9.18795610164329e+27
1697.1000000000004,10.397169022085585,3.2808645523659896,9.102534609187907e+27
1707.1000000000004,10.3966950713836,3.2788910401681868,9.018402181828708e+27
1717.1000000000004,10.39622606580246,3.2769349824283465,8.935531985378883e+27
1727.1000000000004,10.395761923083231,3.2749961140275547,8.853897896132519e+27
1737.1000000000004,10.395302562832489,3.273074175483363,8.773474478078358e+27
1747.1000000000004,10.394847906468966,3.271168912796642,8.694236960970388e+27
1757.1000000000004,10.39439787717202,3.2692800773034483,8.616161219218358e+27
1767.1000000000004,10.393952399831875,3.267407425531776,8.539223751563065e+27
1777.1000000000004,10.393511401001549,3.265550719062949,8.463401661503048e+27
1787.1000000000004,10.393074808850415,3.2637097243975264,8.388672638440828e+27
1797.1000000000004,10.39264255311932,3.261884212825519,8.315014939518392e+27
1807.1000000000004,10.392214565077202,3.2600739603007556,8.242407372113089e+27
1817.1000000000004,10.391790777479153,3.2582787473192525,8.170829276966386e+27
1827.1000000000004,10.391371124525865,3.2564983588014345,8.100260511919312e+27
1837.1000000000004,10.390955541824408,3.2547325839780674,8.030681436229557e+27
1847.1000000000004,10.390543966350293,3.2529812162797525,7.962072895446421e+27
1857.1000000000004,10.39013633641077,3.2512440532298674,7.894416206820869e+27
1867.1000000000004,10.3897325916093,3.2495208963408233,7.827693145228989e+27
1877.1000000000004,10.38933267281118,3.247811551013493,7.761885929588176e+27
1887.1000000000004,10.388936522110262,3.246115826439757,7.696977209746252e+27
1897.1000000000004,10.388544082796725,3.2444335355079756,7.632950053824679e+27
1907.1000000000004,10.388155299325877,3.242764494711351,7.56978793599782e+27
1917.1000000000004,10.387770117287923,3.241108524059036,7.507474724691049e+27
1927.1000000000004,10.38738848337869,3.2394654469899096,7.445994671181259e+27
1937.1000000000004,10.38701034537125,3.2378350902889146,7.385332398584025e+27
1947.1000000000004,10.386635652088437,3.236217284005887,7.325472891212415e+27
1957.1000000000004,10.386264353376188,3.2346118613767603,7.266401484293059e+27
1967.1000000000004,10.38589640007772,3.233018658747098,7.208103854025747e+27
1977.1000000000004,10.385531744008476,3.23143751549784,7.150566007973372e+27
1987.1000000000004,10.385170337931847,3.229868273973218,7.093774275769672e+27
1997.1000000000004,10.384812135535599,3.2283107794107355,7.037715300132704e+27
2007.1000000000004,10.384457091409036,3.2267648798731705,6.982376028172516e+27
2017.1000000000004,10.384105161020821,3.2252304261825135,6.927743702981997e+27
2027.1000000000004,10.383756300697467,3.2237072718557904,6.8738058555003e+27
2037.1000000000004,10.383410467602454,3.2221952730426904,6.820550296638753e+27
2047.1000000000004,10.383067619715964,3.2206942884649488,6.767965109659506e+27
2057.1000000000004,10.382727715815207,3.219204179357434,6.716038642797636e+27
2067.1000000000004,10.382390715455315,3.217724809410872,6.664759502117805e+27
2077.1000000000004,10.382056578950793,3.2162560447161495,6.614116544596897e+27
2087.1000000000004,10.3817252673575,3.2147977537101653,6.564098871424458e+27
2097.1000000000004,10.38139674245514,3.213349807123154,6.51469582151307e+27
2107.1000000000004,10.38107096673027,3.2119120779274613,6.465896965211114e+27
2117.1000000000004,10.380747903359769,3.2104844412877003,6.417692098210692e+27
2127.1000000000004,10.380427516194779,3.209066774512256,6.370071235643751e+27
2137.1000000000004,10.380109769745102,3.207658957006097,6.323024606359763e+27
2147.1000000000004,10.379794629164033,3.206260870224857,6.276542647378534e+27
2157.1000000000004,10.379482060233599,3.2048723976301163,6.230615998512015e+27
2167.1000000000004,10.379172029350228,3.2034934246459033,6.185235497149206e+27
2177.1000000000004,10.378864503510794,3.2021238386163082,6.140392173198472e+27
2187.1000000000004,10.378559450299058,3.2007635287642398,6.096077244181847e+27
2197.1000000000004,10.378256837872467,3.1994123861512405,6.052282110476058e+27
2207.1000000000004,10.377956634949316,3.1980703036383433,6.008998350695255e+27
2217.1000000000004,10.37765881079626,3.196737175847977,5.966217717210616e+27
2227.1000000000004,10.37736333521616,3.195412899126802,5.923932131802146e+27
2237.1000000000004,10.377070178536243,3.194097371509545,5.882133681438226e+27
2247.1000000000004,10.376779311596597,3.192790492683721,5.840814614178587e+27
2257.1000000000004,10.376490705738949,3.1914921639552754,5.799967335196588e+27
2267.1000000000004,10.37620433279576,3.190202288215091,5.75958440291679e+27
2277.1000000000004,10.375920165079595,3.188920769906335,5.719658525264018e+27
2287.1000000000004,10.375638175372766,3.187647514992619,5.680182556020204e+27
2297.1000000000004,10.375358336917254,3.1863824309269635,5.641149491285457e+27
2307.1000000000004,10.37508062340489,3.1851254266215276,5.602552466039962e+27
2317.1000000000004,10.374805008967787,3.183876412418099,5.564384750803379e+27
2327.1000000000004,10.37453146816902,3.1826353000592857,5.5266397483886e+27
2337.1000000000004,10.374259975993533,3.1814020026604357,5.489310990746799e+27
2347.1000000000004,10.373990507839302,3.180176434682237,5.452392135900806e+27
2357.1000000000004,10.373723039508695,3.1789585119039847,5.415876964964024e+27
2367.1000000000004,10.373457547200063,3.1777481513974792,5.379759379242078e+27
2377.1000000000004,10.373194007499544,3.176545271501577,5.344033397414631e+27
2387.1000000000004,10.372932397373065,3.175349791797335,5.308693152794782e+27
2397.1000000000004,10.372672694158549,3.174161633083758,5.273732890663601e+27
2407.1000000000004,10.37241487555831,3.1729807173541102,5.239146965677466e+27
2417.1000000000004,10.372158919631639,3.1718069677728056,5.204929839345869e+27
2427.1000000000004,10.37190480478757,3.170640308652821,5.171076077577551e+27
2437.1000000000004,10.371652509777828,3.169480665433664,5.1375803482928e+27
2447.1000000000004,10.371402013689936,3.168327964659829,5.104437419099888e+27
2457.1000000000004,10.371153295940509,3.1671821339597823,5.071642155033654e+27
2467.1000000000004,10.37090633626869,3.1660431020254127,5.039189516354347e+27
2477.1000000000004,10.37066111472976,3.164910798591963,5.007074556404862e+27
2487.1000000000004,10.370417611688884,3.1637851544184246,4.975292419524619e+27
2497.1000000000004,10.370175807815029,3.162666101268389,4.943838339018335e+27
2507.1000000000004,10.369935684075,3.161553571891308,4.912707635178065e+27
2517.1000000000004,10.36969722172764,3.1604475000042163,4.881895713356884e+27
2527.1000000000004,10.369460402318152,3.1593478202738376,4.851398062092671e+27
2537.1000000000004,10.369225207672566,3.1582544682991114,4.821210251280511e+27
2547.1000000000004,10.368991619892315,3.157167380594096,4.791327930392248e+27
2557.1000000000004,10.368759621348964,3.1560864945712708,4.761746826741811e+27
2567.1000000000004,10.368529194679043,3.1550117485251965,4.732462743794955e+27
2577.1000000000004,10.368300322779003,3.1539430816165472,4.7034715595221104e+27
2587.1000000000004,10.36807298880029,3.15288043385648,4.6747692247930897e+27
2597.1000000000004,10.367847176144528,3.151823746091364,4.6463517618124105e+27
2607.1000000000004,10.36762286845882,3.150772959987837,4.6182152625940814e+27
2617.1000000000004,10.367400049631147,3.149728018018186,4.5903558874746894e+27
2627.1000000000004,10.367178703785875,3.1486888634460497,4.5627698636636887e+27
2637.1000000000004,10.366958815279363,3.1476554403124277,4.5354534838298304e+27
2647.1000000000004,10.366740368695666,3.1466276934219835,4.508403104722689e+27
2657.1000000000004,10.366523348842344,3.1456055683296587,4.4816151458282967e+27
2667.1000000000004,10.366307740746352,3.144589011327561,4.4550860880579036e+27
2677.1000000000004,10.366093529650028,3.1435779694321293,4.4288124724689405e+27
2687.1000000000004,10.36588070100717,3.1425723903715794,4.4027908990172644e+27
2697.1000000000004,10.365669240479194,3.141572222573613,4.377018025339821e+27
2707.1000000000004,10.365459133931388,3.1405774151533787,4.351490565566862e+27
2717.1000000000004,10.365250367429232,3.1395879179016974,4.326205289162899e+27
2727.1000000000004,10.365042927234807,3.13860368127352,4.301159019795598e+27
2737.1000000000004,10.364836799803285,3.137624656376633,4.2763486342318364e+27
2747.1000000000004,10.364631971779488,3.136650794960601,4.251771061260177e+27
2757.1000000000004,10.364428429994522,3.1356820494059283,4.2274232806390344e+27
2767.1000000000004,10.364226161462488,3.134718372713457,4.2033023220698253e+27
2777.1000000000004,10.364025153377261,3.1337597184939687,4.1794052641944284e+27
2787.1000000000004,10.36382539310933,3.1328060409580027,4.155729233616287e+27
2797.1000000000004,10.363626868202719,3.1318572949058856,4.132271403944525e+27
2807.1000000000004,10.36342956637196,3.1309134357179618,4.109028994860436e+27
2817.1000000000004,10.36323347549914,3.1299744193450225,4.085999271205765e+27
2827.1000000000004,10.363038583631,3.1290402022989117,4.063179542092189e+27
2837.1000000000004,10.362844878976109,3.1281107416433493,4.0405671600314256e+27
2847.1000000000004,10.362652349902072,3.127185994984914,4.018159520085434e+27
2857.1000000000004,10.362460984932829,3.126265920464215,3.995954059036165e+27
2867.1000000000004,10.36227077274598,3.1253504767472386,3.973948254574349e+27
2877.1000000000004,10.36208170217018,3.1244396230168574,3.952139624506815e+27
2887.1000000000004,10.36189376218259,3.123533318964527,3.930525725981869e+27
2897.1000000000004,10.361706941906366,3.1226315247821193,3.9091041547322336e+27
2907.1000000000004,10.361521230608219,3.121734201153936,3.8878725443351264e+27
2917.1000000000004,10.361336617696,3.12084130924887,3.8668285654889956e+27
2927.1000000000004,10.361153092716364,3.1199528107127197,3.8459699253065107e+27
2937.1000000000004,10.360970645352447,3.1190686676606436,3.8252943666233757e+27
2947.1000000000004,10.360789265421618,3.11818884266978,3.8047996673225536e+27
2957.1000000000004,10.360608942873261,3.117313298771986,3.784483639673527e+27
2967.1000000000004,10.360429667786612,3.1164419994467414,3.764344129686185e+27
2977.1000000000004,10.36025143036862,3.115574908614157,3.7443790164789874e+27
2987.1000000000004,10.360074220951873,3.114711990628132,3.72458621166103e+27
2997.1000000000004,10.35989802999255,3.1138532102696606,3.7049636587276636e+27
3007.1000000000004,10.359722848068419,3.112998532740221,3.685509332469332e+27
3017.1000000000004,10.35954866587687,3.1121479236553222,3.6662212383932813e+27
3027.1000000000004,10.359375474232996,3.1113013490381674,3.647097412157839e+27
3037.1000000000004,10.3592032640677,3.1104587753134307,3.62813591901893e+27
3047.1000000000004,10.359032026425842,3.1096201693011363,3.60933485328854e+27
3057.1000000000004,10.358861752464428,3.108785498210682,3.590692337804824e+27
3067.1000000000004,10.358692433450825,3.107954729634944,3.5722065234135693e+27
3077.1000000000004,10.358524060761019,3.1071278315445108,3.553875588460739e+27
3087.1000000000004,10.358356625877894,3.1063047722820056,3.5356977382958253e+27
3097.1000000000004,10.358190120389564,3.1054855205565346,3.5176712047857413e+27
3107.1000000000004,10.35802453598771,3.1046700454382083,3.499794245839001e+27
3117.1000000000004,10.357859864465974,3.1038583163527935,3.482065144939931e+27
3127.1000000000004,10.357696097718367,3.1030503030764356,3.464482210692681e+27
3137.1000000000004,10.357533227737715,3.1022459757304923,3.447043776374787e+27
3147.1000000000004,10.357371246614127,3.101445304776456,3.4297481995000576e+27
3157.1000000000004,10.357210146533498,3.10064826101096,3.412593861390572e+27
3167.1000000000004,10.357049919776042,3.099854815560893,3.3955791667575504e+27
3177.1000000000004,10.35689055871484,3.099064939878577,3.37870254329091e+27
3187.1000000000004,10.35673205581443,3.0982786057370504,3.36196244125728e+27
3197.1000000000004,10.356574403629411,3.09749578522542,3.345357333106283e+27
3207.1000000000004,10.356417594803082,3.0967164507443083,3.3288857130848927e+27
3217.1000000000004,10.356261622066098,3.095940575001372,3.3125460968596694e+27
3227.1000000000004,10.356106478235159,3.095168131006904,3.2963370211466895e+27
3237.1000000000004,10.355952156211709,3.094399092069504,3.280257043348997e+27
3247.1000000000004,10.355798648980677,3.0936334317918353,3.2643047412013923e+27
3257.1000000000004,10.35564594960923,3.092871124066453,3.248478712422386e+27
3267.1000000000004,10.355494051245543,3.092112143071698,3.2327775743731705e+27
3277.1000000000004,10.355342947117606,3.0913564632676627,3.217199963723419e+27
3287.1000000000004,10.355192630532041,3.090604059392244,3.2017445361237753e+27
3297.1000000000004,10.355043094872943,3.0898549064572283,3.186409965884879e+27
3307.1000000000004,10.354894333600747,3.0891089797444877,3.171194945662761e+27
3317.1000000000004,10.354746340251102,3.088366254802202,3.1560981861504843e+27
3327.1000000000004,10.354599108433781,3.0876267074411627,3.141118415775875e+27
3337.1000000000004,10.3544526318316,3.0868903137311494,3.1262543804052056e+27
3347.1000000000004,10.354306904199358,3.0861570499973436,3.1115048430527047e+27
3357.1000000000004,10.354161919362797,3.0854268928168223,3.096868583595754e+27
3367.1000000000004,10.354017671217578,3.084699819015102,3.08234439849564e+27
3377.1000000000004,10.353874153728281,3.083975805662744,3.067931100523754e+27
3387.1000000000004,10.353731360927409,3.0832548300720073,3.053627518493097e+27
3397.1000000000004,10.353589286914426,3.082536869793574,3.0394324969949867e+27
3407.1000000000004,10.353447925854802,3.081821902613319,3.0253448961408446e+27
3417.1000000000004,10.353307271979073,3.0811099065491256,3.011363591308947e+27
3427.1000000000004,10.353167319581921,3.0804008598477663,2.9974874728960425e+27
3437.1000000000004,10.353028063021272,3.0796947409818363,2.9837154460737145e+27
3447.1000000000004,10.3528894967174,3.078991528646717,2.970046430549393e+27
3457.1000000000004,10.352751615152064,3.078291201757622,2.9564793603319093e+27
3467.1000000000004,10.352614412867633,3.0775937394466544,2.9430131835015056e+27
3477.1000000000004,10.352477884466252,3.0768991210599435,2.9296468619841796e+27
3487.1000000000004,10.352342024609008,3.0762073261548077,2.916379371330295e+27
3497.1000000000004,10.352206828015115,3.0755183344969743,2.903209700497351e+27
3507.1000000000004,10.352072289461105,3.0748321260578355,2.8901368516368224e+27
3517.1000000000004,10.351938403780046,3.0741486810117578,2.877159839884987e+27
3527.1000000000004,10.351805165860759,3.073467979733423,2.8642776931576514e+27
3537.1000000000004,10.351672570647057,3.0727900027952266,2.851489451948695e+27
3547.1000000000004,10.351540613136995,3.0721147309647003,2.8387941691323437e+27
3557.1000000000004,10.35140928838213,3.0714421452019898,2.8261909097691007e+27
3567.1000000000004,10.35127859148679,3.0707722266573647,2.813678750915257e+27
3577.1000000000004,10.351148517607376,3.0701049566687777,2.8012567814359003e+27
3587.1000000000004,10.351019061951634,3.0694403167594366,2.788924101821351e+27
3597.1000000000004,10.350890219777986,3.0687782886354515,2.7766798240069584e+27
3607.1000000000004,10.350761986394838,3.0681188541834925,2.764523071196172e+27
3617.1000000000004,10.350634357159915,3.067461995468484,2.752452977686842e+27
3627.1000000000004,10.350507327479603,3.066807694731354,2.740468688700659e+27
3637.1000000000004,10.350380892808296,3.066155934386794,2.728569360215679e+27
3647.1000000000004,10.35025504864777,3.0655066970210774,2.7167541588018713e+27
3657.1000000000004,10.350129790546543,3.0648599653898927,2.705022261459619e+27
3667.1000000000004,10.350005114099268,3.0642157224162165,2.693372855461116e+27
3677.1000000000004,10.349881014946124,3.063573951188225,2.681805138194605e+27
3687.1000000000004,10.349757488772216,3.0629346349572324,2.6703183170113853e+27
3697.1000000000004,10.349634531306988,3.062297757135653,2.658911609075547e+27
3707.1000000000004,10.349512138323645,3.0616633012950074,2.647584241216371e+27
3717.1000000000004,10.349390305638583,3.0610312511639504,2.636335449783334e+27
3727.1000000000004,10.34926902911083,3.060401590626341,2.625164480503679e+27
3737.1000000000004,10.349148304641497,3.059774303719321,2.614070588342488e+27
3747.1000000000004,10.349028128173227,3.059149374631438,2.60305303736521e+27
3757.1000000000004,10.348908495689667,3.058526787700794,2.592111100602594e+27
3767.1000000000004,10.34878940321494,3.05790652741322,2.5812440599179847e+27
3777.1000000000004,10.348670846813127,3.0572885784004686,2.5704512058769204e+27
3787.1000000000004,10.348552822587756,3.056672925438461,2.559731837619004e+27
3797.1000000000004,10.348435326681303,3.0560595534455226,2.549085262731985e+27
3807.1000000000004,10.348318355274696,3.055448447480682,2.5385107971280207e+27
3817.1000000000004,10.348201904586825,3.0548395927419576,2.5280077649220673e+27
3827.1000000000004,10.348085970874067,3.054232974564702,2.5175754983123627e+27
3837.1000000000004,10.347970550429814,3.053628578419958,2.507213337462954e+27
3847.1000000000004,10.347855639584006,3.0530263899128314,2.496920630388234e+27
3857.1000000000004,10.347741234702674,3.052426394780896,2.486696732839451e+27
3867.1000000000004,10.34762733218749,3.0518285788926223,2.476541008193136e+27
3877.1000000000004,10.34751392847532,3.051232928245829,2.4664528273414399e+27
3887.1000000000004,10.347401020037795,3.0506394289661456,2.4564315685843085e+27
3897.1000000000004,10.347288603380868,3.050048067305517,2.4464766175234886e+27
3907.1000000000004,10.3471766750444,3.049458829640713,2.4365873669583115e+27
3917.1000000000004,10.347065231601738,3.048871702471865,2.426763216783231e+27
3927.1000000000004,10.346954269659303,3.0482866724210282,2.4170035738870717e+27
3937.1000000000004,10.346843785856187,3.047703726230756,2.407307852053965e+27
3947.1000000000004,10.34673377686375,3.0471228507627,2.3976754718659306e+27
3957.1000000000004,10.34662423938523,3.046544032996227,2.3881058606070815e+27
3967.1000000000004,10.346515170155351,3.045967260027061,2.3785984521694158e+27
3977.1000000000004,10.346406565939947,3.04539251906594,2.369152686960161e+27
3987.1000000000004,10.346298423535579,3.0448197974372864,2.3597680118106545e+27
3997.1000000000004,10.34619073976917,3.044249082577913,2.3504438798867175e+27
4007.1000000000004,10.346083511497635,3.043680362035728,2.3411797506005016e+27
4017.1000000000004,10.345976735607522,3.0431136234684626,2.331975089523778e+27
4027.1000000000004,10.345870409014658,3.0425488546424333,2.322829368302643e+27
4037.1000000000004,10.3457645286638,3.0419860434312995,2.313742064573612e+27
4047.1000000000004,10.345659091528288,3.0414251778148502,2.3047126618810784e+27
4057.1000000000004,10.345554094609707,3.0408662458777966,2.2957406495961088e+27
4067.1000000000004,10.34544953493755,3.0403092358086052,2.286825522836551e+27
4077.1000000000004,10.345345409568893,3.0397541358983142,2.2779667823884324e+27
4087.1000000000004,10.345241715588061,3.0392009345393953,2.2691639346286206e+27
4097.1,10.345138450106317,3.0386496202246107,2.260416491448728e+27
4107.1,10.345035610261538,3.038100181545899,2.2517239701802325e+27
4117.1,10.34493319321791,3.0375526071932697,2.2430858935207934e+27
4127.1,10.344831196165616,3.0370068859537165,2.2345017894617466e+27
4137.1,10.344729616320535,3.036463006710138,2.2259711912167452e+27
4147.1,10.344628450923942,3.03592095844028,2.2174936371515372e+27
4157.1,10.344527697242215,3.035380730215691,2.2090686707148494e+27
4167.1,10.344427352566546,3.034842311200693,2.2006958403703682e+27
4177.1,10.344327414212652,3.034305690651359,2.192374699529783e+27
4187.1,10.344227879520494,3.033770857914518,2.184104806486889e+27
4197.1,10.344128745854002,3.033237802426759,2.1758857243527175e+27
4207.1,10.344030010600795,3.0327065137134497,2.1677170209916815e+27
4217.1,10.343931671171912,3.032176981387779,2.1595982689587182e+27
4227.1,10.343833725001549,3.031649195149803,2.1515290454374084e+27
4237.1,10.34373616954679,3.0311231447855116,2.143508932179055e+27
4247.1,10.343639002287356,3.0305988201658947,2.1355375154427068e+27
4257.1,10.343542220725334,3.030076211246027,2.1276143859361092e+27
4267.1,10.343445822384945,3.0295553080641806,2.1197391387575616e+27
4277.1,10.343349804812277,3.0290361007409174,2.1119113733386725e+27
4287.1,10.343254165575049,3.0285185794782192,2.10413069338799e+27
4297.1,10.343158902262363,3.0280027345586165,2.096396706835497e+27
4307.1,10.343064012484476,3.027488556344346,2.0887090257779523e+27
4317.1,10.342969493872548,3.026976035276485,2.0810672664250642e+27
4327.1,10.342875344078424,3.0264651618741336,2.0734710490464847e+27
4337.1,10.342781560774394,3.0259559267335856,2.0659199979196032e+27
4347.1,10.342688141652975,3.025448320527514,2.0584137412781346e+27
4357.1,10.34259508442668,3.024942334004177,2.0509519112614784e+27
4367.1,10.342502386827807,3.024437957986624,2.0435341438648453e+27
4377.1,10.342410046608212,3.0239351833719077,2.0361600788901294e+27
4387.1,10.342318061539098,3.023434001130317,2.0288293598975185e+27
4397.1,10.34222642941081,3.022934402304622,2.021541634157828e+27
4407.1,10.342135148032611,3.0224363780093064,2.0142965526055454e+27
4417.1,10.342044215232495,3.0219399194298444,2.0070937697925752e+27
4427.1,10.341953628856967,3.021445017821953,1.9999329438426688e+27
4437.1,10.34186338677085,3.0209516645108714,1.9928137364065316e+27
4447.1,10.34177348685709,3.0204598508906537,1.9857358126175932e+27
4457.1,10.341683927016554,3.01996956842346,1.9786988410484313e+27
4467.1,10.34159470516784,3.019480808638851,1.9717024936678353e+27
4477.1,10.341505819247084,3.018993563133111,1.9647464457984998e+27
4487.1,10.34141726720778,3.018507823568564,1.9578303760753438e+27
4497.1,10.341329047020583,3.018023581672904,1.950953966404431e+27
4507.1,10.341241156673137,3.017540829238532,1.9441169019224972e+27
4517.1,10.341153594169885,3.0170595581218995,1.9373188709570624e+27
4527.1,10.341066357531899,3.016579760242866,1.930559564987122e+27
4537.1,10.340979444796698,3.016101427584064,1.923838678604412e+27
4547.1,10.340892854018076,3.015624552190255,1.91715590947523e+27
4557.1,10.340806583265929,3.015149126167718,1.9105109583028094e+27
4567.1,10.34072063062609,3.014675141683637,1.9039035287902345e+27
4577.1,10.340634994200157,3.0142025909654837,1.897333327603889e+27
4587.1,10.34054967210533,3.0137314663004258,1.8908000643374287e+27
4597.1,10.340464662474249,3.013261760034723,1.8843034514762678e+27
4607.1,10.34037996345483,3.012793464573161,1.877843204362576e+27
4617.1,10.340295573210106,3.0123265723784503,1.8714190411607685e+27
4627.1,10.34021148991808,3.0118610759706756,1.8650306828234927e+27
4637.1,10.34012771177155,3.0113969679267116,1.858677853058092e+27
4647.1,10.340044236977981,3.010934240879682,1.8523602782935482e+27
4657.1,10.339961063759329,3.0104728875183975,1.8460776876478876e+27
4667.1,10.339878190351913,3.010012900586818,1.839829812896048e+27
4677.1,10.339795615006253,3.0095542728835127,1.8336163884381979e+27
4687.1,10.33971333598693,3.009096997261122,1.827437151268499e+27
4697.1,10.339631351572447,3.0086410666258434,1.821291840944307e+27
4707.1,10.339549660055075,3.008186473936906,1.8151801995558023e+27
4717.1,10.339468259740729,3.0077332122060607,1.8091019716960432e+27
4727.1,10.339387148948811,3.0072812744970685,1.803056904431438e+27
4737.1,10.33930632601209,3.0068306539252054,1.7970447472726253e+27
4747.1,10.339225789276561,3.0063813436567703,1.7910652521457575e+27
4757.1,10.339145537101304,3.0059333369085803,1.7851181733641824e+27
4767.1,10.339065567858363,3.0054866269475053,1.7792032676005155e+27
4777.1,10.33898587993261,3.0050412070899815,1.7733202938590946e+27
4787.1,10.33890647172162,3.004597070701543,1.767469013448817e+27
4797.1,10.338827341635541,3.0041542111963535,1.7616491899563435e+27
4807.1,10.33874848809697,3.0037126220367414,1.7558605892196746e+27
4817.1,10.338669909540828,3.003272296732754,1.750102979302084e+27
4827.1,10.338591604414239,3.0028332288416952,1.7443761304664074e+27
4837.1,10.338513571176406,3.002395411967689,1.738679815149683e+27
4847.1,10.338435808298497,3.0019588397612353,1.7330138079381333e+27
4857.1,10.338358314263521,3.001523505918777,1.7273778855424886e+27
4867.1,10.338281087566216,3.0010894041822684,1.7217718267736402e+27
4877.1,10.33820412671293,3.0006565283387516,1.716195412518626e+27
4887.1,10.338127430221506,3.000224872219931,1.710648425716937e+27
4897.1,10.33805099662118,2.999794429701767,1.705130651337142e+27
4907.1,10.337974824452454,2.9993651947040596,1.6996418763538247e+27
4917.1,10.337898912266999,2.9989371611900424,1.6941818897248336e+27
4927.1,10.337823258627537,2.9985103231659775,1.688750482368829e+27
4937.1,10.337747862107744,2.9980846746807712,1.6833474471431346e+27
4947.1,10.337672721292131,2.9976602098255665,1.6779725788218818e+27
4957.1,10.337597834775954,2.997236922733368,1.6726256740744412e+27
4967.1,10.337523201165096,2.996814807578648,1.6673065314441458e+27
4977.1,10.337448819075973,2.996393858576968,1.6620149513272876e+27
4987.1,10.337374687135434,2.9959740699846145,1.6567507359523984e+27
4997.1,10.337300803980654,2.9955554360982175,1.6515136893597992e+27
5007.1,10.33722716825904,2.9951379512543843,1.6463036173814183e+27
