Time,Mass,Radius,Lx
23.0,10.922479985220718,5.59,1.44e+30
23.1,10.919385322785658,5.581497388532368,1.44e+30
23.200000000000003,10.916306366082807,5.573030450879472,1.44e+30
23.300000000000004,10.913242994503205,5.564598916940195,1.44e+30
23.400000000000006,10.910195088727148,5.556202519723138,1.44e+30
23.500000000000007,10.907162530706005,5.547840995297112,1.44e+30
23.60000000000001,10.904145203644363,5.539514082742677,1.44e+30
23.70000000000001,10.901142991982487,5.531221524104643,1.44e+30
23.80000000000001,10.898155781379092,5.5229630643455465,1.44e+30
23.900000000000013,10.895183458694419,5.514738451300058,1.44e+30
24.000000000000014,10.892225911973608,5.506547435630307,1.44e+30
24.100000000000016,10.889283030430366,5.498389770782092,1.44e+30
24.200000000000017,10.886354704430923,5.490265212941978,1.44e+30
24.30000000000002,10.883440825478253,5.482173520995223,1.44e+30
24.40000000000002,10.880541286196584,5.474114456484553,1.44e+30
24.50000000000002,10.877655980316167,5.466087783569725,1.44e+30
24.600000000000023,10.874784802658311,5.458093268987904,1.44e+30
24.700000000000024,10.871927649120671,5.450130682014792,1.44e+30
24.800000000000026,10.869084416662787,5.442199794426516,1.44e+30
24.900000000000027,10.866255003291869,5.434300380462254,1.44e+30
25.00000000000003,10.863439308048827,5.426432216787578,1.44e+30
25.10000000000003,10.860637230994527,5.418595082458487,1.44e+30
25.20000000000003,10.85784867319629,5.410788758886149,1.44e+30
25.300000000000033,10.855073536714606,5.403013029802281,1.44e+30
25.400000000000034,10.852311724590072,5.395267681225212,1.44e+30
25.500000000000036,10.849563140830552,5.3875525014265575,1.44e+30
25.600000000000037,10.846827690398547,5.379867280898537,1.44e+30
25.70000000000004,10.844105279198764,5.372211812321893,1.44e+30
25.80000000000004,10.841395814065908,5.364585890534411,1.44e+30
25.90000000000004,10.838699202752652,5.356989312500001,1.44e+30
26.000000000000043,10.836015353917821,5.349421877278386,1.44e+30
26.100000000000044,10.833344177114755,5.341883385995308,1.44e+30
26.200000000000045,10.830685582779868,5.334373641813299,1.44e+30
26.300000000000047,10.82803948222139,5.326892449902983,1.44e+30
26.40000000000005,10.825405787608286,5.319439617414889,1.44e+30
26.50000000000005,10.822784411959354,5.312014953451774,1.44e+30
26.60000000000005,10.820175269132502,5.304618269041452,1.44e+30
26.700000000000053,10.817578273814185,5.297249377110102,1.44e+30
26.800000000000054,10.814993341509021,5.289908092456051,1.44e+30
26.900000000000055,10.81242038852956,5.282594231724021,1.44e+30
27.000000000000057,10.80985933198622,5.275307613379839,1.44e+30
27.10000000000006,10.807310089777378,5.2680480576855855,1.44e+30
27.20000000000006,10.80477258057962,5.260815386675178,1.44e+30
27.30000000000006,10.802246723838136,5.253609424130391,1.44e+30
27.400000000000063,10.79973243975727,5.246429995557273,1.44e+30
27.500000000000064,10.797229649291205,5.239276928162997,1.44e+30
27.600000000000065,10.794738274134815,5.232150050833097,1.44e+30
27.700000000000067,10.792258236714623,5.225049194109085,1.44e+30
27.800000000000068,10.78978946017993,5.217974190166478,1.44e+30
27.90000000000007,10.787331868394057,5.210924872793178,1.44e+30
28.00000000000007,10.784885385925731,5.203901077368231,1.44e+30
28.100000000000072,10.782449938040601,5.196902640840943,1.44e+30
28.200000000000074,10.780025450692872,5.189929401710337,1.44e+30
28.300000000000075,10.777611850517074,5.182981200004972,1.44e+30
28.400000000000077,10.77520906481996,5.1760578772631,1.44e+30
28.500000000000078,10.772817021572504,5.169159276513128,1.44e+30
28.60000000000008,10.77043564940204,5.162285242254439,1.44e+30
28.70000000000008,10.768064877584509,5.155435620438508,1.44e+30
28.800000000000082,10.765704636036814,5.148610258450342,1.44e+30
28.900000000000084,10.763354855309299,5.141809005090206,1.44e+30
29.000000000000085,10.76101546657833,5.135031710555673,1.44e+30
29.100000000000087,10.758686401638995,5.12827822642395,1.44e+30
29.200000000000088,10.756367592897892,5.121548405634494,1.44e+30
29.30000000000009,10.75405897336604,5.114842102471904,1.44e+30
29.40000000000009,10.751760476651892,5.108159172549119,1.44e+30
29.500000000000092,10.74947203695443,5.101499472790832,1.44e+30
29.600000000000094,10.747193589056382,5.094862861417221,1.44e+30
29.700000000000095,10.744925068317523,5.088249197927911,1.44e+30
29.800000000000097,10.74266641066808,5.081658343086203,1.44e+30
29.900000000000098,10.740417552602224,5.075090158903534,1.44e+30
30.0000000000001,10.738178431171656,5.068544508624216,1.44e+30
30.1000000000001,10.735948983979288,5.062021256710377,1.44e+30
30.200000000000102,10.733729149173012,5.055520268827172,1.44e+30
30.300000000000104,10.731518865439552,5.049041411828188,1.44e+30
30.400000000000105,10.729318071998414,5.042584553741126,1.44e+30
30.500000000000107,10.7271267085959,5.036149563753645,1.44e+30
30.600000000000108,10.724944715499232,5.029736312199466,1.44e+30
30.70000000000011,10.722772033490736,5.023344670544693,1.44e+30
30.80000000000011,10.72060860386212,5.016974511374311,1.44e+30
30.900000000000112,10.718454368408821,5.010625708378919,1.44e+30
31.000000000000114,10.71630926942444,5.004298136341644,1.44e+30
31.100000000000115,10.714173249695252,4.997991671125284,1.44e+30
31.200000000000117,10.712046252494776,4.991706189659604,1.44e+30
31.300000000000118,10.709928221578444,4.9854415699288595,1.44e+30
31.40000000000012,10.707819101178327,4.979197690959491,1.44e+30
31.50000000000012,10.705718835997933,4.972974432808003,1.44e+30
31.600000000000122,10.70362737120708,4.966771676549023,1.44e+30
31.700000000000124,10.701544652436839,4.9605893042635465,1.44e+30
31.800000000000125,10.699470625774541,4.954427199027352,1.44e+30
31.900000000000126,10.697405237758854,4.9482852448995684,1.44e+30
32.00000000000013,10.695348435374925,4.942163326911457,1.44e+30
32.10000000000013,10.693300166049585,4.9360613310553,1.44e+30
32.20000000000013,10.691260377646628,4.929979144273504,1.44e+30
32.30000000000013,10.689229018462132,4.9239166544478135,1.44e+30
32.400000000000134,10.687206037219866,4.917873750388725,1.44e+30
32.500000000000135,10.68519138306674,4.911850321825034,1.44e+30
32.600000000000136,10.683185005568328,4.905846259393523,1.44e+30
32.70000000000014,10.681186854704434,4.899861454628818,1.44e+30
32.80000000000014,10.679196880864732,4.893895799953375,1.44e+30
32.90000000000014,10.677215034844457,4.8879491886676245,1.44e+30
33.00000000000014,10.67524126784015,4.88202151494024,1.44e+30
33.10000000000014,10.673275531445457,4.876112673798547,1.44e+30
33.200000000000145,10.671317777646989,4.870222561119087,1.44e+30
33.300000000000146,10.66936795882023,4.864351073618287,1.44e+30
33.40000000000015,10.6674260277255,4.858498108843279,1.44e+30
33.50000000000015,10.665491937503974,4.852663565162844,1.44e+30
33.60000000000015,10.66356564167374,4.846847341758483,1.44e+30
33.70000000000015,10.661647094125916,4.841049338615592,1.44e+30
33.80000000000015,10.659736249120824,4.8352694565148076,1.44e+30
33.900000000000155,10.657833061284194,4.829507597023415,1.44e+30
34.000000000000156,10.65593748560343,4.823763662486911,1.44e+30
34.10000000000016,10.654049477423921,4.818037556020682,1.44e+30
34.20000000000016,10.652168992445398,4.812329181501778,1.44e+30
34.30000000000016,10.650295986718334,4.806638443560811,1.44e+30
34.40000000000016,10.648430416640387,4.800965247573961,1.44e+30
34.50000000000016,10.646572238952901,4.795309499655092,1.44e+30
34.600000000000165,10.644721410737434,4.789671106647974,1.44e+30
34.700000000000166,10.642877889412338,4.7840499761186015,1.44e+30
34.80000000000017,10.641041632729383,4.778446016347635,1.44e+30
34.90000000000017,10.639212598770419,4.77285913632293,1.44e+30
35.00000000000017,10.637390745944076,4.767289245732159,1.44e+30
35.10000000000017,10.635576032982517,4.761736254955547,1.44e+30
35.20000000000017,10.633768418938212,4.756200075058699,1.44e+30
35.300000000000175,10.631967863180773,4.75068061778551,1.44e+30
35.400000000000176,10.63017432539381,4.745177795551195,1.44e+30
35.50000000000018,10.628387765571839,4.739691521435388,1.44e+30
35.60000000000018,10.626608144017212,4.734221709175328,1.44e+30
35.70000000000018,10.624835421337101,4.728768273159167,1.44e+30
35.80000000000018,10.623069558440509,4.723331128419316,1.44e+30
35.90000000000018,10.621310516535317,4.717910190625929,1.44e+30
36.000000000000185,10.619558257125373,4.71250537608044,1.44e+30
36.100000000000186,10.617812742007604,4.707116601709172,1.44e+30
36.20000000000019,10.616073933269181,4.701743785057083,1.44e+30
36.30000000000019,10.614341793284696,4.696386844281517,1.44e+30
36.40000000000019,10.612616284713392,4.691045698146105,1.44e+30
36.50000000000019,10.610897370496412,4.685720266014695,1.44e+30
36.60000000000019,10.609185013854093,4.680410467845391,1.44e+30
36.700000000000195,10.607479178283281,4.675116224184645,1.44e+30
36.800000000000196,10.605779827554683,4.669837456161435,1.44e+30
36.9000000000002,10.604086925710249,4.664574085481522,1.44e+30
37.0000000000002,10.602400437060586,4.659326034421758,1.44e+30
37.1000000000002,10.600720326182405,4.654093225824495,1.44e+30
37.2000000000002,10.599046557915988,4.648875583092044,1.44e+30
37.3000000000002,10.597379097362698,4.6436730301811995,1.44e+30
37.400000000000205,10.595717909882502,4.638485491597848,1.44e+30
37.500000000000206,10.594062961091543,4.633312892391637,1.44e+30
37.60000000000021,10.592414216859723,4.62815515815071,1.44e+30
37.70000000000021,10.590771643308319,4.623012214996499,1.44e+30
37.80000000000021,10.589135206807631,4.617883989578597,1.44e+30
37.90000000000021,10.587504873974652,4.61277040906967,1.44e+30
38.00000000000021,10.585880611670763,4.607671401160456,1.44e+30
38.100000000000215,10.584262386999468,4.602586894054818,1.44e+30
38.200000000000216,10.582650167304132,4.597516816464847,1.44e+30
38.30000000000022,10.581043920165767,4.592461097606026,1.44e+30
38.40000000000022,10.57944361340083,4.587419667192472,1.44e+30
38.50000000000022,10.577849215059048,4.582392455432207,1.44e+30
38.60000000000022,10.576260693421277,4.577379393022515,1.44e+30
38.70000000000022,10.574678016997366,4.572380411145319,1.44e+30
38.800000000000225,10.573101154524068,4.567395441462661,1.44e+30
38.900000000000226,10.571530074962954,4.562424416112183,1.44e+30
39.00000000000023,10.569964747498368,4.557467267702707,1.44e+30
39.10000000000023,10.56840514153539,4.552523929309838,1.44e+30
39.20000000000023,10.56685122669783,4.547594334471631,1.44e+30
39.30000000000023,10.565302972826247,4.542678417184317,1.44e+30
39.40000000000023,10.56376034997598,4.537776111898058,1.44e+30
39.500000000000234,10.562223328415207,4.532887353512771,1.44e+30
39.600000000000236,10.560691878623034,4.528012077373995,1.44e+30
39.70000000000024,10.559165971287582,4.523150219268798,1.44e+30
39.80000000000024,10.55764557730412,4.518301715421744,1.44e+30
39.90000000000024,10.556130667773203,4.513466502490905,1.44e+30
40.00000000000024,10.554621213998841,4.508644517563911,1.44e+30
40.10000000000024,10.553117187486674,4.503835698154056,1.44e+30
40.200000000000244,10.551618559942183,4.499039982196436,1.44e+30
40.300000000000246,10.550125303268908,4.494257308044148,1.44e+30
40.40000000000025,10.548637389566695,4.489487614464519,1.44e+30
40.50000000000025,10.54715479112995,4.4847308406353825,1.44e+30
40.60000000000025,10.545677480445928,4.4799869261414,1.44e+30
40.70000000000025,10.544205430193028,4.4752558109704275,1.44e+30
40.80000000000025,10.542738613239106,4.470537435509902,1.44e+30
40.900000000000254,10.541277002639818,4.46583174054331,1.44e+30
41.000000000000256,10.53982057163697,4.461138667246645,1.44e+30
41.10000000000026,10.538369293656885,4.456458157184949,1.44e+30
41.20000000000026,10.5369231423088,4.4517901523088685,1.44e+30
41.30000000000026,10.535482091383262,4.447134594951258,1.44e+30
41.40000000000026,10.534046114850558,4.4424914278238115,1.44e+30
41.50000000000026,10.53261518685915,4.437860594013749,1.44e+30
41.600000000000264,10.531189281734134,4.433242036980524,1.44e+30
41.700000000000266,10.52976837397571,4.428635700552576,1.44e+30
41.80000000000027,10.52835243825767,4.424041528924114,1.44e+30
41.90000000000027,10.526941449425905,4.41945946665194,1.44e+30
42.00000000000027,10.525535382496926,4.41488945865231,1.44e+30
42.10000000000027,10.524134212656394,4.410331450197816,1.44e+30
42.20000000000027,10.522737915257675,4.405785386914312,1.44e+30
42.300000000000274,10.52134646582041,4.401251214777886,1.44e+30
42.400000000000276,10.519959840029085,4.396728880111834,1.44e+30
42.50000000000028,10.51857801373164,4.392218329583695,1.44e+30
42.60000000000028,10.51720096293807,4.387719510202306,1.44e+30
42.70000000000028,10.515828663819056,4.383232369314891,1.44e+30
42.80000000000028,10.5144610927046,4.378756854604185,1.44e+30
42.90000000000028,10.51309822608268,4.37429291408557,1.44e+30
43.000000000000284,10.511740040597921,4.369840496104283,1.44e+30
43.100000000000286,10.510386513050268,4.365399549332606,1.44e+30
43.20000000000029,10.509037620393684,4.360970022767114,1.44e+30
43.30000000000029,10.507693339734864,4.3565518657259545,1.44e+30
43.40000000000029,10.506353648331945,4.352145027846133,1.44e+30
43.50000000000029,10.505018523593252,4.347749459080863,1.44e+30
43.60000000000029,10.503687943076034,4.343365109696905,1.44e+30
43.700000000000294,10.50236188448523,4.338991930271954,1.44e+30
43.800000000000296,10.501040325672243,4.334629871692066,1.44e+30
43.9000000000003,10.499723244633717,4.330278885149083,1.44e+30
44.0000000000003,10.498410619510345,4.325938922138108,1.44e+30
44.1000000000003,10.49710242858567,4.321609934455003,1.44e+30
44.2000000000003,10.49579865028491,4.317291874193898,1.44e+30
44.3000000000003,10.494499263173786,4.312984693744738,1.44e+30
44.400000000000304,10.493204245957378,4.3086883457908645,1.44e+30
44.500000000000306,10.491913577478968,4.304402783306602,1.44e+30
44.60000000000031,10.490627236718918,4.300127959554884,1.44e+30
44.70000000000031,10.489345202793546,4.295863828084899,1.44e+30
44.80000000000031,10.488067454954011,4.291610342729753,1.44e+30
44.90000000000031,10.486793972585227,4.28736745760418,1.44e+30
45.00000000000031,10.485524735204761,4.283135127102245,1.44e+30
45.100000000000314,10.484259722461767,4.278913305895087,1.44e+30
45.200000000000315,10.48299891413591,4.274701948928687,1.44e+30
45.30000000000032,10.481742290136323,4.270501011421658,1.44e+30
45.40000000000032,10.480489830500549,4.2663104488630506,1.44e+30
45.50000000000032,10.479241515393511,4.262130217010176,1.44e+30
45.60000000000032,10.47799732510649,4.257960271886475,1.44e+30
45.70000000000032,10.476757240056106,4.253800569779388,1.44e+30
45.800000000000324,10.475521240783314,4.249651067238245,1.44e+30
45.900000000000325,10.474289307952409,4.24551172107219,1.44e+30
46.00000000000033,10.47306142235004,4.241382488348114,1.44e+30
46.10000000000033,10.471837564884238,4.237263326388623,1.44e+30
46.20000000000033,10.470617716583444,4.233154192770021,1.44e+30
46.30000000000033,10.469401858595553,4.229055045320285,1.44e+30
46.40000000000033,10.468189972186972,4.224965842117113,1.44e+30
46.500000000000334,10.466982038741673,4.220886541485952,1.44e+30
46.600000000000335,10.465778039760268,4.216817101998052,1.44e+30
46.70000000000034,10.464577956859088,4.212757482468547,1.44e+30
46.80000000000034,10.46338177176927,4.208707641954556,1.44e+30
46.90000000000034,10.462189466335857,4.204667539753297,1.44e+30
47.00000000000034,10.4610010225169,4.200637135400221,1.44e+30
47.10000000000034,10.45981642238257,4.196616388667157,1.44e+30
47.200000000000344,10.458635648114289,4.192605259560496,1.44e+30
47.300000000000345,10.457458682003852,4.1886037083193655,1.44e+30
47.40000000000035,10.456285506452572,4.184611695413847,1.44e+30
47.50000000000035,10.455116103970424,4.180629181543188,1.44e+30
47.60000000000035,10.453950457175202,4.176656127634054,1.44e+30
47.70000000000035,10.45278854879168,4.172692494838775,1.44e+30
47.80000000000035,10.451630361650789,4.1687382445336265,1.44e+30
47.900000000000354,10.450475878688787,4.164793338317118,1.44e+30
48.000000000000355,10.449325082946453,4.1608577380083025,1.44e+30
48.10000000000036,10.44817795756828,4.156931405645094,1.44e+30
48.20000000000036,10.447034485801675,4.153014303482616,1.44e+30
48.30000000000036,10.445894650996168,4.149106393991547,1.44e+30
48.40000000000036,10.444758436602632,4.145207639856496,1.44e+30
48.50000000000036,10.443625826172504,4.141318003974397,1.44e+30
48.600000000000364,10.442496803357018,4.1374374494528965,1.44e+30
48.700000000000365,10.441371351906442,4.133565939608772,1.44e+30
48.80000000000037,10.440249455669326,4.129703437966384,1.44e+30
48.90000000000037,10.43913109859175,4.125849908256092,1.44e+30
49.00000000000037,10.438016264716586,4.122005314412737,1.44e+30
49.10000000000037,10.436904938182767,4.118169620574114,1.44e+30
49.20000000000037,10.435797103224553,4.114342791079449,1.44e+30
49.300000000000374,10.434692744170817,4.11052479046792,1.44e+30
49.400000000000375,10.43359184544433,4.106715583477174,1.44e+30
49.50000000000038,10.432494391561049,4.102915135041842,1.44e+30
49.60000000000038,10.43140036712942,4.099123410292096,1.44e+30
49.70000000000038,10.430309756849686,4.095340374552212,1.44e+30
49.80000000000038,10.429222545513193,4.091565993339129,1.44e+30
49.90000000000038,10.428138718001712,4.087800232361047,1.44e+30
50.000000000000384,10.427058259286765,4.0840430575160305,1.44e+30
50.100000000000385,10.42598115442895,4.080294434890589,1.44e+30
50.20000000000039,10.42490738857728,4.076554330758334,1.44e+30
50.30000000000039,10.42383694696853,4.072822711578608,1.44e+30
50.40000000000039,10.422769814926578,4.069099543995122,1.44e+30
50.50000000000039,10.421705977861764,4.065384794834621,1.44e+30
50.60000000000039,10.42064542127025,4.061678431105567,1.44e+30
50.700000000000394,10.41958813073338,4.057980419996815,1.44e+30
50.800000000000395,10.418534091917065,4.054290728876317,1.44e+30
50.9000000000004,10.417483290571145,4.050609325289825,1.44e+30
51.0000000000004,10.416435712528779,4.046936176959616,1.44e+30
51.1000000000004,10.415391343705833,4.0432712517832226,1.44e+30
51.2000000000004,10.414350170100274,4.039614517832174,1.44e+30
51.3000000000004,10.413312177791568,4.035965943350764,1.44e+30
51.400000000000404,10.412277352940084,4.0323254967548054,1.44e+30
51.500000000000405,10.411245681786504,4.028693146630403,1.44e+30
51.600000000000406,10.410217150651238,4.025068861732756,1.44e+30
51.70000000000041,10.409191745933844,4.021452610984943,1.44e+30
51.80000000000041,10.408169454112455,4.017844363476749,1.44e+30
51.90000000000041,10.407150261743206,4.014244088463473,1.44e+30
52.00000000000041,10.40613415545967,4.01065175536475,1.44e+30
52.10000000000041,10.4051211219723,4.007067333763418,1.44e+30
52.200000000000415,10.404111148067873,4.003490793404346,1.44e+30
52.300000000000416,10.40310422060894,3.9999221041933093,1.44e+30
52.40000000000042,10.402100326533278,3.996361236195846,1.44e+30
52.50000000000042,10.401099452853355,3.9928081596361586,1.44e+30
52.60000000000042,10.400101586655792,3.9892628448959933,1.44e+30
52.70000000000042,10.399106715100826,3.985725262513532,1.44e+30
52.80000000000042,10.398114825421795,3.982195383182324,1.44e+30
52.900000000000425,10.397125904924602,3.978673177750183,1.44e+30
53.000000000000426,10.396139940987212,3.9751586172181383,1.44e+30
53.10000000000043,10.395156921059128,3.97165167273936,1.44e+30
53.20000000000043,10.394176832660888,3.9681523156181067,1.44e+30
53.30000000000043,10.393199663383557,3.964660517308686,1.44e+30
53.40000000000043,10.392225400888233,3.961176249414422,1.44e+30
53.50000000000043,10.391254032905543,3.957699483686624,1.44e+30
53.600000000000435,10.390285547235159,3.954230192023572,1.44e+30
53.700000000000436,10.389319931745307,3.9507683464695145,1.44e+30
53.80000000000044,10.388357174372286,3.947313919213664,1.44e+30
53.90000000000044,10.387397263119988,3.943866882589207,1.44e+30
54.00000000000044,10.38644018605942,3.940427209072317,1.44e+30
54.10000000000044,10.385485931328244,3.936994871281199,1.44e+30
54.20000000000044,10.384534487130294,3.9335698419750953,1.44e+30
54.300000000000445,10.383585841735128,3.9301520940533567,1.44e+30
54.400000000000446,10.38263998347756,3.92674160055447,1.44e+30
54.50000000000045,10.38169690075721,3.9233383346551394,1.44e+30
54.60000000000045,10.380756582038051,3.919942269669328,1.44e+30
54.70000000000045,10.379819015847959,3.916553379047354,1.44e+30
54.80000000000045,10.378884190778273,3.9131716363749605,1.44e+30
54.90000000000045,10.377952095483353,3.909797015372411,1.44e+30
55.000000000000455,10.377022718680147,3.9064294898935827,1.44e+30
55.100000000000456,10.376096049147753,3.903069033925078,1.44e+30
55.20000000000046,10.375172075726995,3.899715621585333,1.44e+30
55.30000000000046,10.374250787319996,3.8963692271237353,1.44e+30
55.40000000000046,10.373332172889754,3.8930298249197595,1.44e+30
55.50000000000046,10.372416221459725,3.8896973894820865,1.44e+30
55.60000000000046,10.371502922113411,3.886371895447767,1.44e+30
55.700000000000465,10.370592263993947,3.8830533175813575,1.44e+30
55.800000000000466,10.369684236303689,3.87974163077407,1.44e+30
55.90000000000047,10.368778828303814,3.876436810042945,1.44e+30
56.00000000000047,10.367876029313917,3.8731388305300243,1.44e+30
56.10000000000047,10.366975828711615,3.8698476675015137,1.44e+30
56.20000000000047,10.366078215932149,3.866563296346983,1.44e+30
56.30000000000047,10.365183180467993,3.8632856925785384,1.44e+30
56.400000000000475,10.364290711868469,3.8600148318300342,1.44e+30
56.500000000000476,10.363400799739358,3.8567506898562662,1.44e+30
56.60000000000048,10.362513433742523,3.8534932425321915,1.44e+30
56.70000000000048,10.361628603595522,3.850242465852126,1.44e+30
56.80000000000048,10.360746299071241,3.846998335928991,1.44e+30
56.90000000000048,10.359866509997518,3.843760828993524,1.44e+30
57.00000000000048,10.358989226256773,3.8405299213935233,1.44e+30
57.100000000000485,10.358114437785638,3.8373055895930803,1.44e+30
57.200000000000486,10.3572421345746,3.834087810171833,1.44e+30
57.30000000000049,10.356372306667637,3.8308765598242225,1.44e+30
57.40000000000049,10.355504944161861,3.8276718153587437,1.44e+30
57.50000000000049,10.354640037207162,3.824473553697218,1.44e+30
57.60000000000049,10.353777576005854,3.8212817518740563,1.44e+30
57.70000000000049,10.35291755081233,3.8180963870355424,1.44e+30
57.800000000000495,10.352059951932716,3.8149174364391145,1.44e+30
57.900000000000496,10.351204769724523,3.8117448774526537,1.44e+30
58.0000000000005,10.35035199459631,3.8085786875537795,1.44e+30
58.1000000000005,10.349501617007341,3.805418844329145,1.44e+30
58.2000000000005,10.348653627467257,3.802265325473739,1.44e+30
58.3000000000005,10.347808016535739,3.7991181087902124,1.44e+30
58.4000000000005,10.346964774822174,3.795977172188178,1.44e+30
58.500000000000504,10.346123892985338,3.7928424936835414,1.44e+30
58.600000000000506,10.345285361733058,3.7897140513978185,1.44e+30
58.70000000000051,10.344449171821903,3.786591823557482,1.44e+30
58.80000000000051,10.343615314056853,3.78347578849328,1.44e+30
58.90000000000051,10.34278377929099,3.7803659246396,1.44e+30
59.00000000000051,10.341954558425178,3.7772622105337974,1.44e+30
59.10000000000051,10.341127642407754,3.7741646248155645,1.44e+30
59.200000000000514,10.340303022234217,3.771073146226271,1.44e+30
59.300000000000516,10.339480688946919,3.767987753608338,1.44e+30
59.40000000000052,10.338660633634767,3.7649084259046157,1.44e+30
59.50000000000052,10.33784284743291,3.7618351421577287,1.44e+30
59.60000000000052,10.337027321522447,3.7587678815094776,1.44e+30
59.70000000000052,10.336214047130126,3.755706623200206,1.44e+30
59.80000000000052,10.335403015528048,3.752651346568199,1.44e+30
59.900000000000524,10.334594218033379,3.749602031049076,1.44e+30
60.000000000000526,10.333787646008052,3.7465586561751705,1.44e+30
60.10000000000053,10.33298329085848,3.743521201574947,1.44e+30
60.20000000000053,10.33218114403528,3.740489646972409,1.44e+30
60.30000000000053,10.331381197032968,3.7374639721864864,1.44e+30
60.40000000000053,10.330583441389699,3.73444415713048,1.44e+30
60.50000000000053,10.329787868686973,3.7314301818114615,1.44e+30
60.600000000000534,10.328994470549363,3.728422026329701,1.44e+30
60.700000000000536,10.328203238644239,3.7254196708780976,1.44e+30
60.80000000000054,10.327414164681494,3.7224230957416102,1.44e+30
60.90000000000054,10.326627240413275,3.7194322812966965,1.44e+30
61.00000000000054,10.32584245763371,3.716447208010751,1.44e+30
61.10000000000054,10.325059808178644,3.7134678564415466,1.44e+30
61.20000000000054,10.324279283925371,3.710494207236694,1.44e+30
61.300000000000544,10.323500876792377,3.7075262411330856,1.44e+30
61.400000000000546,10.32272457873907,3.704563938956353,1.44e+30
61.50000000000055,10.321950381765532,3.7016072816203445,1.44e+30
61.60000000000055,10.321178277912253,3.6986562501265663,1.44e+30
61.70000000000055,10.32040825925988,3.695710825563673,1.44e+30
61.80000000000055,10.319640317928963,3.6927709891069314,1.44e+30
61.90000000000055,10.318874446079704,3.689836722017695,1.44e+30
62.000000000000554,10.318110635911708,3.6869080056428936,1.44e+30
62.100000000000556,10.317348879663735,3.68398482141451,1.44e+30
62.20000000000056,10.316589169613456,3.6810671508490853,1.44e+30
62.30000000000056,10.315831498077207,3.6781549755471863,1.44e+30
62.40000000000056,10.315075857409749,3.6752482771929227,1.44e+30
62.50000000000056,10.314322240004026,3.672347037553439,1.44e+30
62.60000000000056,10.313570638290933,3.6694512384784286,1.44e+30
62.700000000000564,10.31282104473907,3.6665608618996224,1.44e+30
62.800000000000566,10.312073451854516,3.6636758898303183,1.44e+30
62.90000000000057,10.31132785218059,3.660796304364883,1.44e+30
63.00000000000057,10.310584238297622,3.6579220876782808,1.44e+30
63.10000000000057,10.309842602822727,3.655053222025587,1.44e+30
63.20000000000057,10.309102938409572,3.6521896897415225,1.44e+30
63.30000000000057,10.308365237748154,3.6493314732399758,1.44e+30
63.400000000000574,10.307629493564573,3.646478555013532,1.44e+30
63.500000000000576,10.306895698620812,3.6436309176330246,1.44e+30
63.60000000000058,10.306163845714513,3.640788543747052,1.44e+30
63.70000000000058,10.305433927678763,3.637951416081545,1.44e+30
63.80000000000058,10.304705937381867,3.635119517439283,1.44e+30
63.90000000000058,10.303979867727142,3.632292830699475,1.44e+30
64.00000000000058,10.303255711652696,3.629471338817286,1.44e+30
64.10000000000058,10.302533462131217,3.6266550248234037,1.44e+30
64.20000000000057,10.301813112169764,3.6238438718236012,1.44e+30
64.30000000000057,10.301094654809555,3.6210378629982944,1.44e+30
64.40000000000056,10.300378083125755,3.6182369816020996,1.44e+30
64.50000000000055,10.299663390227279,3.6154412109634166,1.44e+30
64.60000000000055,10.298950569256574,3.6126505344839828,1.44e+30
64.70000000000054,10.298239613389429,3.6098649356384653,1.44e+30
64.80000000000054,10.297530515834762,3.607084397974026,1.44e+30
64.90000000000053,10.296823269834425,3.6043089051099084,1.44e+30
65.00000000000053,10.296117868663003,3.6015384407370155,1.44e+30
65.10000000000052,10.295414305627617,3.5987729886174957,1.44e+30
65.20000000000051,10.294712574067724,3.59601253258434,1.44e+30
65.30000000000051,10.294012667354929,3.5932570565409723,1.44e+30
65.4000000000005,10.293314578892787,3.5905065444608364,1.44e+30
65.5000000000005,10.292618302116608,3.5877609803869976,1.44e+30
65.60000000000049,10.291923830493275,3.585020348431751,1.44e+30
65.70000000000049,10.291231157521043,3.5822846327762075,1.44e+30
65.80000000000048,10.290540276729363,3.57955381766992,1.44e+30
65.90000000000047,10.289851181678687,3.5768278874304826,1.44e+30
66.00000000000047,10.289163865960287,3.5741068264431446,1.44e+30
66.10000000000046,10.288478323196069,3.5713906191604226,1.44e+30
66.20000000000046,10.28779454703839,3.5686792501017157,1.44e+30
66.30000000000045,10.287112531169878,3.565972703852932,1.44e+30
66.40000000000045,10.286432269303253,3.563270965066104,1.44e+30
66.50000000000044,10.285753755181146,3.5605740184590227,1.44e+30
66.60000000000043,10.285076982575921,3.557881848814856,1.44e+30
66.70000000000043,10.284401945289504,3.5551944409817877,1.44e+30
66.80000000000042,10.283728637153201,3.55251177987264,1.44e+30
66.90000000000042,10.28305705202753,3.5498338504645215,1.44e+30
67.00000000000041,10.282387183802044,3.547160637798448,1.44e+30
67.1000000000004,10.281719026395164,3.5444921269790064,1.44e+30
67.2000000000004,10.281052573754007,3.5418283031739737,1.44e+30
67.3000000000004,10.280387819854216,3.5391691516139785,1.44e+30
67.40000000000039,10.279724758699794,3.5365146575921407,1.44e+30
67.50000000000038,10.279063384322939,3.5338648064637224,1.44e+30
67.60000000000038,10.278403690783875,3.531219583645793,1.44e+30
67.70000000000037,10.277745672170692,3.5285789746168605,1.44e+30
67.80000000000037,10.27708932259918,3.5259429649165517,1.44e+30
67.90000000000036,10.276434636212667,3.5233115401452557,1.44e+30
68.00000000000036,10.27578160718186,3.52068468596379,1.44e+30
68.10000000000035,10.27513022970469,3.518062388093076,1.44e+30
68.20000000000034,10.274480498006142,3.5154446323137902,1.44e+30
68.30000000000034,10.273832406338109,3.512831404466043,1.44e+30
68.40000000000033,10.27318594897923,3.5102226904490426,1.44e+30
68.50000000000033,10.272541120234735,3.5076184762207707,1.44e+30
68.60000000000032,10.271897914436295,3.505018747797665,1.44e+30
68.70000000000032,10.271256325941865,3.5024234912542864,1.44e+30
68.80000000000031,10.270616349135533,3.499832692723002,1.44e+30
68.9000000000003,10.269977978427372,3.4972463383936723,1.44e+30
69.0000000000003,10.269341208253284,3.494664414513325,1.44e+30
69.10000000000029,10.268706033074858,3.4920869073858545,1.44e+30
69.20000000000029,10.26807244737922,3.4895138033716977,1.44e+30
69.30000000000028,10.267440445678883,3.486945088887528,1.44e+30
69.40000000000028,10.266810022511608,3.4843807504059607,1.44e+30
69.50000000000027,10.266181172440254,3.4818207744552265,1.44e+30
69.60000000000026,10.265553890052633,3.479265147618876,1.44e+30
69.70000000000026,10.264928169961376,3.476713856535489,1.44e+30
69.80000000000025,10.26430400680378,3.474166887898355,1.44e+30
69.90000000000025,10.263681395241676,3.4716242284551955,1.44e+30
70.00000000000024,10.263060329961286,3.4690858650078584,1.44e+30
70.10000000000024,10.262440805673085,3.4665517844120273,1.44e+30
70.20000000000023,10.26182281711166,3.464021973576921,1.44e+30
70.30000000000022,10.26120635903558,3.4614964194650204,1.44e+30
70.40000000000022,10.260591426227249,3.4589751090917638,1.44e+30
70.50000000000021,10.259978013492784,3.4564580295252743,1.44e+30
70.60000000000021,10.259366115661871,3.4539451678860633,1.44e+30
70.7000000000002,10.258755727587637,3.4514365113467607,1.44e+30
70.8000000000002,10.258146844146516,3.448932047131832,1.44e+30
70.90000000000019,10.257539460238116,3.446431762517281,1.44e+30
71.00000000000018,10.256933570785092,3.443935644830412,1.44e+30
71.10000000000018,10.256329170733014,3.4414436814495115,1.44e+30
71.20000000000017,10.25572625505024,3.438955859803607,1.44e+30
71.30000000000017,10.255124818727785,3.436472167372182,1.44e+30
71.40000000000016,10.254524856779197,3.4339925916849072,1.44e+30
71.50000000000016,10.25392636424043,3.43151712032137,1.44e+30
71.60000000000015,10.253329336169717,3.4290457409108157,1.44e+30
71.70000000000014,10.252733767647449,3.4265784411318787,1.44e+30
71.80000000000014,10.25213965377605,3.4241152087123288,1.44e+30
71.90000000000013,10.25154698967985,3.4216560314287863,1.44e+30
72.00000000000013,10.250955770504971,3.4192008971064904,1.44e+30
72.10000000000012,10.2503659914192,3.4167497936190285,1.44e+30
72.20000000000012,10.249777647611868,3.414302708888078,1.44e+30
72.30000000000011,10.249190734293736,3.4118596308831552,1.44e+30
72.4000000000001,10.24860524669687,3.4094205476213655,1.44e+30
72.5000000000001,10.24802118007453,3.4069854471671452,1.44e+30
72.6000000000001,10.247438529701043,3.404554317632022,1.44e+30
72.70000000000009,10.246857290871699,3.4021271471743595,1.44e+30
72.80000000000008,10.246277458902624,3.399703923999109,1.44e+30
72.90000000000008,10.245699029130671,3.3972846363575697,1.44e+30
73.00000000000007,10.245121996913307,3.3948692725471443,1.44e+30
73.10000000000007,10.244546357628495,3.392457820911103,1.44e+30
73.20000000000006,10.243972106674587,3.390050269838328,1.44e+30
73.30000000000005,10.243399239470206,3.38764660776309,1.44e+30
73.40000000000005,10.24282775145414,3.385246823164806,1.44e+30
73.50000000000004,10.24225763808523,3.3828509045677984,1.44e+30
73.60000000000004,10.241688894842257,3.3804588405410643,1.44e+30
73.70000000000003,10.24112151722384,3.3780706196980494,1.44e+30
73.80000000000003,10.240555500748323,3.3756862306964086,1.44e+30
73.90000000000002,10.239990840953668,3.373305662237778,1.44e+30
74.00000000000001,10.239427533397349,3.3709289030675498,1.44e+30
74.10000000000001,10.238865573656245,3.368555941974642,1.44e+30
74.2,10.238304957326536,3.366186767791271,1.44e+30
74.3,10.237745680023597,3.363821369392732,1.44e+30
74.39999999999999,10.237187737381896,3.361459735697179,1.44e+30
74.49999999999999,10.236631125054888,3.3591018556653895,1.44e+30
74.59999999999998,10.236075838714914,3.3567477183005634,1.44e+30
74.69999999999997,10.235521874053097,3.3543973126480857,1.44e+30
74.79999999999997,10.234969226779244,3.3520506277953253,1.44e+30
74.89999999999996,10.234417892621742,3.3497076528714094,1.44e+30
74.99999999999996,10.233867867327461,3.3473683770470095,1.44e+30
75.09999999999995,10.233319146661653,3.3450327895341356,1.44e+30
75.19999999999995,10.232771726407853,3.3427008795859163,1.44e+30
75.29999999999994,10.232225602367778,3.340372636496387,1.44e+30
75.39999999999993,10.23168077036124,3.338048049600294,1.44e+30
75.49999999999993,10.231137226226037,3.335727108272871,1.44e+30
75.59999999999992,10.230594965817861,3.3334098019296325,1.44e+30
75.69999999999992,10.230053985010207,3.331096120026184,1.44e+30
75.79999999999991,10.22951427969427,3.328786052058001,1.44e+30
75.8999999999999,10.228975845778859,3.3264795875602404,1.44e+30
75.9999999999999,10.228438679190296,3.3241767161075213,1.44e+30
76.0999999999999,10.227902775872327,3.3218774273137375,1.44e+30
76.19999999999989,10.227368131786028,3.3195817108318555,1.44e+30
76.29999999999988,10.226834742909713,3.3172895563537113,1.44e+30
76.39999999999988,10.226302605238843,3.3150009536098204,1.44e+30
76.49999999999987,10.225771714785937,3.3127158923691873,1.44e+30
76.59999999999987,10.225242067580478,3.3104343624390884,1.44e+30
76.69999999999986,10.224713659668826,3.308156353664903,1.44e+30
76.79999999999986,10.224186487114126,3.3058818559299024,1.44e+30
76.89999999999985,10.223660545996227,3.30361085915508,1.44e+30
76.99999999999984,10.223135832411582,3.301343353298938,1.44e+30
77.09999999999984,10.222612342473173,3.299079328357313,1.44e+30
77.19999999999983,10.222090072310415,3.2968187743631856,1.44e+30
77.29999999999983,10.221569018069074,3.2945616813864893,1.44e+30
77.39999999999982,10.22104917591118,3.2923080395339297,1.44e+30
77.49999999999982,10.220530542014943,3.2900578389488047,1.44e+30
77.59999999999981,10.220013112574668,3.2878110698108065,1.44e+30
77.6999999999998,10.219496883800668,3.285567722335856,1.44e+30
77.7999999999998,10.218981851919185,3.283327786775912,1.44e+30
77.89999999999979,10.218468013172306,3.281091253418796,1.44e+30
77.99999999999979,10.217955363817874,3.278858112588002,1.44e+30
78.09999999999978,10.217443900129416,3.276628354642541,1.44e+30
78.19999999999978,10.216933618396054,3.2744019699767373,1.44e+30
78.29999999999977,10.216424514922426,3.2721789490200734,1.44e+30
78.39999999999976,10.21591658602861,3.2699592822370107,1.44e+30
78.49999999999976,10.215409828050035,3.2677429601268013,1.44e+30
78.59999999999975,10.214904237337409,3.2655299732233414,1.44e+30
78.69999999999975,10.214399810256635,3.2633203120949688,1.44e+30
78.79999999999974,10.21389654318874,3.261113967344328,1.44e+30
78.89999999999974,10.213394432529787,3.2589109296081666,1.44e+30
78.99999999999973,10.212893474690803,3.256711189557183,1.44e+30
79.09999999999972,10.212393666097702,3.254514737895855,1.44e+30
79.19999999999972,10.211895003191207,3.2523215653622835,1.44e+30
79.29999999999971,10.211397482426777,3.2501316627280135,1.44e+30
79.39999999999971,10.210901100274528,3.247945020797879,1.44e+30
79.4999999999997,10.210405853219154,3.2457616304098176,1.44e+30
79.5999999999997,10.209911737759862,3.2435814824347418,1.44e+30
79.69999999999969,10.209418750410292,3.2414045677763506,1.44e+30
79.79999999999968,10.208926887698441,3.239230877370978,1.44e+30
79.89999999999968,10.208436146166596,3.237060402187436,1.44e+30
79.99999999999967,10.207946522371255,3.2348931332268442,1.44e+30
80.09999999999967,10.20745801288306,3.232729061522492,1.44e+30
80.19999999999966,10.20697061428672,3.2305681781396487,1.44e+30
80.29999999999966,10.20648432318094,3.228410474175443,1.44e+30
80.39999999999965,10.205999136178352,3.2262559407586773,1.44e+30
80.49999999999964,10.205515049905449,3.2241045690497003,1.44e+30
80.59999999999964,10.205032061002502,3.2219563502402284,1.44e+30
80.69999999999963,10.204550166123504,3.219811275553216,1.44e+30
80.79999999999963,10.204069361936089,3.217669336242676,1.44e+30
80.89999999999962,10.203589645121472,3.215530523593557,1.44e+30
80.99999999999962,10.203111012374375,3.213394828921576,1.44e+30
81.09999999999961,10.20263346040296,3.211262243573068,1.44e+30
81.1999999999996,10.202156985928765,3.2091327589248495,1.44e+30
81.2999999999996,10.201681585686627,3.2070063663840527,1.44e+30
81.3999999999996,10.20120725642463,3.2048830573880083,1.44e+30
81.49999999999959,10.200733994904022,3.202762823404064,1.44e+30
81.59999999999958,10.200261797899163,3.2006456559294643,1.44e+30
81.69999999999958,10.199790662197449,3.1985315464911865,1.44e+30
81.79999999999957,10.199320584599255,3.1964204866458257,1.44e+30
81.89999999999957,10.198851561917861,3.194312467979419,1.44e+30
81.99999999999956,10.198383590979397,3.1922074821073245,1.44e+30
82.09999999999955,10.197916668622772,3.19010552067408,1.44e+30
82.19999999999955,10.197450791699614,3.1880065753532483,1.44e+30
82.29999999999954,10.196985957074203,3.185910637847285,1.44e+30
82.39999999999954,10.196522161623411,3.1838176998874106,1.44e+30
82.49999999999953,10.19605940223664,3.1817277532334525,1.44e+30
82.59999999999953,10.195597675815758,3.179640789673727,1.44e+30
82.69999999999952,10.195136979275036,3.1775568010248847,1.44e+30
82.79999999999951,10.194677309541088,3.1754757791317862,1.44e+30
82.89999999999951,10.19421866355281,3.1733977158673587,1.44e+30
82.9999999999995,10.193761038261322,3.1713226031324817,1.44e+30
83.0999999999995,10.1933044306299,3.169250432855824,1.44e+30
83.19999999999949,10.192848837633925,3.1671811969937416,1.44e+30
83.29999999999949,10.192394256260815,3.1651148875301103,1.44e+30
83.39999999999948,10.191940683509973,3.163051496476222,1.44e+30
83.49999999999947,10.191488116392721,3.160991015870647,1.44e+30
83.59999999999947,10.19103655193225,3.1589334377791083,1.44e+30
83.69999999999946,10.190585987163551,3.1568787542943353,1.44e+30
83.79999999999946,10.190136419133367,3.154826957535948,1.44e+30
83.89999999999945,10.189687844900128,3.1527780396503315,1.44e+30
83.99999999999945,10.189240261533898,3.1507319928105035,1.44e+30
84.09999999999944,10.18879366611632,3.148688809215993,1.44e+30
84.19999999999943,10.188348055740553,3.1466484810927127,1.44e+30
84.29999999999943,10.18790342751122,3.144611000692822,1.44e+30
84.39999999999942,10.18745977854435,3.1425763602946164,1.44e+30
84.49999999999942,10.187017105967325,3.140544552202403,1.44e+30
84.59999999999941,10.186575406918822,3.138515568746368,1.44e+30
84.6999999999994,10.186134678548761,3.136489402282468,1.44e+30
84.7999999999994,10.18569491801825,3.134466045192301,1.44e+30
84.8999999999994,10.185256122499526,3.1324454898829823,1.44e+30
84.99999999999939,10.184818289175906,3.1304277287870232,1.44e+30
85.09999999999938,10.184381415241733,3.128412754362219,1.44e+30
85.19999999999938,10.18394549790232,3.1264005590915307,1.44e+30
85.29999999999937,10.183510534373898,3.1243911354829494,1.44e+30
85.39999999999937,10.183076521883565,3.1223844760693997,1.44e+30
85.49999999999936,10.182643457669233,3.1203805734086094,1.44e+30
85.59999999999935,10.182211338979572,3.1183794200830004,1.44e+30
85.69999999999935,10.181780163073963,3.116381008699559,1.44e+30
85.79999999999934,10.181349927222447,3.114385331889748,1.44e+30
85.89999999999934,10.180920628705667,3.1123923823093538,1.44e+30
85.99999999999933,10.180492264814825,3.110402152638402,1.44e+30
86.09999999999933,10.180064832851627,3.1084146355810396,1.44e+30
86.19999999999932,10.179638330128235,3.1064298238654118,1.44e+30
86.29999999999932,10.179212753967212,3.1044477102435515,1.44e+30
86.39999999999931,10.17878810170148,3.102468287491278,1.44e+30
86.4999999999993,10.178364370674263,3.100491548408067,1.44e+30
86.5999999999993,10.177941558239043,3.0985174858169606,1.44e+30
86.69999999999929,10.17751966175951,3.096546092564447,1.44e+30
86.79999999999929,10.17709867860951,3.0945773615203525,1.44e+30
86.89999999999928,10.176678606173004,3.0926112855777284,1.44e+30
86.99999999999928,10.176259441844008,3.090647857652742,1.44e+30
87.09999999999927,10.17584118302656,3.088687070684582,1.44e+30
87.19999999999926,10.175423827134658,3.0867289176353374,1.44e+30
87.29999999999926,10.175007371592226,3.0847733914899007,1.44e+30
87.39999999999925,10.174591813833057,3.0828204852558487,1.44e+30
87.49999999999925,10.174177151300771,3.080870191963351,1.44e+30
87.59999999999924,10.173763381448767,3.0789225046650532,1.44e+30
87.69999999999924,10.173350501740178,3.0769774164359855,1.44e+30
87.79999999999923,10.172938509647825,3.0750349203734517,1.44e+30
87.89999999999922,10.172527402654168,3.073095009596914,1.44e+30
87.99999999999922,10.172117178251268,3.071157677247912,1.44e+30
88.09999999999921,10.171707833940733,3.0692229164899447,1.44e+30
88.1999999999992,10.171299367233678,3.0672907205083684,1.44e+30
88.2999999999992,10.170891775650682,3.0653610825103206,1.44e+30
88.3999999999992,10.170485056721741,3.063433995724578,1.44e+30
88.49999999999919,10.170079207986221,3.0615094534014817,1.44e+30
88.59999999999918,10.169674226992823,3.0595874488128487,1.44e+30
88.69999999999918,10.169270111299529,3.0576679752518374,1.44e+30
88.79999999999917,10.168866858473564,3.055751026032876,1.44e+30
88.89999999999917,10.168464466091352,3.053836594491553,1.44e+30
88.99999999999916,10.168062931738477,3.051924673984532,1.44e+30
89.09999999999916,10.167662253009635,3.050015257889442,1.44e+30
89.19999999999915,10.16726242750859,3.0481083396047786,1.44e+30
89.29999999999914,10.166863452848137,3.0462039125498137,1.44e+30
89.39999999999914,10.166465326650062,3.044301970164512,1.44e+30
89.49999999999913,10.16606804654509,3.0424025059093998,1.44e+30
89.59999999999913,10.165671610172856,3.040505513265513,1.44e+30
89.69999999999912,10.165276015181853,3.0386109857342722,1.44e+30
89.79999999999912,10.164881259229398,3.036718916837405,1.44e+30
89.89999999999911,10.164487339981589,3.034829300116838,1.44e+30
89.9999999999991,10.164094255113264,3.0329421291346224,1.44e+30
90.0999999999991,10.16370200230796,3.0310573974728205,1.44e+30
90.1999999999991,10.163310579257878,3.029175098733437,1.44e+30
90.29999999999909,10.162919983663834,3.0272952265383015,1.44e+30
90.39999999999908,10.162530213235227,3.0254177745290054,1.44e+30
90.49999999999908,10.162141265689998,3.0235427363667844,1.44e+30
90.59999999999907,10.161753138754587,3.0216701057324404,1.44e+30
90.69999999999906,10.1613658301639,3.0197998763262586,1.44e+30
90.79999999999906,10.160979337661265,3.017932041867908,1.44e+30
90.89999999999905,10.160593658998396,3.016066596096349,1.44e+30
90.99999999999905,10.160208791935352,3.014203532769753,1.44e+30
91.09999999999904,10.159824734240505,3.0123428456654215,1.44e+30
91.19999999999904,10.159441483690497,3.0104845285796817,1.44e+30
91.29999999999903,10.1590590380702,3.008628575327806,1.44e+30
91.39999999999903,10.158677395172687,3.006774979743927,1.44e+30
91.49999999999902,10.158296552799184,3.0049237356809515,1.44e+30
91.59999999999901,10.157916508759042,3.0030748370104647,1.44e+30
91.69999999999901,10.157537260869697,3.001228277622668,1.44e+30
91.799999999999,10.15715880695663,2.999384051426265,1.44e+30
91.899999999999,10.156781144853335,2.9975421523483927,1.44e+30
91.99999999999899,10.15640427240128,2.9957025743345347,1.44e+30
92.09999999999899,10.156028187449873,2.993865311348438,1.44e+30
92.19999999999898,10.155652887856425,2.9920303573720286,1.44e+30
92.29999999999897,10.155278371486112,2.9901977064053264,1.44e+30
92.39999999999897,10.154904636211946,2.9883673524663656,1.44e+30
92.49999999999896,10.154531679914731,2.9865392895911116,1.44e+30
92.59999999999896,10.154159500483038,2.984713511833382,1.44e+30
92.69999999999895,10.153788095813157,2.9828900132647433,1.44e+30
92.79999999999895,10.153417463809076,2.9810687879744666,1.44e+30
92.89999999999894,10.153047602382436,2.9792498300694183,1.44e+30
92.99999999999893,10.152678509452505,2.977433133673993,1.44e+30
93.09999999999893,10.152310182946135,2.9756186929300217,1.44e+30
93.19999999999892,10.151942620797735,2.9738065019967075,1.44e+30
93.29999999999892,10.151575820949235,2.9719965550505325,1.44e+30
93.39999999999891,10.151209781350051,2.9701888462851853,1.44e+30
93.4999999999989,10.150844499957055,2.9683833699114874,1.44e+30
93.5999999999989,10.150479974734536,2.9665801201572988,1.44e+30
93.6999999999989,10.150116203654171,2.964779091267453,1.44e+30
93.79999999999889,10.149753184694996,2.962980277503682,1.44e+30
93.89999999999888,10.149390915843362,2.961183673144528,1.44e+30
93.99999999999888,10.149029395092915,2.959389272485275,1.44e+30
94.09999999999887,10.148668620444555,2.9575970698378695,1.44e+30
94.19999999999887,10.148308589906408,2.9558070595308505,1.44e+30
94.29999999999886,10.14794930149379,2.954019235909252,1.44e+30
94.39999999999885,10.14759075322918,2.9522335933345483,1.44e+30
94.49999999999885,10.147232943142185,2.9504501261845864,1.44e+30
94.59999999999884,10.146875869269511,2.9486688288534815,1.44e+30
94.69999999999884,10.146519529654928,2.9468896957515636,1.44e+30
94.79999999999883,10.146163922349242,2.945112721305308,1.44e+30
94.89999999999883,10.145809045410264,2.9433378999572426,1.44e+30
94.99999999999882,10.145454896902777,2.94156522616589,1.44e+30
95.09999999999881,10.145101474898507,2.939794694405685,1.44e+30
95.19999999999881,10.14474877747609,2.938026299166906,1.44e+30
95.2999999999988,10.14439680272105,2.9362600349556116,1.44e+30
95.3999999999988,10.144045548725751,2.93449589629354,1.44e+30
95.49999999999879,10.14369501358939,2.932733877718073,1.44e+30
95.59999999999879,10.14334519541795,2.9309739737821454,1.44e+30
95.69999999999878,10.142996092324175,2.9292161790541633,1.44e+30
95.79999999999878,10.142647702427544,2.927460488117962,1.44e+30
95.89999999999877,10.142300023854235,2.9257068955727012,1.44e+30
95.99999999999876,10.141953054737103,2.92395539603283,1.44e+30
96.09999999999876,10.141606793215647,2.922205984127994,1.44e+30
96.19999999999875,10.141261237435982,2.920458654502972,1.44e+30
96.29999999999875,10.140916385550806,2.9187134018175938,1.44e+30
96.39999999999874,10.140572235719379,2.916970220746695,1.44e+30
96.49999999999874,10.14022878610749,2.915229105980047,1.44e+30
96.59999999999873,10.139886034887429,2.91349005222225,1.44e+30
96.69999999999872,10.139543980237958,2.91175305419272,1.44e+30
96.79999999999872,10.139202620344285,2.9100181066255737,1.44e+30
96.89999999999871,10.138861953398036,2.9082852042695926,1.44e+30
96.9999999999987,10.138521977597225,2.906554341888137,1.44e+30
97.0999999999987,10.13818269114623,2.9048255142590977,1.44e+30
97.1999999999987,10.137844092255762,2.903098716174801,1.44e+30
97.29999999999869,10.137506179142836,2.901373942441964,1.44e+30
97.39999999999868,10.137168950030754,2.8996511878816347,1.44e+30
97.49999999999868,10.136832403149064,2.897930447329097,1.44e+30
97.59999999999867,10.136496536733546,2.896211715633834,1.44e+30
97.69999999999867,10.136161349026175,2.8944949876594483,1.44e+30
97.79999999999866,10.135826838275099,2.8927802582835938,1.44e+30
97.89999999999866,10.135493002734615,2.891067522397924,1.44e+30
97.99999999999865,10.135159840665137,2.889356774908019,1.44e+30
98.09999999999864,10.134827350333177,2.8876480107333258,1.44e+30
98.19999999999864,10.13449553001131,2.8859412248070857,1.44e+30
98.29999999999863,10.134164377978156,2.884236412076272,1.44e+30
98.39999999999863,10.133833892518348,2.8825335675015413,1.44e+30
98.49999999999862,10.133504071922513,2.8808326860571496,1.44e+30
98.59999999999862,10.133174914487238,2.8791337627308975,1.44e+30
98.69999999999861,10.132846418515056,2.8774367925240822,1.44e+30
98.7999999999986,10.13251858231441,2.875741770451409,1.44e+30
98.8999999999986,10.132191404199629,2.8740486915409393,1.44e+30
98.9999999999986,10.131864882490914,2.872357550834045,1.44e+30
99.09999999999859,10.131539015514301,2.8706683433853253,1.44e+30
99.19999999999858,10.13121380160164,2.868981064262556,1.44e+30
99.29999999999858,10.130889239090573,2.867295708546613,1.44e+30
99.39999999999857,10.130565326324504,2.865612271331436,1.44e+30
99.49999999999856,10.130242061652583,2.863930747723954,1.44e+30
99.59999999999856,10.129919443429673,2.8622511328440243,1.44e+30
99.69999999999855,10.12959747001633,2.8605734218243644,1.44e+30
99.79999999999855,10.129276139778783,2.85889760981052,1.44e+30
99.89999999999854,10.1289554510889,2.8572236919607676,1.44e+30
99.99999999999854,10.128635402324175,2.8555516634460796,1.44e+30
100.09999999999853,10.128315991867696,2.8538815194500646,1.44e+30
100.19999999999852,10.12799721810813,2.852213255168906,1.44e+30
100.29999999999852,10.127679079439687,2.850546865811281,1.44e+30
100.39999999999851,10.127361574262114,2.8488823465983417,1.44e+30
100.49999999999851,10.127044700980656,2.8472196927636304,1.44e+30
100.5999999999985,10.126728458006042,2.8455588995530183,1.44e+30
100.6999999999985,10.126412843754457,2.8438999622246595,1.44e+30
100.79999999999849,10.126097856647524,2.8422428760489353,1.44e+30
100.89999999999849,10.125783495112278,2.840587636308382,1.44e+30
100.99999999999848,10.125469757581147,2.8389342382976523,1.44e+30
101.09999999999847,10.125156642491921,2.8372826773234334,1.44e+30
101.19999999999847,10.124844148287744,2.8356329487044256,1.44e+30
101.29999999999846,10.124532273417078,2.83398504777125,1.44e+30
101.39999999999846,10.124221016333687,2.8323389698664103,1.44e+30
101.49999999999845,10.123910375496617,2.8306947103442406,1.44e+30
101.59999999999845,10.12360034937017,2.829052264570827,1.44e+30
101.69999999999844,10.123290936423883,2.8274116279239787,1.44e+30
101.79999999999843,10.12298213513251,2.8257727957931578,1.44e+30
101.89999999999843,10.122673943975995,2.824135763579423,1.44e+30
101.99999999999842,10.122366361439454,2.822500526695375,1.44e+30
102.09999999999842,10.122059386013154,2.8208670805651135,1.44e+30
102.19999999999841,10.12175301619249,2.8192354206241586,1.44e+30
102.2999999999984,10.121447250477964,2.817605542319427,1.44e+30
102.3999999999984,10.121142087375166,2.815977441109145,1.44e+30
102.4999999999984,10.120837525394752,2.8143511124628224,1.44e+30
102.59999999999839,10.12053356305242,2.8127265518611737,1.44e+30
102.69999999999838,10.120230198868898,2.8111037547960835,1.44e+30
102.79999999999838,10.119927431369911,2.809482716770545,1.44e+30
102.89999999999837,10.119625259086172,2.8078634332986043,1.44e+30
102.99999999999837,10.119323680553356,2.806245899905311,1.44e+30
103.09999999999836,10.119022694312077,2.8046301121266577,1.44e+30
103.19999999999835,10.118722298907878,2.8030160655095435,1.44e+30
103.29999999999835,10.118422492891199,2.801403755611701,1.44e+30
103.39999999999834,10.118123274817366,2.799793178001666,1.44e+30
103.49999999999834,10.117824643246564,2.7981843282586913,1.44e+30
103.59999999999833,10.117526596743824,2.79657720197273,1.44e+30
103.69999999999833,10.117229133878999,2.7949717947443675,1.44e+30
103.79999999999832,10.116932253226745,2.793368102184767,1.44e+30
103.89999999999831,10.116635953366503,2.7917661199156214,1.44e+30
103.99999999999831,10.116340232882477,2.7901658435690964,1.44e+30
104.0999999999983,10.116045090363619,2.7885672687877907,1.44e+30
104.1999999999983,10.115750524403605,2.786970391224681,1.44e+30
104.29999999999829,10.11545653360082,2.7853752065430566,1.44e+30
104.39999999999829,10.115163116558337,2.7837817104164895,1.44e+30
104.49999999999828,10.114870271883897,2.7821898985287676,1.44e+30
104.59999999999827,10.11457799818989,2.7805997665738498,1.44e+30
104.69999999999827,10.114286294093343,2.7790113102558207,1.44e+30
104.79999999999826,10.113995158215891,2.777424525288825,1.44e+30
104.89999999999826,10.113704589183767,2.7758394073970436,1.44e+30
104.99999999999825,10.113414585627778,2.7742559523146135,1.44e+30
105.09999999999825,10.11312514618329,2.7726741557855954,1.44e+30
105.19999999999824,10.112836269490208,2.771094013563923,1.44e+30
105.29999999999824,10.11254795419296,2.7695155214133567,1.44e+30
105.39999999999823,10.112260198940476,2.7679386751074095,1.44e+30
105.49999999999822,10.111973002386172,2.766363470429342,1.44e+30
105.59999999999822,10.11168636318793,2.76478990317206,1.44e+30
105.69999999999821,10.111400280008084,2.7632179691381142,1.44e+30
105.7999999999982,10.111114751513398,2.761647664139619,1.44e+30
105.8999999999982,10.110829776375052,2.7600789839982225,1.44e+30
105.9999999999982,10.110545353268623,2.7585119245450516,1.44e+30
106.09999999999819,10.110261480874065,2.7569464816206484,1.44e+30
106.19999999999818,10.109978157875696,2.755382651074949,1.44e+30
106.29999999999818,10.10969538296218,2.7538204287672228,1.44e+30
106.39999999999817,10.109413154826504,2.752259810566014,1.44e+30
106.49999999999817,10.109131472165968,2.7507007923491074,1.44e+30
106.59999999999816,10.108850333682168,2.7491433700034866,1.44e+30
106.69999999999816,10.108569738080973,2.747587539425263,1.44e+30
106.79999999999815,10.108289684072512,2.7460332965196415,1.44e+30
106.89999999999814,10.108010170371157,2.7444806372008905,1.44e+30
106.99999999999814,10.107731195695509,2.742929557392264,1.44e+30
107.09999999999813,10.107452758768373,2.7413800530259644,1.44e+30
107.19999999999813,10.107174858316752,2.7398321200431113,1.44e+30
107.29999999999812,10.106897493071822,2.7382857543936736,1.44e+30
107.39999999999812,10.10662066176892,2.73674095203643,1.44e+30
107.49999999999811,10.106344363147528,2.7351977089389288,1.44e+30
107.5999999999981,10.106068595951255,2.7336560210774365,1.44e+30
107.6999999999981,10.105793358927821,2.7321158844368894,1.44e+30
107.7999999999981,10.105518650829042,2.7305772950108516,1.44e+30
107.89999999999809,10.105244470410813,2.7290402488014625,1.44e+30
107.99999999999808,10.104970816433093,2.727504741819397,1.44e+30
108.09999999999808,10.104697687659888,2.7259707700838143,1.44e+30
108.19999999999807,10.104425082859237,2.7244383296223234,1.44e+30
108.29999999999806,10.104153000803192,2.7229074164709095,1.44e+30
108.39999999999806,10.103881440267811,2.7213780266739285,1.44e+30
108.49999999999805,10.103610400033133,2.7198501562840325,1.44e+30
108.59999999999805,10.103339878883169,2.718323801362127,1.44e+30
108.69999999999804,10.103069875605883,2.716798957977339,1.44e+30
108.79999999999804,10.102800388993177,2.71527562220696,1.44e+30
108.89999999999803,10.102531417840881,2.713753790136402,1.44e+30
108.99999999999802,10.10226296094873,2.712233457859166,1.44e+30
109.09999999999802,10.101995017120354,2.7107146214767726,1.44e+30
109.19999999999801,10.10172758516326,2.709197277098738,1.44e+30
109.29999999999801,10.101460663888822,2.707681420842521,1.44e+30
109.399999999998,10.10119425211226,2.706167048833472,1.44e+30
109.499999999998,10.100928348652628,2.7046541572048115,1.44e+30
109.59999999999799,10.1006629523328,2.70314274209755,1.44e+30
109.69999999999798,10.100398061979456,2.7016327996604725,1.44e+30
109.79999999999798,10.100133676423065,2.7001243260500916,1.44e+30
109.89999999999797,10.09986979449787,2.698617317430589,1.44e+30
109.99999999999797,10.09960641504188,2.6971117699737865,1.44e+30
110.09999999999796,10.099343536896844,2.695607679859083,1.44e+30
110.19999999999796,10.09908115890825,2.694105043273428,1.44e+30
110.29999999999795,10.0988192799253,2.6926038564112704,1.44e+30
110.39999999999795,10.098557898800902,2.691104115474523,1.44e+30
110.49999999999794,10.098297014391653,2.689605816672499,1.44e+30
110.59999999999793,10.098036625557828,2.6881089562218974,1.44e+30
110.69999999999793,10.097776731163362,2.686613530346726,1.44e+30
110.79999999999792,10.09751733007584,2.6851195352782895,1.44e+30
110.89999999999792,10.09725842116648,2.683626967255119,1.44e+30
110.99999999999791,10.09700000331012,2.6821358225229526,1.44e+30
111.0999999999979,10.096742075385206,2.6806460973346713,1.44e+30
111.1999999999979,10.096484636273779,2.679157787950271,1.44e+30
111.2999999999979,10.096227684861457,2.677670890636818,1.44e+30
111.39999999999789,10.095971220037427,2.6761854016683966,1.44e+30
111.49999999999788,10.095715240694426,2.6747013173260696,1.44e+30
111.59999999999788,10.095459745728734,2.673218633897842,1.44e+30
111.69999999999787,10.095204734040152,2.671737347678602,1.44e+30
111.79999999999787,10.094950204532,2.6702574549701024,1.44e+30
111.89999999999786,10.094696156111091,2.6687789520808924,1.44e+30
111.99999999999785,10.094442587687732,2.6673018353262994,1.44e+30
112.09999999999785,10.094189498175698,2.665826101028358,1.44e+30
112.19999999999784,10.093936886492228,2.664351745515803,1.44e+30
112.29999999999784,10.093684751558008,2.6628787651239962,1.44e+30
112.39999999999783,10.093433092297158,2.6614071561948895,1.44e+30
112.49999999999783,10.09318190763722,2.6599369150770036,1.44e+30
112.59999999999782,10.092931196509145,2.6584680381253465,1.44e+30
112.69999999999781,10.092680957847284,2.657000521701422,1.44e+30
112.79999999999781,10.092431190589368,2.655534362173141,1.44e+30
112.8999999999978,10.092181893676502,2.6540695559148073,1.44e+30
112.9999999999978,10.091933066053148,2.652606099307057,1.44e+30
113.09999999999779,10.091684706667117,2.6511439887368358,1.44e+30
113.19999999999779,10.091436814469553,2.649683220597347,1.44e+30
113.29999999999778,10.091189388414922,2.6482237912879993,1.44e+30
113.39999999999777,10.090942427460996,2.646765697214372,1.44e+30
113.49999999999777,10.090695930568852,2.6453089347881935,1.44e+30
113.59999999999776,10.090449896702847,2.643853500427266,1.44e+30
113.69999999999776,10.09020432483061,2.6423993905554433,1.44e+30
113.79999999999775,10.089959213923036,2.640946601602586,1.44e+30
113.89999999999775,10.089714562954265,2.6394951300045157,1.44e+30
113.99999999999774,10.089470370901678,2.6380449722029824,1.44e+30
114.09999999999773,10.089226636745876,2.6365961246455982,1.44e+30
114.19999999999773,10.088983359470678,2.6351485837858313,1.44e+30
114.29999999999772,10.088740538063105,2.6337023460829427,1.44e+30
114.39999999999772,10.088498171513367,2.6322574080019474,1.44e+30
114.49999999999771,10.08825625881485,2.6308137660135595,1.44e+30
114.5999999999977,10.088014798964112,2.6293714165941866,1.44e+30
114.6999999999977,10.087773790960863,2.6279303562258516,1.44e+30
114.7999999999977,10.087533233807958,2.6264905813961645,1.44e+30
114.89999999999769,10.087293126511383,2.625052088598281,1.44e+30
114.99999999999768,10.087053468080247,2.6236148743308645,1.44e+30
115.09999999999768,10.08681425752677,2.6221789350980487,1.44e+30
115.19999999999767,10.086575493866267,2.6207442674093726,1.44e+30
115.29999999999767,10.086337176117143,2.6193108677797645,1.44e+30
115.39999999999766,10.086099303300877,2.6178787327294826,1.44e+30
115.49999999999766,10.085861874442017,2.6164478587840954,1.44e+30
115.59999999999765,10.085624888568162,2.615018242474414,1.44e+30
115.69999999999764,10.085388344709957,2.61358988033647,1.44e+30
115.79999999999764,10.085152241901074,2.612162768911458,1.44e+30
115.89999999999763,10.084916579178213,2.6107369047457136,1.44e+30
115.99999999999763,10.084681355581079,2.6093122843906524,1.44e+30
116.09999999999762,10.08444657015238,2.607888904402741,1.44e+30
116.19999999999762,10.084212221937811,2.6064667613434445,1.44e+30
116.29999999999761,10.083978309986046,2.6050458517791952,1.44e+30
116.3999999999976,10.083744833348726,2.6036261722813516,1.44e+30
116.4999999999976,10.083511791080452,2.602207719426155,1.44e+30
116.59999999999759,10.083279182238767,2.600790489794668,1.44e+30
116.69999999999759,10.083047005884154,2.5993744799727736,1.44e+30
116.79999999999758,10.082815261080018,2.597959686551087,1.44e+30
116.89999999999758,10.082583946892683,2.59654610612496,1.44e+30
116.99999999999757,10.082353062391375,2.595133735294401,1.44e+30
117.09999999999756,10.082122606648218,2.593722570664064,1.44e+30
117.19999999999756,10.081892578738215,2.592312608843164,1.44e+30
117.29999999999755,10.081662977739247,2.5909038464454937,1.44e+30
117.39999999999755,10.081433802732061,2.5894962800893366,1.44e+30
117.49999999999754,10.081205052800252,2.588089906397434,1.44e+30
117.59999999999754,10.080976727030265,2.5866847219969697,1.44e+30
117.69999999999753,10.080748824511375,2.5852807235194826,1.44e+30
117.79999999999752,10.080521344335681,2.583877907600862,1.44e+30
117.89999999999752,10.080294285598098,2.5824762708812914,1.44e+30
117.99999999999751,10.080067647396346,2.5810758100052142,1.44e+30
118.09999999999751,10.079841428830935,2.5796765216212725,1.44e+30
118.1999999999975,10.079615629005165,2.578278402382293,1.44e+30
118.2999999999975,10.079390247025108,2.576881448945229,1.44e+30
118.39999999999749,10.0791652819996,2.5754856579711034,1.44e+30
118.49999999999748,10.078940733040236,2.574091026124999,1.44e+30
118.59999999999748,10.078716599261355,2.5726975500760028,1.44e+30
118.69999999999747,10.078492879780033,2.5713052264971443,1.44e+30
118.79999999999747,10.07826957371607,2.5699140520653794,1.44e+30
118.89999999999746,10.078046680191992,2.5685240234615496,1.44e+30
118.99999999999746,10.077824198333024,2.567135137370314,1.44e+30
119.09999999999745,10.077602127267093,2.565747390480118,1.44e+30
119.19999999999744,10.077380466124819,2.5643607794831733,1.44e+30
119.29999999999744,10.077159214039497,2.5629753010753893,1.44e+30
119.39999999999743,10.076938370147095,2.5615909519563203,1.44e+30
119.49999999999743,10.076717933586245,2.5602077288291643,1.44e+30
119.59999999999742,10.076497903498229,2.558825628400686,1.44e+30
119.69999999999742,10.076278279026974,2.5574446473811876,1.44e+30
119.79999999999741,10.076059059319041,2.5560647824844547,1.44e+30
119.8999999999974,10.075840243523617,2.554686030427729,1.44e+30
119.9999999999974,10.075621830792503,2.5533083879316463,1.44e+30
120.0999999999974,10.075403820280112,2.551931851720216,1.44e+30
120.19999999999739,10.075186211143453,2.5505564185207668,1.44e+30
120.29999999999738,10.074969002542128,2.549182085063901,1.44e+30
120.39999999999738,10.074752193638316,2.5478088480834553,1.44e+30
120.49999999999737,10.07453578359677,2.5464367043164406,1.44e+30
120.59999999999737,10.07431977158481,2.5450656505030333,1.44e+30
120.69999999999736,10.074104156772304,2.5436956833864963,1.44e+30
120.79999999999735,10.073888938331674,2.5423267997131678,1.44e+30
120.89999999999735,10.073674115437875,2.540958996232381,1.44e+30
120.99999999999734,10.073459687268393,2.5395922696964535,1.44e+30
121.09999999999734,10.073245653003235,2.538226616860628,1.44e+30
121.19999999999733,10.073032011824921,2.536862034483025,1.44e+30
121.29999999999733,10.072818762918471,2.5354985193246,1.44e+30
121.39999999999732,10.072605905471406,2.5341360681491127,1.44e+30
121.49999999999731,10.07239343867373,2.532774677723073,1.44e+30
121.59999999999731,10.072181361717929,2.5314143448156887,1.44e+30
121.6999999999973,10.071969673798955,2.530055066198821,1.44e+30
121.7999999999973,10.071758374114228,2.528696838646966,1.44e+30
121.89999999999729,10.07154746186362,2.5273396589371853,1.44e+30
121.99999999999729,10.071336936249446,2.5259835238490544,1.44e+30
122.09999999999728,10.071126796476465,2.524628430164649,1.44e+30
122.19999999999727,10.07091704175186,2.5232743746684694,1.44e+30
122.29999999999727,10.07070767128524,2.521921354147404,1.44e+30
122.39999999999726,10.070498684288625,2.520569365390698,1.44e+30
122.49999999999726,10.070290079976441,2.519218405189881,1.44e+30
122.59999999999725,10.070081857565517,2.517868470338759,1.44e+30
122.69999999999725,10.069874016275065,2.5165195576333197,1.44e+30
122.79999999999724,10.069666555326684,2.515171663871733,1.44e+30
122.89999999999723,10.069459473944347,2.5138247858542893,1.44e+30
122.99999999999723,10.06925277135439,2.5124789203833218,1.44e+30
123.09999999999722,10.069046446785514,2.511134064263211,1.44e+30
123.19999999999722,10.068840499468767,2.5097902143003163,1.44e+30
123.29999999999721,10.068634928637541,2.5084473673029146,1.44e+30
123.3999999999972,10.068429733527566,2.507105520081165,1.44e+30
123.4999999999972,10.068224913376898,2.5057646694470748,1.44e+30
123.5999999999972,10.068020467425917,2.5044248122144372,1.44e+30
123.69999999999719,10.067816394917315,2.503085945198792,1.44e+30
123.79999999999718,10.06761269509609,2.501748065217364,1.44e+30
123.89999999999718,10.067409367209535,2.5004111690890225,1.44e+30
123.99999999999717,10.067206410507241,2.4990752536342513,1.44e+30
124.09999999999717,10.067003824241079,2.4977403156750784,1.44e+30
124.19999999999716,10.066801607665194,2.4964063520350273,1.44e+30
124.29999999999715,10.066599760036008,2.495073359539096,1.44e+30
124.39999999999715,10.066398280612196,2.4937413350136706,1.44e+30
124.49999999999714,10.066197168654693,2.4924102752864945,1.44e+30
124.59999999999714,10.065996423426679,2.491080177186627,1.44e+30
124.69999999999713,10.065796044193577,2.4897510375443948,1.44e+30
124.79999999999713,10.065596030223043,2.4884228531913215,1.44e+30
124.89999999999712,10.065396380784957,2.4870956209601,1.44e+30
124.99999999999712,10.065197095151419,2.4857693376845207,1.44e+30
125.09999999999711,10.064998172596741,2.4844440001994523,1.44e+30
125.1999999999971,10.064799612397444,2.4831196053407707,1.44e+30
125.2999999999971,10.064601413832241,2.4817961499453074,1.44e+30
125.39999999999709,10.064403576182041,2.480473630850807,1.44e+30
125.49999999999709,10.064206098729937,2.4791520448958764,1.44e+30
125.59999999999708,10.064008980761196,2.4778313889199217,1.44e+30
125.69999999999708,10.06381222156326,2.4765116597631156,1.44e+30
125.79999999999707,10.063615820425737,2.4751928542663446,1.44e+30
125.89999999999706,10.063419776640385,2.473874969271133,1.44e+30
125.99999999999706,10.06322408950112,2.472558001619612,1.44e+30
126.09999999999705,10.063028758303997,2.4712419481544705,1.44e+30
126.19999999999705,10.06283378234721,2.4699268057188855,1.44e+30
126.29999999999704,10.062639160931088,2.468612571156493,1.44e+30
126.39999999999704,10.062444893358077,2.467299241311302,1.44e+30
126.49999999999703,10.062250978932745,2.4659868130276807,1.44e+30
126.59999999999702,10.062057416961773,2.4646752831502776,1.44e+30
126.69999999999702,10.061864206753942,2.463364648523963,1.44e+30
126.79999999999701,10.061671347620136,2.462054905993807,1.44e+30
126.89999999999701,10.061478838873327,2.4607460524049825,1.44e+30
126.999999999997,10.061286679828575,2.4594380846027333,1.44e+30
127.099999999997,10.061094869803018,2.4581309994323344,1.44e+30
127.19999999999699,10.06090340811587,2.456824793739021,1.44e+30
127.29999999999698,10.060712294088408,2.4555194643679163,1.44e+30
127.39999999999698,10.06052152704397,2.4542150081640055,1.44e+30
127.49999999999697,10.06033110630795,2.4529114219720496,1.44e+30
127.59999999999697,10.06014103120779,2.451608702636571,1.44e+30
127.69999999999696,10.059951301072973,2.450306847001766,1.44e+30
127.79999999999696,10.059761915235017,2.4490058519114415,1.44e+30
127.89999999999695,10.059572873027472,2.4477057142089875,1.44e+30
127.99999999999694,10.059384173785912,2.4464064307373006,1.44e+30
128.09999999999695,10.059195816847925,2.4451079983387167,1.44e+30
128.19999999999695,10.059007801553115,2.443810413854972,1.44e+30
128.29999999999694,10.058820127243088,2.4425136741271363,1.44e+30
128.39999999999694,10.058632793261454,2.441217775995568,1.44e+30
128.49999999999693,10.058445798953814,2.439922716299825,1.44e+30
128.59999999999692,10.058259143667758,2.4386284918786316,1.44e+30
128.69999999999692,10.05807282675286,2.437335099569812,1.44e+30
128.7999999999969,10.057886847560665,2.436042536210217,1.44e+30
128.8999999999969,10.057701205444697,2.4347507986356964,1.44e+30
128.9999999999969,10.057515899760439,2.4334598836809866,1.44e+30
129.0999999999969,10.057330929865335,2.4321697881797055,1.44e+30
129.1999999999969,10.057146295118784,2.430880508964252,1.44e+30
129.29999999999688,10.056961994882132,2.4295920428657616,1.44e+30
129.39999999999688,10.056778028518666,2.428304386714033,1.44e+30
129.49999999999687,10.056594395393613,2.4270175373374787,1.44e+30
129.59999999999687,10.056411094874129,2.425731491563039,1.44e+30
129.69999999999686,10.056228126329295,2.4244462462161445,1.44e+30
129.79999999999686,10.056045489130115,2.423161798120651,1.44e+30
129.89999999999685,10.055863182649507,2.4218781440987427,1.44e+30
129.99999999999685,10.055681206262298,2.420595280970915,1.44e+30
130.09999999999684,10.055499559345218,2.419313205555861,1.44e+30
130.19999999999683,10.055318241276899,2.4180319146704417,1.44e+30
130.29999999999683,10.055137251437861,2.4167514051295975,1.44e+30
130.39999999999682,10.054956589210517,2.4154716737463042,1.44e+30
130.49999999999682,10.054776253979162,2.4141927173314817,1.44e+30
130.5999999999968,10.054596245129964,2.4129145326939376,1.44e+30
130.6999999999968,10.054416562050971,2.4116371166403123,1.44e+30
130.7999999999968,10.054237204132091,2.4103604659749824,1.44e+30
130.8999999999968,10.054058170765098,2.409084577500005,1.44e+30
130.9999999999968,10.053879461343621,2.4078094480150707,1.44e+30
131.09999999999678,10.053701075263142,2.4065350743173815,1.44e+30
131.19999999999678,10.053523011920989,2.4052614532016436,1.44e+30
131.29999999999677,10.053345270716331,2.4039885814599415,1.44e+30
131.39999999999677,10.053167851050176,2.402716455881703,1.44e+30
131.49999999999676,10.05299075232536,2.4014450732535995,1.44e+30
131.59999999999675,10.052813973946549,2.4001744303594967,1.44e+30
131.69999999999675,10.052637515320228,2.3989045239803772,1.44e+30
131.79999999999674,10.052461375854703,2.3976353508942654,1.44e+30
131.89999999999674,10.052285554960086,2.396366907876123,1.44e+30
131.99999999999673,10.052110052048302,2.395099191697836,1.44e+30
132.09999999999673,10.051934866533076,2.393832199128083,1.44e+30
132.19999999999672,10.051759997829928,2.3925659269322823,1.44e+30
132.29999999999671,10.051585445356174,2.391300371872524,1.44e+30
132.3999999999967,10.05141120853092,2.3900355307074865,1.44e+30
132.4999999999967,10.051237286775052,2.388771400192344,1.44e+30
132.5999999999967,10.051063679511234,2.3875079770786947,1.44e+30
132.6999999999967,10.050890386163907,2.386245258114504,1.44e+30
132.7999999999967,10.05071740615928,2.3849832400439923,1.44e+30
132.89999999999668,10.050544738925327,2.383721919607589,1.44e+30
132.99999999999667,10.050372383891784,2.38246129354182,1.44e+30
133.09999999999667,10.05020034049014,2.3812013585792338,1.44e+30
133.19999999999666,10.050028608153637,2.3799421114483374,1.44e+30
133.29999999999666,10.049857186317267,2.3786835488735094,1.44e+30
133.39999999999665,10.049686074417759,2.3774256675748844,1.44e+30
133.49999999999665,10.049515271893583,2.37616846426831,1.44e+30
133.59999999999664,10.049344778184942,2.3749119356652337,1.44e+30
133.69999999999663,10.04917459273377,2.3736560784726466,1.44e+30
133.79999999999663,10.049004714983726,2.3724008893929636,1.44e+30
133.89999999999662,10.048835144380186,2.3711463651239564,1.44e+30
133.99999999999662,10.048665880370248,2.369892502358656,1.44e+30
134.0999999999966,10.048496922402718,2.3686392977852844,1.44e+30
134.1999999999966,10.048328269928113,2.3673867480871413,1.44e+30
134.2999999999966,10.048159922398652,2.366134849942508,1.44e+30
134.3999999999966,10.047991879268254,2.3648836000245987,1.44e+30
134.4999999999966,10.047824139992535,2.3636329950014208,1.44e+30
134.59999999999658,10.047656704028801,2.3623830315357135,1.44e+30
134.69999999999658,10.04748957083605,2.3611337062848574,1.44e+30
134.79999999999657,10.047322739874954,2.3598850159007316,1.44e+30
134.89999999999657,10.047156210607874,2.3586369570296886,1.44e+30
134.99999999999656,10.046989982498841,2.3573895263124074,1.44e+30
135.09999999999656,10.046824055013563,2.3561427203838274,1.44e+30
135.19999999999655,10.046658427619409,2.3548965358730274,1.44e+30
135.29999999999654,10.046493099785417,2.353650969403142,1.44e+30
135.39999999999654,10.046328070982282,2.3524060175912505,1.44e+30
135.49999999999653,10.046163340682355,2.3511616770482813,1.44e+30
135.59999999999653,10.045998908359643,2.3499179443789378,1.44e+30
135.69999999999652,10.045834773489796,2.3486748161815427,1.44e+30
135.79999999999652,10.045670935550113,2.3474322890479815,1.44e+30
135.8999999999965,10.045507394019532,2.3461903595635665,1.44e+30
135.9999999999965,10.04534414837863,2.3449490243069637,1.44e+30
136.0999999999965,10.045181198109617,2.343708279850061,1.44e+30
136.1999999999965,10.045018542696331,2.342468122757859,1.44e+30
136.2999999999965,10.04485618162424,2.3412285495883927,1.44e+30
136.39999999999648,10.044694114380434,2.339989556892593,1.44e+30
136.49999999999648,10.044532340453621,2.3387511412141935,1.44e+30
136.59999999999647,10.044370859334126,2.337513299089602,1.44e+30
136.69999999999646,10.044209670513887,2.3362760270478025,1.44e+30
136.79999999999646,10.044048773486447,2.3350393216102283,1.44e+30
136.89999999999645,10.043888167746958,2.3338031792906726,1.44e+30
136.99999999999645,10.043727852792177,2.3325675965951573,1.44e+30
137.09999999999644,10.043567828120453,2.3313325700218024,1.44e+30
137.19999999999644,10.043408093231736,2.3300980960607323,1.44e+30
137.29999999999643,10.043248647627564,2.3288641711939304,1.44e+30
137.39999999999642,10.043089490811067,2.327630791895152,1.44e+30
137.49999999999642,10.042930622286958,2.3263979546297793,1.44e+30
137.5999999999964,10.042772041561536,2.3251656558547036,1.44e+30
137.6999999999964,10.042613748142674,2.3239338920181893,1.44e+30
137.7999999999964,10.042455741539825,2.322702659559771,1.44e+30
137.8999999999964,10.042298021264015,2.321471954910122,1.44e+30
137.9999999999964,10.042140586827836,2.3202417744908983,1.44e+30
138.09999999999638,10.04198343774545,2.3190121147146567,1.44e+30
138.19999999999638,10.041826573532584,2.317782971984684,1.44e+30
138.29999999999637,10.04166999370652,2.3165543426948814,1.44e+30
138.39999999999637,10.041513697786105,2.3153262232296328,1.44e+30
138.49999999999636,10.041357685291732,2.3140986099636467,1.44e+30
138.59999999999636,10.041201955745354,2.3128714992618593,1.44e+30
138.69999999999635,10.041046508670469,2.311644887479276,1.44e+30
138.79999999999634,10.040891343592122,2.3104187709608266,1.44e+30
138.89999999999634,10.0407364600369,2.309193146041219,1.44e+30
138.99999999999633,10.040581857532931,2.30796800904482,1.44e+30
139.09999999999633,10.040427535609881,2.3067433562854887,1.44e+30
139.19999999999632,10.040273493798951,2.305519184066453,1.44e+30
139.29999999999632,10.040119731632874,2.3042954886801437,1.44e+30
139.3999999999963,10.039966248645914,2.3030722664080643,1.44e+30
139.4999999999963,10.039813044373858,2.301849513520593,1.44e+30
139.5999999999963,10.039660118354021,2.300627226276905,1.44e+30
139.6999999999963,10.039507470125239,2.2994054009247598,1.44e+30
139.7999999999963,10.039355099227864,2.2981840337003576,1.44e+30
139.89999999999628,10.039203005203769,2.2969631208282095,1.44e+30
139.99999999999628,10.039051187596337,2.2957426585209384,1.44e+30
140.09999999999627,10.038899645950469,2.294522642979164,1.44e+30
140.19999999999627,10.038748379812567,2.293303070391278,1.44e+30
140.29999999999626,10.038597388730548,2.292083936933353,1.44e+30
140.39999999999625,10.038446672253825,2.2908652387688955,1.44e+30
140.49999999999625,10.038296229933321,2.2896469720487667,1.44e+30
140.59999999999624,10.038146061321454,2.288429132910918,1.44e+30
140.69999999999624,10.037996165972142,2.2872117174803055,1.44e+30
140.79999999999623,10.037846543440798,2.2859947218686503,1.44e+30
140.89999999999623,10.037697193284327,2.284778142174291,1.44e+30
140.99999999999622,10.037548115061126,2.2835619744820104,1.44e+30
141.09999999999621,10.03739930833108,2.282346214862828,1.44e+30
141.1999999999962,10.037250772655565,2.2811308593738615,1.44e+30
141.2999999999962,10.037102507597433,2.279915904058074,1.44e+30
141.3999999999962,10.036954512721028,2.278701344944159,1.44e+30
141.4999999999962,10.03680678759217,2.2774871780463095,1.44e+30
141.5999999999962,10.036659331778159,2.2762733993640416,1.44e+30
141.69999999999618,10.036512144847771,2.2750600048819742,1.44e+30
141.79999999999617,10.036365226371258,2.27384699056966,1.44e+30
141.89999999999617,10.036218575920342,2.2726343523813726,1.44e+30
141.99999999999616,10.036072193068224,2.271422086255935,1.44e+30
142.09999999999616,10.035926077389565,2.2702101881164576,1.44e+30
142.19999999999615,10.0357802284605,2.2689986538701743,1.44e+30
142.29999999999615,10.035634645858627,2.2677874794082324,1.44e+30
142.39999999999614,10.035489329163012,2.266576660605466,1.44e+30
142.49999999999613,10.035344277954179,2.265366193320181,1.44e+30
142.59999999999613,10.035199491814117,2.2641560733939476,1.44e+30
142.69999999999612,10.035054970326273,2.262946296651384,1.44e+30
142.79999999999612,10.034910713075552,2.2617368588999107,1.44e+30
142.8999999999961,10.034766719648317,2.2605277559295573,1.44e+30
142.9999999999961,10.034622989632384,2.2593189835126983,1.44e+30
143.0999999999961,10.034479522617023,2.25811053740385,1.44e+30
143.1999999999961,10.034336318192956,2.2569024133394158,1.44e+30
143.2999999999961,10.03419337595236,2.2556946070374764,1.44e+30
143.39999999999608,10.034050695488856,2.2544871141975293,1.44e+30
143.49999999999608,10.033908276397518,2.2532799305002267,1.44e+30
143.59999999999607,10.033766118274865,2.252073051607168,1.44e+30
143.69999999999607,10.033624220718862,2.250866473160614,1.44e+30
143.79999999999606,10.033482583328919,2.2496601907832727,1.44e+30
143.89999999999606,10.03334120570589,2.2484542000779943,1.44e+30
143.99999999999605,10.033200087452071,2.2472484966275452,1.44e+30
144.09999999999604,10.033059228171203,2.2460430759943426,1.44e+30
144.19999999999604,10.032918627468463,2.2448379337201763,1.44e+30
144.29999999999603,10.03277828495047,2.243633065325916,1.44e+30
144.39999999999603,10.032638200225284,2.2424284663112934,1.44e+30
144.49999999999602,10.032498372902397,2.2412241321545645,1.44e+30
144.59999999999602,10.032358802592746,2.240020058312283,1.44e+30
144.699999999996,10.032219488908698,2.238816240218945,1.44e+30
144.799999999996,10.03208043146406,2.23761267328678,1.44e+30
144.899999999996,10.031941629874071,2.2364093529053863,1.44e+30
144.999999999996,10.031803083755406,2.235206274441469,1.44e+30
145.099999999996,10.031664792726174,2.234003433238528,1.44e+30
145.19999999999598,10.031526756405917,2.23280082461657,1.44e+30
145.29999999999598,10.03138897441561,2.231598443871756,1.44e+30
145.39999999999597,10.03125144637766,2.230396286276139,1.44e+30
145.49999999999596,10.031114171915904,2.2291943470772817,1.44e+30
145.59999999999596,10.030977150655616,2.227992621497999,1.44e+30
145.69999999999595,10.030840382223495,2.22679110473597,1.44e+30
145.79999999999595,10.030703866247675,2.2255897919634537,1.44e+30
145.89999999999594,10.03056760235772,2.2243886783269193,1.44e+30
145.99999999999594,10.030431590184625,2.223187758946706,1.44e+30
146.09999999999593,10.030295829360812,2.221987028916676,1.44e+30
146.19999999999592,10.030160319520137,2.2207864833038755,1.44e+30
146.29999999999592,10.030025060297886,2.2195861171481615,1.44e+30
146.3999999999959,10.029890051330774,2.2183859254618383,1.44e+30
146.4999999999959,10.029755292256949,2.2171859032293013,1.44e+30
146.5999999999959,10.029620782715986,2.2159860454066322,1.44e+30
146.6999999999959,10.029486522348893,2.2147863469212634,1.44e+30
146.7999999999959,10.02935251079811,2.2135868026715566,1.44e+30
146.89999999999588,10.029218747707509,2.2123874075264265,1.44e+30
146.99999999999588,10.02908523272239,2.211188156324939,1.44e+30
147.09999999999587,10.028951965489485,2.2099890438758902,1.44e+30
147.19999999999587,10.028818945656964,2.2087900649574363,1.44e+30
147.29999999999586,10.028686172874425,2.2075912143166447,1.44e+30
147.39999999999586,10.0285536467929,2.2063924866690816,1.44e+30
147.49999999999585,10.02842136706486,2.2051938766983925,1.44e+30
147.59999999999584,10.028289333344206,2.2039953790558617,1.44e+30
147.69999999999584,10.028157545286277,2.202796988359949,1.44e+30
147.79999999999583,10.028026002547847,2.2015986991958783,1.44e+30
147.89999999999583,10.02789470478713,2.20040050611516,1.44e+30
147.99999999999582,10.027763651663774,2.1992024036351037,1.44e+30
148.09999999999582,10.027632842838871,2.198004386238418,1.44e+30
148.1999999999958,10.027502277974952,2.1968064483726617,1.44e+30
148.2999999999958,10.027371956735985,2.195608584449777,1.44e+30
148.3999999999958,10.027241878787388,2.1944107888456363,1.44e+30
148.4999999999958,10.027112043796018,2.1932130558994984,1.44e+30
148.5999999999958,10.026982451430179,2.1920153799135034,1.44e+30
148.69999999999578,10.02685310135962,2.1908177551521746,1.44e+30
148.79999999999578,10.02672399325554,2.189620175841881,1.44e+30
148.89999999999577,10.026595126790589,2.1884226361703227,1.44e+30
148.99999999999577,10.026466501638863,2.187225130285941,1.44e+30
149.09999999999576,10.026338117475914,2.1860276522974154,1.44e+30
149.19999999999575,10.026209973978748,2.184830196273075,1.44e+30
149.29999999999575,10.026082070825828,2.1836327562403564,1.44e+30
149.39999999999574,10.025954407697075,2.182435326185212,1.44e+30
149.49999999999574,10.02582698427387,2.1812379000515016,1.44e+30
149.59999999999573,10.025699800239055,2.180040471740407,1.44e+30
149.69999999999573,10.025572855276938,2.17884303510984,1.44e+30
149.79999999999572,10.025446149073291,2.1776455839738014,1.44e+30
149.8999999999957,10.02531968131536,2.17644811210178,1.44e+30
149.9999999999957,10.025193451691853,2.1752506132180613,1.44e+30
150.0999999999957,10.025067459892961,2.1740530810011345,1.44e+30
150.1999999999957,10.024941705610345,2.1728555090830084,1.44e+30
150.2999999999957,10.024816188537148,2.1716578910485302,1.44e+30
150.39999999999569,10.02469090836799,2.1704602204346948,1.44e+30
150.49999999999568,10.024565864798978,2.1692624907299702,1.44e+30
150.59999999999567,10.024441057527707,2.1680646953735967,1.44e+30
150.69999999999567,10.024316486253257,2.1668668277548218,1.44e+30
150.79999999999566,10.024192150676205,2.165668881212206,1.44e+30
150.89999999999566,10.024068050498622,2.1644708490328624,1.44e+30
150.99999999999565,10.023944185424078,2.1632727244517014,1.44e+30
151.09999999999565,10.023820555157647,2.1620745006506605,1.44e+30
151.19999999999564,10.023697159405906,2.160876170757902,1.44e+30
151.29999999999563,10.023573997876943,2.15967772784703,1.44e+30
151.39999999999563,10.023451070280357,2.158479164936257,1.44e+30
151.49999999999562,10.023328376327267,2.1572804749876076,1.44e+30
151.59999999999562,10.023205915730312,2.156081650906054,1.44e+30
151.6999999999956,10.02308368820365,2.154882685538619,1.44e+30
151.7999999999956,10.022961693462973,2.1536835716735645,1.44e+30
151.8999999999956,10.022839931225501,2.1524843020394577,1.44e+30
151.9999999999956,10.022718401209994,2.151284869304276,1.44e+30
152.0999999999956,10.022597103136752,2.1500852660744907,1.44e+30
152.19999999999558,10.022476036727618,2.1488854848940973,1.44e+30
152.29999999999558,10.022355201705986,2.147685518243683,1.44e+30
152.39999999999557,10.022234597796807,2.146485358539436,1.44e+30
152.49999999999557,10.022114224726588,2.145284998132155,1.44e+30
152.59999999999556,10.021994082223403,2.1440844293062367,1.44e+30
152.69999999999555,10.021874170016892,2.1428836442786134,1.44e+30
152.79999999999555,10.021754487838272,2.141682635197747,1.44e+30
152.89999999999554,10.021635035420342,2.140481394142526,1.44e+30
152.99999999999554,10.021515812497482,2.139279913121164,1.44e+30
153.09999999999553,10.021396818805663,2.1380781840700873,1.44e+30
153.19999999999553,10.021278054082453,2.1368761988528044,1.44e+30
153.29999999999552,10.021159518067025,2.1356739492587646,1.44e+30
153.39999999999552,10.021041210500156,2.1344714270021297,1.44e+30
153.4999999999955,10.02092313112424,2.1332686237205976,1.44e+30
153.5999999999955,10.020805279683291,2.1320655309741796,1.44e+30
153.6999999999955,10.02068765592295,2.130862140243937,1.44e+30
153.7999999999955,10.020570259590492,2.1296584429306877,1.44e+30
153.8999999999955,10.020453090434831,2.128454430353706,1.44e+30
153.99999999999548,10.020336148206528,2.1272500937494128,1.44e+30
154.09999999999548,10.0202194326578,2.1260454242699987,1.44e+30
154.19999999999547,10.020102943542524,2.1248404129820377,1.44e+30
154.29999999999546,10.019986680616245,2.123635050865089,1.44e+30
154.39999999999546,10.019870643636187,2.1224293288102323,1.44e+30
154.49999999999545,10.019754832361254,2.1212232376186058,1.44e+30
154.59999999999545,10.019639246552044,2.120016767999896,1.44e+30
154.69999999999544,10.019523885970855,2.1188099105708282,1.44e+30
154.79999999999544,10.019408750381691,2.1176026558535557,1.44e+30
154.89999999999543,10.019293839550276,2.1163949942741147,1.44e+30
154.99999999999542,10.019179153244053,2.1151869161607237,1.44e+30
155.09999999999542,10.019064691232206,2.113978411742189,1.44e+30
155.1999999999954,10.018950453285656,2.1127694711461444,1.44e+30
155.2999999999954,10.01883643917708,2.1115600843973454,1.44e+30
155.3999999999954,10.018722648680916,2.1103502414158655,1.44e+30
155.4999999999954,10.018609081573368,2.1091399320152937,1.44e+30
155.5999999999954,10.018495737632426,2.107929145900868,1.44e+30
155.69999999999538,10.018382616637869,2.1067178726676046,1.44e+30
155.79999999999538,10.018269718371277,2.1055061017983427,1.44e+30
155.89999999999537,10.018157042616044,2.104293822661771,1.44e+30
155.99999999999537,10.018044589157384,2.1030810245103786,1.44e+30
156.09999999999536,10.017932357782342,2.101867696478404,1.44e+30
156.19999999999536,10.017820348279814,2.10065382757975,1.44e+30
156.29999999999535,10.017708560440546,2.099439406705753,1.44e+30
156.39999999999534,10.017596994057154,2.09822442262302,1.44e+30
156.49999999999534,10.017485648924135,2.097008863971165,1.44e+30
156.59999999999533,10.017374524837875,2.095792719260464,1.44e+30
156.69999999999533,10.017263621596666,2.0945759768695,1.44e+30
156.79999999999532,10.017152939000718,2.093358625042778,1.44e+30
156.89999999999532,10.01704247685217,2.092140651888161,1.44e+30
156.9999999999953,10.016932234955107,2.0909220453744393,1.44e+30
157.0999999999953,10.016822213115567,2.089702793328641,1.44e+30
157.1999999999953,10.016712411141564,2.0884828834334184,1.44e+30
157.2999999999953,10.016602828843094,2.0872623032243443,1.44e+30
157.3999999999953,10.016493466032156,2.0860410400870633,1.44e+30
157.49999999999528,10.016384322522761,2.0848190812545098,1.44e+30
157.59999999999528,10.016275398130954,2.0835964138039547,1.44e+30
157.69999999999527,10.016166692674826,2.0823730246540184,1.44e+30
157.79999999999526,10.016058205974526,2.0811489005615647,1.44e+30
157.89999999999526,10.015949937852284,2.079924028118638,1.44e+30
157.99999999999525,10.015841888132424,2.0786983937491756,1.44e+30
158.09999999999525,10.015734056641385,2.0774719837057596,1.44e+30
158.19999999999524,10.015626443207731,2.0762447840661986,1.44e+30
158.29999999999524,10.015519047662176,2.0750167807300843,1.44e+30
158.39999999999523,10.0154118698376,2.0737879594152524,1.44e+30
158.49999999999523,10.015304909569066,2.0725583056541104,1.44e+30
158.59999999999522,10.015198166693839,2.0713278047898878,1.44e+30
158.6999999999952,10.015091641051411,2.070096441972885,1.44e+30
158.7999999999952,10.014985332483514,2.0688642021564587,1.44e+30
158.8999999999952,10.014879240834142,2.0676310700930207,1.44e+30
158.9999999999952,10.014773365949578,2.066397030329924,1.44e+30
159.0999999999952,10.014667707678406,2.0651620672051774,1.44e+30
159.19999999999519,10.014562265871538,2.063926164843099,1.44e+30
159.29999999999518,10.014457040382238,2.0626893071498733,1.44e+30
159.39999999999517,10.014352031066142,2.0614514778089177,1.44e+30
159.49999999999517,10.014247237781284,2.0602126602762025,1.44e+30
159.59999999999516,10.014142660388114,2.058972837775354,1.44e+30
159.69999999999516,10.01403829874953,2.0577319932927227,1.44e+30
159.79999999999515,10.013934152730897,2.0564901095722474,1.44e+30
159.89999999999515,10.013830222200081,2.0552471691102316,1.44e+30
159.99999999999514,10.013726507027467,2.054003154149926,1.44e+30
160.09999999999513,10.01362300708599,2.0527580466759536,1.44e+30
160.19999999999513,10.013519722251159,2.0515118284086347,1.44e+30
160.29999999999512,10.013416652401093,2.0502644807981176,1.44e+30
160.39999999999512,10.013313797416542,2.049015985018341,1.44e+30
160.4999999999951,10.01321115718092,2.0477663219608084,1.44e+30
160.5999999999951,10.013108731580338,2.046515472228222,1.44e+30
160.6999999999951,10.013006520503628,2.0452634161279004,1.44e+30
160.7999999999951,10.012904523842385,2.0440101336650556,1.44e+30
160.8999999999951,10.01280274149099,2.0427556045357607,1.44e+30
160.99999999999508,10.012701173346649,2.041499808119827,1.44e+30
161.09999999999508,10.012599819309425,2.0402427234734124,1.44e+30
161.19999999999507,10.01249867928228,2.0389843293214476,1.44e+30
161.29999999999507,10.012397753171097,2.037724604049749,1.44e+30
161.39999999999506,10.012297040884734,2.036463525697001,1.44e+30
161.49999999999505,10.01219654233505,2.035201071946402,1.44e+30
161.59999999999505,10.012096257436946,2.033937220117119,1.44e+30
161.69999999999504,10.011996186108412,2.0326719471554373,1.44e+30
161.79999999999504,10.01189632827056,2.0314052296256406,1.44e+30
161.89999999999503,10.011796683847667,2.030137043700618,1.44e+30
161.99999999999503,10.011697252767222,2.028867365152136,1.44e+30
162.09999999999502,10.01159803495997,2.027596169340894,1.44e+30
162.19999999999501,10.011499030359955,2.026323431206138,1.44e+30
162.299999999995,10.011400238904567,2.02504912525501,1.44e+30
162.399999999995,10.011301660534592,2.0237732255515346,1.44e+30
162.499999999995,10.01120329519426,2.022495705705274,1.44e+30
162.599999999995,10.011105142831296,2.021216538859519,1.44e+30
162.699999999995,10.011007203396971,2.0199356976792107,1.44e+30
162.79999999999498,10.010909476846157,2.018653154338318,1.44e+30
162.89999999999498,10.010811963137382,2.017368880506957,1.44e+30
162.99999999999497,10.010714662232882,2.016082847337864,1.44e+30
163.09999999999496,10.010617574098667,2.0147950254526155,1.44e+30
163.19999999999496,10.010520698704575,2.0135053849272126,1.44e+30
163.29999999999495,10.010424036024332,2.0122138952772284,1.44e+30
163.39999999999495,10.010327586035624,2.0109205254424607,1.44e+30
163.49999999999494,10.010231348720147,2.009625243770921,1.44e+30
163.59999999999494,10.01013532406369,2.0083280180024397,1.44e+30
163.69999999999493,10.010039512056192,2.0070288152515117,1.44e+30
163.79999999999492,10.00994391269182,2.0057276019896095,1.44e+30
163.89999999999492,10.009848525969037,2.004424344026776,1.44e+30
163.9999999999949,10.009753351890678,2.0031190064926503,1.44e+30
164.0999999999949,10.009658390464029,2.0018115538166588,1.44e+30
164.1999999999949,10.009563641700906,2.00050194970758,1.44e+30
164.2999999999949,10.009469105617736,1.9991901571322515,1.44e+30
164.3999999999949,10.009374782235643,1.9978761382934755,1.44e+30
164.49999999999488,10.009280671580534,1.996559854607141,1.44e+30
164.59999999999488,10.009186773683188,1.9952412666783412,1.44e+30
164.69999999999487,10.009093088579352,1.9939203342766667,1.44e+30
164.79999999999487,10.008999616309833,1.992597016310479,1.44e+30
164.89999999999486,10.0089063569206,1.9912712708001403,1.44e+30
164.99999999999486,10.00881331046288,1.9899430548501476,1.44e+30
165.09999999999485,10.008720476993272,1.988612324620211,1.44e+30
165.19999999999484,10.008627856573847,1.9872790352951015,1.44e+30
165.29999999999484,10.008535449272266,1.985943141053221,1.44e+30
165.39999999999483,10.00844325516189,1.9846045950338869,1.44e+30
165.49999999999483,10.008351274321907,1.9832633493033078,1.44e+30
165.59999999999482,10.008259506837453,1.9819193548190008,1.44e+30
165.69999999999482,10.008167952799734,1.9805725613926697,1.44e+30
165.7999999999948,10.008076612306171,1.9792229176516454,1.44e+30
165.8999999999948,10.007985485460523,1.9778703709984073,1.44e+30
165.9999999999948,10.007894572373038,1.9765148675684843,1.44e+30
166.0999999999948,10.007803873160597,1.9751563521863968,1.44e+30
166.1999999999948,10.007713387946868,1.9737947683196646,1.44e+30
166.29999999999478,10.00762311686246,1.972430058030608,1.44e+30
166.39999999999478,10.00753306004509,1.971062161926086,1.44e+30
166.49999999999477,10.007443217639748,1.9696910191047439,1.44e+30
166.59999999999476,10.00735358979888,1.9683165671018785,1.44e+30
166.69999999999476,10.007264176682563,1.9669387418316588,1.44e+30
166.79999999999475,10.007174978458696,1.96555747752652,1.44e+30
166.89999999999475,10.007085995303198,1.964172706673665,1.44e+30
166.99999999999474,10.00699722740021,1.9627843599484667,1.44e+30
167.09999999999474,10.006908674942311,1.9613923661444954,1.44e+30
167.19999999999473,10.006820338130733,1.9599966521001209,1.44e+30
167.29999999999472,10.006732217175593,1.9585971426212196,1.44e+30
167.39999999999472,10.00664431229613,1.9571937604001601,1.44e+30
167.4999999999947,10.006556623720957,1.9557864259303614,1.44e+30
167.5999999999947,10.006469151688316,1.9543750574164533,1.44e+30
167.6999999999947,10.006381896446346,1.95295957067962,1.44e+30
167.7999999999947,10.006294858253364,1.9515398790578657,1.44e+30
167.8999999999947,10.006208037378162,1.9501158933008769,1.44e+30
167.99999999999469,10.00612143410031,1.9486875214590451,1.44e+30
168.09999999999468,10.00603504871047,1.947254668766186,1.44e+30
168.19999999999467,10.005948881510733,1.945817237515827,1.44e+30
168.29999999999467,10.00586293281497,1.9443751269302696,1.44e+30
168.39999999999466,10.00577720294919,1.9429282330220217,1.44e+30
168.49999999999466,10.005691692251919,1.9414764484471498,1.44e+30
168.59999999999465,10.005606401074603,1.9400196623498898,1.44e+30
168.69999999999465,10.005521329782026,1.9385577601978112,1.44e+30
168.79999999999464,10.005436478752737,1.9370906236068466,1.44e+30
168.89999999999463,10.005351848379519,1.9356181301556046,1.44e+30
168.99999999999463,10.005267439069861,1.9341401531877724,1.44e+30
169.09999999999462,10.005183251246471,1.932656561602124,1.44e+30
169.19999999999462,10.005099285347798,1.9311672196286775,1.44e+30
169.2999999999946,10.005015541828593,1.929671986590269,1.44e+30
169.3999999999946,10.004932021160492,1.9281707166481263,1.44e+30
169.4999999999946,10.004848723832641,1.926663258530304,1.44e+30
169.5999999999946,10.004765650352335,1.9251494552411967,1.44e+30
169.6999999999946,10.00468280124571,1.9236291437509692,1.44e+30
169.79999999999458,10.004600177058471,1.922102154662801,1.44e+30
169.89999999999458,10.004517778356645,1.9205683118560695,1.44e+30
169.99999999999457,10.004435605727398,1.9190274321034202,1.44e+30
170.09999999999457,10.004353659779886,1.917479324659171,1.44e+30
170.19999999999456,10.004271941146161,1.9159237908165565,1.44e+30
170.29999999999455,10.004190450482131,1.914360623430685,1.44e+30
170.39999999999455,10.004109188468576,1.9127896064040322,1.44e+30
170.49999999999454,10.004028155812229,1.911210514130779,1.44e+30
170.59999999999454,10.003947353246932,1.9096231108959196,1.44e+30
170.69999999999453,10.003866781534851,1.9080271502242887,1.44e+30
170.79999999999453,10.003786441467785,1.9064223741747683,1.44e+30
170.89999999999452,10.003706333868555,1.9048085125735177,1.44e+30
170.99999999999451,10.003626459592493,1.903185282179726,1.44e+30
171.0999999999945,10.003546819529024,1.9015523857765906,1.44e+30
171.1999999999945,10.003467414603378,1.8999095111790787,1.44e+30
171.2999999999945,10.003388245778407,1.8982563301488748,1.44e+30
171.3999999999945,10.003309314056546,1.8965924972056663,1.44e+30
171.4999999999945,10.00323062048192,1.8949176483224368,1.44e+30
171.59999999999448,10.00315216614262,1.89323139949069,1.44e+30
171.69999999999447,10.003073952173143,1.8915333451389618,1.44e+30
171.79999999999447,10.002995979757044,1.889823056386189,1.44e+30
171.89999999999446,10.0029182501298,1.888100079108195,1.44e+30
171.99999999999446,10.00284076458192,1.886363931792088,1.44e+30
172.09999999999445,10.002763524462315,1.8846141031493837,1.44e+30
172.19999999999445,10.002686531181984,1.8828500494539326,1.44e+30
172.29999999999444,10.00260978621802,1.8810711915642575,1.44e+30
172.39999999999444,10.002533291117999,1.8792769115837573,1.44e+30
172.49999999999443,10.002457047504796,1.877466549103062,1.44e+30
172.59999999999442,10.00238105708187,1.8756393969582805,1.44e+30
172.69999999999442,10.002305321639083,1.8737946964269072,1.44e+30
172.7999999999944,10.00222984305915,1.8719316317670756,1.44e+30
172.8999999999944,10.002154623324763,1.8700493239864522,1.44e+30
172.9999999999944,10.002079664526534,1.8681468237033358,1.44e+30
173.0999999999944,10.002004968871828,1.8662231029323104,1.44e+30
173.1999999999944,10.001930538694683,1.8642770455890092,1.44e+30
173.29999999999438,10.001856376466929,1.8623074364600236,1.44e+30
173.39999999999438,10.001782484810747,1.860312948322384,1.44e+30
173.49999999999437,10.001708866512901,1.8582921268172419,1.44e+30
173.59999999999437,10.001635524540943,1.856243372577865,1.44e+30
173.69999999999436,10.001562462061742,1.8541649199747532,1.44e+30
173.79999999999436,10.001489682462827,1.852054811658156,1.44e+30
173.89999999999435,10.001417189377067,1.849910867830877,1.44e+30
173.99999999999434,10.001344986711443,1.8477306488492942,1.44e+30
174.09999999999434,10.001273078680793,1.8455114092834437,1.44e+30
174.19999999999433,10.001201469847715,1.8432500409148262,1.44e+30
174.29999999999433,10.00113016517016,1.8409430012172951,1.44e+30
174.39999999999432,10.001059170058738,1.8385862225093095,1.44e+30
174.49999999999432,10.000988490446446,1.8361749949536688,1.44e+30
174.5999999999943,10.000918132874544,1.8337038135267203,1.44e+30
174.6999999999943,10.000848104599754,1.8311661743253178,1.44e+30
174.7999999999943,10.000778413730137,1.82855429796633,1.44e+30
174.8999999999943,10.000709069400408,1.8258587452319728,1.44e+30
174.9999999999943,10.000640082002866,1.8230678684533634,1.44e+30
175.09999999999428,10.00057146349904,1.8201670032061894,1.44e+30
175.19999999999428,10.00050322785274,1.8171372312084697,1.44e+30
175.29999999999427,10.000435391653552,1.8139533966896937,1.44e+30
175.39999999999426,10.000367975055468,1.8105807344014533,1.44e+30
175.49999999999426,10.000301003273256,1.8069686869331831,1.44e+30
175.59999999999425,10.000234509159307,1.8030383455276109,1.44e+30
175.69999999999425,10.000168538157677,1.7986528675510003,1.44e+30
175.79999999999424,10.000103159633616,1.7935290166731779,1.44e+30
175.89999999999424,10.000038503208227,1.7868046404578568,1.44e+30
175.99999999999423,10.0,1.7782794100389228,1.44e+30
