Time,Mass,Radius,Lx
23.0,14.63349375081365,8.74,1.3e+30
24.0,14.628784574445115,8.705111947586486,1.3e+30
25.0,14.624136610385612,8.67174332466573,1.3e+30
26.0,14.619546662283037,8.639769449739877,1.3e+30
27.0,14.615011818143554,8.609080205522202,1.3e+30
28.0,14.610529415445692,8.57957786935251,1.3e+30
29.0,14.606097011625568,8.551175331632503,1.3e+30
30.0,14.601712358949893,8.523794622080745,1.3e+30
31.0,14.597373383000159,8.497365682270159,1.3e+30
32.0,14.593078164149468,8.471825336776664,1.3e+30
33.0,14.588824921535354,8.447116425678137,1.3e+30
34.0,14.58461199912696,8.423187069037212,1.3e+30
35.0,14.580437853559387,8.39999004004265,1.3e+30
36.0,14.576301043467089,8.37748222814738,1.3e+30
37.0,14.572200220095121,8.35562417717002,1.3e+30
38.0,14.568134119004814,8.334379686171864,1.3e+30
39.0,14.564101552720876,8.313715463168124,1.3e+30
40.0,14.560101404191702,8.293600823518332,1.3e+30
41.0,14.556132620954893,8.274007426269986,1.3e+30
42.0,14.552194209916605,8.254909042879685,1.3e+30
43.0,14.548285232667086,8.236281353667097,1.3e+30
44.0,14.544404801266154,8.2181017681149,1.3e+30
45.0,14.540552074441878,8.200349265747704,1.3e+30
46.0,14.536726254153663,8.183004254832575,1.3e+30
47.0,14.532926582477659,8.16604844656455,1.3e+30
48.0,14.529152338778054,8.149464742749718,1.3e+30
49.0,14.525402837132608,8.133237135289182,1.3e+30
50.0,14.521677423984837,8.117350616010542,1.3e+30
51.0,14.5179754759988,8.10179109559774,1.3e+30
52.0,14.514296398095336,8.086545330542211,1.3e+30
53.0,14.510639621651247,8.071600857183967,1.3e+30
54.0,14.50700460284506,8.056945932034694,1.3e+30
55.0,14.503390821134955,8.042569477680194,1.3e+30
56.0,14.499797777856106,8.028461033649341,1.3e+30
57.0,14.496224994926065,8.01461071171369,1.3e+30
58.0,14.492672013648153,8.001009155148004,1.3e+30
59.0,14.489138393603863,7.987647501538978,1.3e+30
60.0,14.485623711626246,7.974517348778621,1.3e+30
61.0,14.482127560847136,7.961610723921417,1.3e+30
62.0,14.478649549811744,7.948920054621441,1.3e+30
63.0,14.475189301654886,7.936438142897785,1.3e+30
64.0,14.471746453333616,7.924158141004762,1.3e+30
65.0,14.468320654911583,7.912073529208044,1.3e+30
66.0,14.464911568890908,7.900178095289297,1.3e+30
67.0,14.46151886958772,7.888465915620927,1.3e+30
68.0,14.458142242547913,7.8769313376691095,1.3e+30
69.0,14.454781383999968,7.865568963798058,1.3e+30
70.0,14.451436000341996,7.8543736362613785,1.3e+30
71.0,14.448105807660383,7.843340423277866,1.3e+30
72.0,14.4447905312777,7.832464606099343,1.3e+30
73.0,14.441489905327694,7.821741666987112,1.3e+30
74.0,14.438203672355401,7.811167278021662,1.3e+30
75.0,14.434931582940573,7.800737290677484,1.3e+30
76.0,14.431673395342763,7.790447726101229,1.3e+30
77.0,14.428428875166562,7.780294766037144,1.3e+30
78.0,14.42519779504559,7.770274744348935,1.3e+30
79.0,14.42197993434397,7.7603841390916894,1.3e+30
80.0,14.418775078874097,7.750619565091743,1.3e+30
81.0,14.415583020629633,7.740977766996,1.3e+30
82.0,14.412403557532722,7.731455612755624,1.3e+30
83.0,14.409236493194499,7.7220500875119935,1.3e+30
84.0,14.406081636688054,7.712758287855575,1.3e+30
85.0,14.402938802333054,7.703577416430816,1.3e+30
86.0,14.399807809491293,7.694504776862399,1.3e+30
87.0,14.396688482372499,7.68553776898019,1.3e+30
88.0,14.393580649849774,7.676673884322124,1.3e+30
89.0,14.390484145284073,7.667910701895849,1.3e+30
90.0,14.387398806357204,7.659245884181525,1.3e+30
91.0,14.384324474912814,7.650677173359549,1.3e+30
92.0,14.38126099680493,7.642202387748203,1.3e+30
93.0,14.378208221753589,7.633819418437426,1.3e+30
94.0,14.375166003207177,7.625526226105897,1.3e+30
95.0,14.372134198211075,7.61732083800964,1.3e+30
96.0,14.36911266728227,7.6092013451311615,1.3e+30
97.0,14.366101274289605,7.601165899479055,1.3e+30
98.0,14.363099886339349,7.593212711528581,1.3e+30
99.0,14.360108373665811,7.585340047794588,1.3e+30
100.0,14.357126609526713,7.577546228528599,1.3e+30
101.0,14.354154470103074,7.569829625532581,1.3e+30
102.0,14.351191834403378,7.562188660082375,1.3e+30
103.0,14.348238584171792,7.554621800954276,1.3e+30
104.0,14.34529460380022,7.547127562548669,1.3e+30
105.0,14.34235978024401,7.539704503105096,1.3e+30
106.0,14.33943400294113,7.532351223003452,1.3e+30
107.0,14.33651716373462,7.525066363146383,1.3e+30
108.0,14.333609156798175,7.51784860341829,1.3e+30
109.0,14.330709878564708,7.510696661216636,1.3e+30
110.0,14.327819227657722,7.503609290051532,1.3e+30
111.0,14.324937104825391,7.4965852782098334,1.3e+30
112.0,14.322063412877192,7.489623447480243,1.3e+30
113.0,14.319198056622977,7.482722651936074,1.3e+30
114.0,14.316340942814376,7.4758817767726224,1.3e+30
115.0,14.313491980088413,7.4690997371962276,1.3e+30
116.0,14.310651078913233,7.4623754773622775,1.3e+30
117.0,14.307818151535855,7.455707969359624,1.3e+30
118.0,14.304993111931845,7.449096212238995,1.3e+30
119.0,14.302175875756829,7.4425392310831295,1.3e+30
120.0,14.299366360299764,7.436036076116519,1.3e+30
121.0,14.296564484437887,7.429585821852758,1.3e+30
122.0,14.293770168593275,7.423187566277614,1.3e+30
123.0,14.290983334690926,7.416840430066021,1.3e+30
124.0,14.288203906118333,7.410543555831371,1.3e+30
125.0,14.285431807686441,7.404296107405452,1.3e+30
126.0,14.282666965591961,7.3980972691476286,1.3e+30
127.0,14.279909307380976,7.391946245281787,1.3e+30
128.0,14.277158761913778,7.385842259259748,1.3e+30
129.0,14.274415259330892,7.379784553149909,1.3e+30
130.0,14.271678731020232,7.37377238704989,1.3e+30
131.0,14.268949109585353,7.367805038522089,1.3e+30
132.0,14.266226328814744,7.361881802051094,1.3e+30
133.0,14.263510323652119,7.356001988521909,1.3e+30
134.0,14.260801030167682,7.350164924718083,1.3e+30
135.0,14.258098385530309,7.344369952838832,1.3e+30
136.0,14.255402327980617,7.338616430034275,1.3e+30
137.0,14.252712796804897,7.332903727958023,1.3e+30
138.0,14.250029732309851,7.327231232336292,1.3e+30
139.0,14.247353075798138,7.321598342552862,1.3e+30
140.0,14.24468276954466,7.316004471249197,1.3e+30
141.0,14.242018756773591,7.310449043938988,1.3e+30
142.0,14.239360981636102,7.304931498636623,1.3e+30
143.0,14.236709389188762,7.29945128549887,1.3e+30
144.0,14.234063925372595,7.2940078664792996,1.3e+30
145.0,14.231424536992762,7.288600714994839,1.3e+30
146.0,14.228791171698843,7.283229315604027,1.3e+30
147.0,14.226163777965708,7.277893163696412,1.3e+30
148.0,14.223542305074938,7.272591765192665,1.3e+30
149.0,14.220926703096808,7.267324636254992,1.3e+30
150.0,14.218316922872763,7.262091303007363,1.3e+30
151.0,14.215712915998422,7.256891301265224,1.3e+30
152.0,14.213114634807054,7.251724176274282,1.3e+30
153.0,14.210522032353529,7.246589482457992,1.3e+30
154.0,14.207935062398713,7.241486783173427,1.3e+30
155.0,14.205353679394312,7.236415650475164,1.3e+30
156.0,14.202777838468124,7.231375664886922,1.3e+30
157.0,14.200207495409712,7.226366415180603,1.3e+30
158.0,14.197642606656455,7.221387498162475,1.3e+30
159.0,14.195083129279997,7.2164385184662105,1.3e+30
160.0,14.192529020973048,7.211519088352537,1.3e+30
161.0,14.18998024003655,7.206628827515232,1.3e+30
162.0,14.18743674536718,7.201767362893214,1.3e+30
163.0,14.184898496445195,7.196934328488545,1.3e+30
164.0,14.182365453322587,7.192129365190063,1.3e+30
165.0,14.179837576611558,7.18735212060248,1.3e+30
166.0,14.177314827473287,7.182602248880743,1.3e+30
167.0,14.174797167607005,7.177879410569441,1.3e+30
168.0,14.172284559239332,7.173183272447092,1.3e+30
169.0,14.169776965113897,7.1685135073751205,1.3e+30
170.0,14.167274348481229,7.163869794151388,1.3e+30
171.0,14.164776673088891,7.159251817368075,1.3e+30
172.0,14.162283903171875,7.1546592672737805,1.3e+30
173.0,14.15979600344323,7.1500918396396855,1.3e+30
174.0,14.157312939084921,7.145549235629645,1.3e+30
175.0,14.154834675738929,7.141031161674071,1.3e+30
176.0,14.152361179498548,7.136537329347439,1.3e+30
177.0,14.149892416899919,7.132067455249372,1.3e+30
178.0,14.147428354913748,7.127621260889084,1.3e+30
179.0,14.144968960937243,7.123198472573156,1.3e+30
180.0,14.142514202786233,7.118798821296453,1.3e+30
181.0,14.140064048687478,7.114422042636143,1.3e+30
182.0,14.137618467271167,7.110067876648671,1.3e+30
183.0,14.13517742756359,7.105736067769611,1.3e+30
184.0,14.13274089897998,7.101426364716286,1.3e+30
185.0,14.130308851317528,7.09713852039307,1.3e+30
186.0,14.127881254748557,7.092872291799301,1.3e+30
187.0,14.125458079813855,7.088627439939682,1.3e+30
188.0,14.123039297416167,7.084403729737135,1.3e+30
189.0,14.12062487881382,7.080200929947978,1.3e+30
190.0,14.118214795614515,7.0760188130794095,1.3e+30
191.0,14.115809019769245,7.071857155309168,1.3e+30
192.0,14.113407523566352,7.067715736407338,1.3e+30
193.0,14.111010279625726,7.063594339660222,1.3e+30
194.0,14.108617260893118,7.059492751796203,1.3e+30
195.0,14.106228440634599,7.0554107629135565,1.3e+30
196.0,14.103843792431121,7.051348166410127,1.3e+30
197.0,14.101463290173216,7.047304758914839,1.3e+30
198.0,14.099086908055797,7.043280340220951,1.3e+30
199.0,14.09671462057308,7.039274713221046,1.3e+30
200.0,14.09434640251361,7.035287683843645,1.3e+30
201.0,14.091982228955402,7.031319060991457,1.3e+30
202.0,14.089622075261179,7.027368656481169,1.3e+30
203.0,14.087265917073717,7.023436284984765,1.3e+30
204.0,14.084913730311282,7.0195217639722784,1.3e+30
205.0,14.08256549116317,7.015624913656005,1.3e+30
206.0,14.080221176085336,7.01174555693607,1.3e+30
207.0,14.077880761796123,7.007883519347349,1.3e+30
208.0,14.075544225272067,7.004038629007681,1.3e+30
209.0,14.073211543743794,7.000210716567345,1.3e+30
210.0,14.070882694692008,6.996399615159769,1.3e+30
211.0,14.068557655843554,6.992605160353412,1.3e+30
212.0,14.066236405167563,6.988827190104834,1.3e+30
213.0,14.063918920871679,6.98506554471285,1.3e+30
214.0,14.061605181398352,6.981320066773801,1.3e+30
215.0,14.059295165421222,6.97759060113788,1.3e+30
216.0,14.056988851841558,6.97387699486649,1.3e+30
217.0,14.054686219784783,6.970179097190579,1.3e+30
218.0,14.052387248597055,6.966496759469994,1.3e+30
219.0,14.050091917841927,6.962829835153732,1.3e+30
220.0,14.047800207297065,6.959178179741151,1.3e+30
221.0,14.04551209695103,6.955541650744051,1.3e+30
222.0,14.043227567000134,6.9519201076496255,1.3e+30
223.0,14.040946597845338,6.948313411884278,1.3e+30
224.0,14.038669170089225,6.944721426778235,1.3e+30
225.0,14.036395264533029,6.941144017530982,1.3e+30
226.0,14.034124862173716,6.9375810511774745,1.3e+30
227.0,14.031857944201121,6.934032396555086,1.3e+30
228.0,14.029594491995145,6.930497924271327,1.3e+30
229.0,14.027334487122996,6.926977506672252,1.3e+30
230.0,14.025077911336496,6.923471017811593,1.3e+30
231.0,14.02282474656942,6.91997833342055,1.3e+30
232.0,14.0205749749349,6.916499330878258,1.3e+30
233.0,14.018328578722873,6.913033889182891,1.3e+30
234.0,14.016085540397563,6.909581888923405,1.3e+30
235.0,14.013845842595039,6.906143212251889,1.3e+30
236.0,14.011609468120783,6.902717742856499,1.3e+30
237.0,14.009376399947328,6.899305365935005,1.3e+30
238.0,14.007146621211929,6.895905968168869,1.3e+30
239.0,14.004920115214274,6.892519437697896,1.3e+30
240.0,14.002696865414242,6.889145664095414,1.3e+30
241.0,14.000489172722016,6.885790221775913,1.2844672346620165e+30
242.0,13.998309036231532,6.882458550453002,1.269183229129245e+30
243.0,13.996155994219558,6.879150342905236,1.2541429960944086e+30
244.0,13.99402959465929,6.875865297405991,1.2393416681912428e+30
245.0,13.99192939497591,6.872603117601209,1.224774494634076e+30
246.0,13.98985496180933,6.8693635123903345,1.2104368379647861e+30
247.0,13.987805870783859,6.866146195810373,1.1963241709032838e+30
248.0,13.985781706284603,6.862950886922949,1.1824320732978219e+30
249.0,13.983782061240328,6.859777309704295,1.1687562291715844e+30
250.0,13.98180653691261,6.856625192938109,1.1552924238621415e+30
251.0,13.979854742691035,6.853494270111121,1.142036541250493e+30
252.0,13.977926295894287,6.8503842793113865,1.1289845610765539e+30
253.0,13.976020821576881,6.847294963129137,1.1161325563380528e+30
254.0,13.97413795234141,6.844226068560179,1.1034766907699375e+30
255.0,13.97227732815609,6.841177346911724,1.0910132164014872e+30
256.0,13.970438596177457,6.838148553710621,1.0787384711884467e+30
257.0,13.968621410578024,6.835139448613868,1.066648876717594e+30
258.0,13.966825432378762,6.832149795321387,1.0547409359812557e+30
259.0,13.965050329286255,6.829179361490974,1.043011231219377e+30
260.0,13.963295775534345,6.8262279186553645,1.0314564218268452e+30
261.0,13.961561451730171,6.823295242141354,1.0200732423238525e+30
262.0,13.959847044704428,6.820381110990912,1.0088585003871654e+30
263.0,13.958152247365735,6.817485307884253,9.97809074940249e+29
264.0,13.956476758558972,6.814607619064779,9.86921914300273e+29
265.0,13.954820282927473,6.811747834265859,9.76194034380097e+29
266.0,13.953182530778934,6.808905746639397,9.656225169434025e+29
267.0,13.951563217954956,6.806081152686129,9.552045079112098e+29
268.0,13.949962065704078,6.803273852187607,9.449372157180817e+29
269.0,13.94837880055821,6.80048364813981,9.348179097163752e+29
270.0,13.946813154212359,6.797710346688369,9.248439186269674e+29
271.0,13.945264863407548,6.79495375706532,9.150126290349335e+29
272.0,13.943733669816831,6.792213691527381,9.053214839287144e+29
273.0,13.94221931993431,6.789489965295674,8.957679812813632e+29
274.0,13.940721564967063,6.7867823964968945,8.863496726725061e+29
275.0,13.939240160729904,6.78409080610586,8.770641619497121e+29
276.0,13.937774867542867,6.781415017889392,8.67909103928e+29
277.0,13.936325450131374,6.778754858351546,8.588822031262668e+29
278.0,13.93489167752896,6.7761101566800725,8.499812125394603e+29
279.0,13.933473322982517,6.773480744694174,8.412039324453583e+29
280.0,13.932070163859963,6.770866456793421,8.325482092448627e+29
281.0,13.930681981560278,6.768267129907885,8.240119343347493e+29
282.0,13.929308561425815,6.765682603449406,8.155930430118526e+29
283.0,13.927949692656853,6.7631127192639635,8.072895134077068e+29
284.0,13.9266051682283,6.7605573215851535,7.990993654526835e+29
285.0,13.925274784808495,6.758016256988718,7.91020659868719e+29
286.0,13.923958342680056,6.755489374348091,7.830514971897375e+29
287.0,13.922655645662683,6.7529765247909825,7.751900168089198e+29
288.0,13.921366501037914,6.750477561656902,7.674343960519892e+29
289.0,13.920090719475732,6.747992340455664,7.597828492757175e+29
290.0,13.918828114962984,6.7455207188268,7.522336269908814e+29
291.0,13.917578504733575,6.743062556499892,7.447850150089217e+29
292.0,13.916341709200365,6.74061771525578,7.374353336115894e+29
293.0,13.915117551888741,6.738186058888621,7.301829367428829e+29
294.0,13.913905859371802,6.735767453168801,7.230262112226009e+29
295.0,13.912706461207122,6.733361765806643,7.159635759808663e+29
296.0,13.911519189875046,6.73096886641693,7.089934813129903e+29
297.0,13.910343880718465,6.728588626484182,7.021144081540704e+29
298.0,13.909180371884046,6.726220919328702,6.953248673727363e+29
299.0,13.908028504264873,6.723865620073365,6.886233990834747e+29
300.0,13.90688812144445,6.7215226056110975,6.820085719769847e+29
301.0,13.905759069642032,6.719191754573087,6.754789826680338e+29
302.0,13.904641197659274,6.716872947297656,6.690332550602994e+29
303.0,13.903534356828104,6.714566065799808,6.626700397277004e+29
304.0,13.902438400959861,6.712270993741429,6.563880133117363e+29
305.0,13.901353186295601,6.709987616402097,6.501858779343712e+29
306.0,13.900278571457577,6.7077158206505505,6.440623606260096e+29
307.0,13.899214417401836,6.7054554949167215,6.380162127681303e+29
308.0,13.89816058737194,6.70320652916438,6.320462095501564e+29
318.0,13.88816156890191,6.681318506768557,5.762806763108028e+29
328.0,13.879059890276244,6.660455867765764,5.26940316887952e+29
338.0,13.87075033372682,6.640530163426213,4.831214541589632e+29
348.0,13.863142747969299,6.6214635555942145,4.4406919939980284e+29
358.0,13.85615952176457,6.603187236535675,4.0914957841135555e+29
368.0,13.849733539625806,6.585640124375439,3.778274784025233e+29
378.0,13.843806517094873,6.5687677797472155,3.496490815189784e+29
388.0,13.838327636963346,6.552521501144465,3.2422778249385746e+29
398.0,13.833252425701199,6.536857565508566,3.0123283096989795e+29
408.0,13.828541822828461,6.521736587540266,2.8038011877968405e+29
418.0,13.824161406192992,6.507122976595676,2.614246664676372e+29
428.0,13.820080743941002,6.492984474213097,2.4415446401191625e+29
438.0,13.81627284999399,6.479291758596231,2.283853969013221e+29
448.0,13.812713724520496,6.466018104964373,2.139570467971186e+29
458.0,13.809381964540176,6.453139092729648,2.007292005672509e+29
468.0,13.806258432663624,6.4406323520958,1.8857893588377273e+29
478.0,13.803325974235404,6.428477343982673,1.7739817829795704e+29
488.0,13.800569174946137,6.416655168236099,1.6709164558555357e+29
498.0,13.797974152415565,6.405148395937161,1.575751115555257e+29
508.0,13.795528376401174,6.393940922319874,1.4877393446727714e+29
518.0,13.79322051321644,6.383017837374215,1.4062180548081684e+29
528.0,13.791040290695902,6.372365311677463,1.330596807622469e+29
538.0,13.788978380657117,6.361970495380872,1.2603486743516262e+29
548.0,13.787026296310403,6.351821428596482,1.1950023885440141e+29
558.0,13.785176302478288,6.341906961692802,1.1341355895059297e+29
568.0,13.78342133682511,6.332216684228179,1.0773689886077213e+29
578.0,13.781754940577182,6.322740861434722,1.0243613188479524e+29
588.0,13.780171197446236,6.313470377320327,9.748049511721087e+28
598.0,13.778664679662366,6.304396683586489,9.28422080002395e+28
608.0,13.777230400184257,6.295511753669697,8.849613960527794e+28
618.0,13.775863770290057,6.286808041307475,8.44195177411691e+28
628.0,13.77456056186616,6.278278443109562,8.059167405787701e+28
638.0,13.773316873807236,6.269916264682205,7.69938202046413e+28
648.0,13.772129102022134,6.2617151899116585,7.360885084468836e+28
658.0,13.770993912609253,6.253669253062348,7.042116995039851e+28
668.0,13.769908217823536,6.245772813388056,6.741653732472936e+28
678.0,13.768869154507323,6.238020531991065,6.45819327339523e+28
688.0,13.767874064699965,6.230407350696174,6.190543540745241e+28
698.0,13.766920478177802,6.222928472733866,5.937611697399347e+28
708.0,13.766006096707512,6.215579345050941,5.698394616990736e+28
718.0,13.765128779822994,6.20835564208766,5.471970388090858e+28
728.0,13.764286531959273,6.201253250878636,5.257490727207628e+28
738.0,13.763477490797179,6.194268257350526,5.054174192529997e+28
748.0,13.762699916690066,6.187396933703539,4.86130010445587e+28
758.0,13.76195218305904,6.18063572677587,4.6782030910464125e+28
768.0,13.761232767656441,6.17398124730099,4.504268186960552e+28
778.0,13.76054024460883,6.167430259977074,4.338926423394895e+28
788.0,13.759873277160878,6.160979674276316,4.18165085430079e+28
798.0,13.759230611050308,6.1546265359290295,4.031952970852318e+28
808.0,13.75861106845184,6.148368019024277,3.889379461948381e+28
818.0,13.758013542434856,6.142201418674228,3.7535092835770062e+28
828.0,13.757436991885479,6.136124144194861,3.62395100425913e+28
838.0,13.756880436849041,6.130133712760074,3.5003403976142635e+28
848.0,13.756342954253551,6.124227743490371,3.382338256429955e+28
858.0,13.755823673978893,6.118403951940989,3.269628405537244e+28
868.0,13.755321775240114,6.112660144957555,3.161915893352262e+28
878.0,13.754836483256382,6.10699421587028,3.058925344188253e+28
888.0,13.75436706618008,6.101404140000371,2.960399455414097e+28
898.0,13.753912832263024,6.095887970454635,2.8660976252707234e+28
908.0,13.753473127239065,6.09044383418642,2.7757946986860805e+28
918.0,13.753047331904362,6.085069928302904,2.6892798197791014e+28
928.0,13.752634859878428,6.079764516600509,2.606355380936134e+28
938.0,13.752235155530627,6.074525926311734,2.526836059399152e+28
948.0,13.751847692058284,6.069352545048121,2.450547933240928e+28
958.0,13.751471969703843,6.064242817925324,2.3773276694328016e+28
968.0,13.751107514099669,6.0591952448574755,2.3070217774486685e+28
978.0,13.750753874730137,6.054208378008944,2.239485922505422e+28
988.0,13.75041062350159,6.04928081939271,2.1745842931249804e+28
998.0,13.750077353411585,6.044411218605282,2.1121890182247567e+28
1008.0,13.749752391021914,6.039597727160537,2.0737187673396375e+28
1018.0,13.749433043657305,6.03483810401703,2.0416147027501425e+28
1028.0,13.749119034476715,6.030131164867347,2.0103142425039032e+28
1038.0,13.748810223073345,6.025475815391523,1.979789744622415e+28
1048.0,13.748506474049234,6.020870994389037,1.9500147719147803e+28
1058.0,13.748207656790607,6.016315672468478,1.920964028605782e+28
1068.0,13.747913645255302,6.011808850800978,1.8926133008579169e+28
1078.0,13.74762431777156,6.007349559933788,1.8649394009143313e+28
1088.0,13.747339556847432,6.002936858660499,1.83792011461104e+28
1098.0,13.747059248990173,5.998569832944758,1.8115341520264498e+28
1108.0,13.746783284535011,5.994247594894459,1.785761101054102e+28
1118.0,13.746511557482725,5.989969281783594,1.7605813837009614e+28
1128.0,13.74624396534549,5.985734055119174,1.7359762149285441e+28
1138.0,13.745980409000525,5.981541099750732,1.7119275638679534e+28
1148.0,13.74572079255106,5.977389623020118,1.6884181172524573e+28
1158.0,13.745465023194203,5.973278853949415,1.6654312449228158e+28
1168.0,13.745213011095327,5.9692080424650005,1.6429509672711683e+28
1178.0,13.744964669268562,5.965176458655751,1.620961924499045e+28
1188.0,13.744719913463088,5.9611833920637185,1.5994493475740304e+28
1198.0,13.744478662054878,5.95722815100552,1.578399030777855e+28
1208.0,13.744240835943584,5.9533100619228865,1.557797305746295e+28
1218.0,13.744006358454305,5.949428468760901,1.537631016908253e+28
1228.0,13.743775155243933,5.945582732372513,1.5178874982378576e+28
1238.0,13.743547154211862,5.941772229947997,1.498554551239369e+28
1248.0,13.7433222854148,5.9379963544681615,1.4796204240901876e+28
1258.0,13.743100480985476,5.934254514180084,1.4610737918723425e+28
1268.0,13.742881675055024,5.930546132094319,1.4429037378275341e+28
1278.0,13.74266580367887,5.926870645502499,1.4250997355751613e+28
1288.0,13.74245280476591,5.923227505514367,1.4076516322367819e+28
1298.0,13.74224261801083,5.919616176613317,1.3905496324141943e+28
1308.0,13.742035184829405,5.916036136229547,1.3737842829717709e+28
1318.0,13.741830448296607,5.912486874330019,1.3573464585768996e+28
1328.0,13.741628353087393,5.908967893024416,1.3412273479553448e+28
1338.0,13.741428845420039,5.905478706186377,1.3254184408211177e+28
1348.0,13.741231873001889,5.902018839089303,1.3099115154430082e+28
1358.0,13.74103738497739,5.898587828056058,1.2946986268123091e+28
1368.0,13.740845331878328,5.895185220121951,1.2797720953784983e+28
1378.0,13.740655665576108,5.891810572710387,1.2651244963216958e+28
1388.0,13.740468339236042,5.888463453320643,1.250748649332642e+28
1398.0,13.740283307273488,5.885143439227203,1.2366376088727383e+28
1408.0,13.7401005253118,5.881850117190174,1.222784654888355e+28
1418.0,13.739919950141957,5.878583083176267,1.209183283955171e+28
1428.0,13.739741539683841,5.875341942089925,1.195827200829767e+28
1438.0,13.73956525294904,5.87212630751411,1.1827103103870462e+28
1448.0,13.73939105000514,5.868935801460399,1.169826709923321e+28
1458.0,13.73921889194142,5.865770054127921,1.1571706818060976e+28
1468.0,13.739048740835877,5.862628703670834,1.1447366864526887e+28
1478.0,13.738880559723553,5.859511395973927,1.13251935562082e+28
1488.0,13.73871431256607,5.856417784436044,1.1205134859953715e+28
1498.0,13.738549964222337,5.853347529760999,1.1087140330562953e+28
1508.0,13.738387480420364,5.850300299755656,1.0971161052136023e+28
1518.0,13.738226827730161,5.847275769134914,1.0857149581961083e+28
1528.0,13.73806797353763,5.844273619333286,1.0745059896813723e+28
1538.0,13.737910886019458,5.841293538322839,1.063484734154965e+28
1548.0,13.737755534118916,5.8383352204372,1.0526468579878544e+28
1558.0,13.737601887522569,5.835398366201426,1.0419881547213185e+28
1568.0,13.737449916637829,5.832482682167493,1.0315045405493715e+28
1578.0,13.737299592571325,5.829587880755165,1.0211920499892292e+28
1588.0,13.73715088710806,5.82671368009807,1.0110468317308588e+28
1598.0,13.737003772691306,5.823859803894738,1.0010651446571277e+28
1608.0,13.736858222403233,5.821025981264464,9.912433540265297e+27
1618.0,13.736714209946209,5.818211946607747,9.815779278108794e+27
1628.0,13.736571709624767,5.8154174394711955,9.72065433180776e+27
1638.0,13.736430696328204,5.812642204416674,9.627025331320096e+27
1648.0,13.736291145513785,5.809885990894589,9.534859832464344e+27
1658.0,13.736153033190526,5.807148553121088,9.444126285811786e+27
1668.0,13.736016335903537,5.804429649959111,9.354794006803632e+27
1678.0,13.735881030718904,5.801729044803077,9.266833147038051e+27
1688.0,13.735747095209076,5.799046505467121,9.180214666674652e+27
1698.0,13.735614507438756,5.796381804076729,9.094910307906539e+27
1708.0,13.735483245951256,5.793734716963659,9.010892569452713e+27
1718.0,13.735353289755318,5.7911050245640165,8.928134682025807e+27
1728.0,13.735224618312365,5.788492511319401,8.846610584732505e+27
1738.0,13.735097211524172,5.785896965580962,8.766294902365971e+27
1748.0,13.734971049720949,5.783318179516323,8.68716292355173e+27
1758.0,13.73484611364981,5.780755949019239,8.609190579710205e+27
1768.0,13.73472238446361,5.778210073621871,8.532354424800992e+27
1778.0,13.73459984371015,5.775680356409642,8.456631615815586e+27
1788.0,13.734478473321724,5.773166603938542,8.381999893986865e+27
1798.0,13.734358255605006,5.770668626154812,8.308437566685187e+27
1808.0,13.734239173231243,5.768186236316922,8.23592348997234e+27
1818.0,13.734121209226778,5.765719250919771,8.164437051785958e+27
1828.0,13.734004346963854,5.763267489621031,8.093958155728316e+27
1838.0,13.73388857015171,5.7608307751695635,8.024467205434602e+27
1848.0,13.733773862827952,5.758408933335829,7.955945089496932e+27
1858.0,13.733660209350205,5.756001792844247,7.888373166921491e+27
1868.0,13.73354759438799,5.753609185307413,7.821733253097171e+27
1878.0,13.73343600291488,5.751230945162141,7.756007606255105e+27
1888.0,13.733325420200883,5.748866909607242,7.691178914399427e+27
1898.0,13.733215831805046,5.746516918542998,7.627230282690447e+27
1908.0,13.733107223568293,5.744180814512298,7.564145221262301e+27
1918.0,13.732999581606478,5.74185844264332,7.501907633457954e+27
1928.0,13.732892892303635,5.739549650593794,7.440501804465115e+27
1938.0,13.732787142305435,5.737254288496703,7.379912390337477e+27
1948.0,13.732682318512834,5.734972208907473,7.320124407386248e+27
1958.0,13.732578408075906,5.732703266752517,7.261123221927697e+27
1968.0,13.732475398387853,5.730447319279154,7.202894540373005e+27
1978.0,13.732373277079201,5.7282042260068256,7.14542439964733e+27
1988.0,13.732272032012146,5.725973848679576,7.088699157925537e+27
1998.0,13.732171651275072,5.723756051219775,7.032705485672623e+27
2008.0,13.732072123177227,5.721550699683023,6.97743035697732e+27
2018.0,13.731973436243548,5.719357662214204,6.922861041167892e+27
2028.0,13.731875579209627,5.717176809004667,6.868985094699609e+27
2038.0,13.731778541016828,5.715008012250496,6.815790353303778e+27
2048.0,13.731682310807534,5.712851146111815,6.763264924388684e+27
2058.0,13.73158687792053,5.710706086673133,6.711397179683166e+27
2068.0,13.731492231886508,5.708572711904669,6.660175748113954e+27
2078.0,13.731398362423707,5.706450901624642,6.60958950890824e+27
2088.0,13.731305259433663,5.704340537462491,6.559627584913329e+27
2098.0,13.731212912997076,5.702241502823001,6.510279336125535e+27
2108.0,13.7311213133698,5.700153682851311,6.461534353420795e+27
2118.0,13.731030450978919,5.698076964398767,6.413382452479811e+27
2128.0,13.730940316418957,5.696011235989612,6.365813667900788e+27
2138.0,13.73085090044817,5.693956387788481,6.31881824749313e+27
2148.0,13.730762193984939,5.691912311568663,6.272386646745699e+27
2158.0,13.73067418810427,5.689878900681142,6.226509523463563e+27
2168.0,13.730586874034373,5.6878560500243625,6.181177732567272e+27
2178.0,13.730500243153337,5.685843656014711,6.136382321049096e+27
2188.0,13.730414286985896,5.6838416165577055,6.092114523080724e+27
2198.0,13.730328997200274,5.681849831019845,6.048365755267257e+27
2208.0,13.73024436560511,5.679868200201129,6.005127612042455e+27
2218.0,13.730160384146467,5.677896626308224,5.962391861200413e+27
2228.0,13.730077044904922,5.675935012928216,5.920150439559053e+27
2238.0,13.729994340092716,5.673983265003025,5.878395448750945e+27
2248.0,13.729912262050993,5.672041288804342,5.837119151137194e+27
2258.0,13.729830803247099,5.6701089919092,5.796313965840243e+27
2268.0,13.729749956271952,5.668186283176055,5.755972464891653e+27
2278.0,13.729669713837481,5.666273072721434,5.716087369490999e+27
2288.0,13.729590068774122,5.664369271897101,5.676651546372242e+27
2298.0,13.729511014028386,5.6624747932677355,5.637658004274017e+27
2308.0,13.729432542660478,5.660589550589114,5.599099890510431e+27
2318.0,13.729354647841978,5.658713458786773,5.560970487639091e+27
2328.0,13.729277322853587,5.656846433935145,5.523263210223193e+27
2338.0,13.729200561082916,5.654988393237156,5.485971601684646e+27
2348.0,13.729124356022334,5.6531392550042785,5.44908933124526e+27
2358.0,13.729048701266873,5.651298938637009,5.41261019095321e+27
2368.0,13.728973590512176,5.64946736460577,5.376528092792019e+27
2378.0,13.728899017552498,5.647644454432246,5.340837065869453e+27
2388.0,13.728824976278757,5.645830130671101,5.305531253683775e+27
2398.0,13.728751460676627,5.644024316892089,5.270604911464944e+27
2408.0,13.728678464824679,5.642226937662579,5.236052403588365e+27
2418.0,13.728605982892567,5.6404379185304006,5.201868201058951e+27
2428.0,13.728534009139256,5.638657186007109,5.168046879063291e+27
2438.0,13.72846253791129,5.636884667551561,5.134583114587801e+27
2448.0,13.728391563641098,5.635120291553863,5.101471684100841e+27
2458.0,13.728321080845355,5.633363987319645,5.06870746129679e+27
2468.0,13.728251084123354,5.631615685054661,5.036285414900227e+27
2478.0,13.728181568155444,5.6298753158497234,5.004200606528335e+27
2488.0,13.728112527701484,5.628142811665933,4.972448188609781e+27
2498.0,13.728043957599338,5.626418105320219,4.9410234023583646e+27
2508.0,13.727975852763413,5.6247011304711885,4.909921575799756e+27
2518.0,13.727908208183214,5.622991821605248,4.8791381218497604e+27
2528.0,13.72784101892195,5.62129011402302,4.8486685364425347e+27
2538.0,13.727774280115154,5.61959594382603,4.8185083967072897e+27
2548.0,13.727707986969348,5.617909247903661,4.788653359192022e+27
2558.0,13.727642134760726,5.616229963920382,4.759099158132891e+27
2568.0,13.727576718833882,5.614558030303224,4.7298416037678903e+27
2578.0,13.727511734600547,5.612893386229496,4.7008765806935215e+27
2588.0,13.72744717753837,5.611235971614775,4.672200046263195e+27
2598.0,13.727383043189715,5.609585727101106,4.6438080290261643e+27
2608.0,13.727319327160494,5.607942594045446,4.615696627205798e+27
2618.0,13.727256025119015,5.606306514508342,4.5878620072160606e+27
2628.0,13.727193132794868,5.604677431242822,4.5603004022151e+27
2638.0,13.72713064597782,5.603055287683498,4.533008110694875e+27
2648.0,13.727068560516743,5.601440027935906,4.5059814951057946e+27
2658.0,13.727006872318572,5.59983159676602,4.4792169805153694e+27
2668.0,13.726945577347266,5.598229939589988,4.45271105329991e+27
2678.0,13.72688467162281,5.596635002464072,4.426460259868343e+27
2688.0,13.72682415122023,5.5950467320747554,4.400461205417227e+27
2698.0,13.726764012268623,5.593465075729068,4.374710552716112e+27
2708.0,13.72670425095022,5.591889981345068,4.349205020922375e+27
2718.0,13.726644863499468,5.59032139744254,4.3239413844247204e+27
2728.0,13.726585846202111,5.588759273133821,4.2989164717145516e+27
2738.0,13.726527195394322,5.587203558114846,4.274127164284435e+27
2748.0,13.726468907461822,5.585654202656331,4.2495703955529165e+27
2758.0,13.726410978839043,5.58411115759513,4.225243149814963e+27
2768.0,13.726353406008291,5.582574374325762,4.20114246121733e+27
2778.0,13.726296185498933,5.581043804792074,4.177265412758177e+27
2788.0,13.726239313886602,5.579519401479085,4.153609135310266e+27
2798.0,13.726182787792412,5.578001117404952,4.1301708066671115e+27
2808.0,13.7261266038822,5.576488906113104,4.106947650611466e+27
2818.0,13.72607075886577,5.5749827216645205,4.083936936005523e+27
2828.0,13.726015249496164,5.5734825186301284,4.061135975902283e+27
2838.0,13.725960072568938,5.571988252083363,4.0385421266774893e+27
2848.0,13.725905224921462,5.57049987759285,4.0161527871816134e+27
2858.0,13.725850703432224,5.5690173512152175,3.993965397911335e+27
2868.0,13.72579650502016,5.56754062948805,3.971977440200022e+27
2878.0,13.725742626643983,5.566069669422953,3.9501864354266934e+27
2888.0,13.725689065301538,5.564604428498752,3.928589944242994e+27
2898.0,13.725635818029161,5.563144864654808,3.9071855658177017e+27
2908.0,13.72558288190106,5.561690936284449,3.885970937098316e+27
2918.0,13.725530254028696,5.560242602228531,3.86494373208928e+27
2928.0,13.725477931560182,5.558799821769089,3.8441016611464087e+27
2938.0,13.7254259116797,5.557362554623119,3.823442470287104e+27
2948.0,13.725374191606921,5.555930760936468,3.802963940515954e+27
2958.0,13.725322768596435,5.554504401277809,3.7826638871653214e+27
2968.0,13.7252716399372,5.55308343663275,3.7625401592505303e+27
2978.0,13.725220802951993,5.551667828398029,3.742590638839298e+27
2988.0,13.725170254996884,5.550257538375801,3.7228132404350336e+27
2998.0,13.725119993460702,5.548852528768046,3.7032059103736615e+27
3008.0,13.725070015764524,5.547452762171053,3.6837666262336285e+27
3018.0,13.725020319361176,5.5460582015700055,3.66449339625876e+27
3028.0,13.724970901734732,5.544668810333658,3.645384258793652e+27
3038.0,13.724921760400031,5.543284552209107,3.6264372817312767e+27
3048.0,13.724872892902198,5.541905391316645,3.607650561972503e+27
3058.0,13.72482429681618,5.540531292144703,3.589022224897239e+27
3068.0,13.724775969746286,5.539162219544872,3.570550423846906e+27
3078.0,13.724727909325738,5.537798138727029,3.552233339617965e+27
3088.0,13.724680113216223,5.536439015254511,3.5340691799662257e+27
3098.0,13.72463257910747,5.535084815039396,3.51605617912168e+27
3108.0,13.724585304716813,5.53373550433786,3.49819259731359e+27
3118.0,13.724538287788782,5.532391049745588,3.480476720305598e+27
3128.0,13.724491526094688,5.531051418193288,3.462906858940597e+27
3138.0,13.72444501743222,5.529716576942265,3.4454813486951516e+27
3148.0,13.724398759625053,5.528386493580072,3.428198549243209e+27
3158.0,13.724352750522456,5.527061136016222,3.4110568440289003e+27
3168.0,13.724306987998913,5.525740472477983,3.394054639848213e+27
3178.0,13.724261469953747,5.5244244715062365,3.3771903664393023e+27
3188.0,13.724216194310756,5.5231131019514,3.3604624760812693e+27
3198.0,13.724171159017844,5.52180633296941,3.3438694432011714e+27
3208.0,13.724126362046675,5.520504134017791,3.3274097639890983e+27
3218.0,13.724081801392321,5.51920647485176,3.311081956021109e+27
3228.0,13.724037475072919,5.517913325520411,3.294884557889842e+27
3238.0,13.723993381129334,5.516624656362954,3.278816128842639e+27
3248.0,13.723949517624835,5.515340438005018,3.262875248426978e+27
3258.0,13.723905882644761,5.5140606413550035,3.247060516143077e+27
3268.0,13.723862474296212,5.512785237600503,3.2313705511034747e+27
3278.0,13.723819290707727,5.511514198204768,3.215803991699445e+27
3288.0,13.723776330028983,5.510247494903242,3.20035949527408e+27
3298.0,13.72373359043049,5.508985099700137,3.185035737801893e+27
3308.0,13.723691070103293,5.507726984865071,3.169831413574783e+27
3318.0,13.72364876725868,5.50647312292975,3.1547452348942315e+27
3328.0,13.7236066801279,5.505223486684713,3.13977593176957e+27
3338.0,13.723564806961873,5.503978049176115,3.1249222516221976e+27
3348.0,13.723523146030917,5.5027367837025665,3.1101829589956075e+27
3358.0,13.723481695624477,5.5014996638120195,3.095556835271082e+27
3368.0,13.723440454050852,5.5002666632987,3.0810426783889537e+27
3378.0,13.723399419636939,5.4990377562000905,3.0666393025752724e+27
3388.0,13.723358590727967,5.497812916793956,3.052345538073795e+27
3398.0,13.723317965687245,5.496592119595412,3.038160230883147e+27
3408.0,13.723277542895914,5.4953753393540445,3.024082242499063e+27
3418.0,13.723237320752697,5.494162551051069,3.010110449661584e+27
3428.0,13.723197297673659,5.492953729896529,2.9962437441070996e+27
3438.0,13.723157472091971,5.491748851326539,2.9824810323251374e+27
3448.0,13.723117842457672,5.490547891000574,2.9688212353197864e+27
3458.0,13.723078407237441,5.489350824798791,2.9552632883756604e+27
3468.0,13.723039164914372,5.488157628819398,2.941806140828293e+27
3478.0,13.723000113987748,5.486968279376045,2.92844875583888e+27
3488.0,13.722961252972825,5.485782752995289,2.9151901101732623e+27
3498.0,13.722922580400615,5.484601026414051,2.9020291939850633e+27
3508.0,13.722884094817676,5.483423076577143,2.8889650106028994e+27
3518.0,13.7228457947859,5.482248880634826,2.8759965763215536e+27
3528.0,13.722807678882312,5.481078415940388,2.863122920197054e+27
3538.0,13.722769745698864,5.479911660047776,2.8503430838455505e+27
3548.0,13.722731993842242,5.478748590709246,2.837656121245929e+27
3558.0,13.722694421933666,5.477589185873068,2.825061098546062e+27
3568.0,13.7226570286087,5.476433423681239,2.812557093872636e+27
3578.0,13.72261981251706,5.475281282467247,2.800143197144478e+27
3588.0,13.722582772322435,5.474132740753857,2.787818509889291e+27
3598.0,13.722545906702296,5.472987777250946,2.7755821450637486e+27
3608.0,13.72250921434772,5.471846370853336,2.763433226876863e+27
3618.0,13.722472693963212,5.4707085006386915,2.751370890616569e+27
3628.0,13.722436344266528,5.469574145865433,2.739394282479442e+27
3638.0,13.722400163988508,5.46844328597067,2.7275025594035e+27
3648.0,13.722364151872902,5.467315900568182,2.7156948889040193e+27
3658.0,13.722328306676209,5.466191969446418,2.7039704489122976e+27
3668.0,13.722292627167505,5.465071472566521,2.6923284276173115e+27
3678.0,13.72225711212829,5.463954390060392,2.680768023310202e+27
3688.0,13.722221760352324,5.462840702228762,2.669288444231533e+27
3698.0,13.722186570645475,5.461730389539312,2.6578889084212664e+27
3708.0,13.722151541825557,5.460623432624801,2.6465686435714e+27
3718.0,13.722116672722189,5.459519812281238,2.6353268868812045e+27
3728.0,13.722081962176638,5.458419509466063,2.624162884915022e+27
3738.0,13.722047409041675,5.457322505296354,2.6130758934625605e+27
3748.0,13.72201301218143,5.456228781047079,2.602065177401641e+27
3758.0,13.721978770471248,5.4551383181493405,2.591130010563347e+27
3768.0,13.72194468279755,5.454051098188671,2.580269675599524e+27
3778.0,13.721910748057697,5.4529671029033375,2.5694834638525933e+27
3788.0,13.721876965159849,5.451886314182671,2.558770675227612e+27
3798.0,13.721843333022834,5.4508087140654276,2.548130618066562e+27
3808.0,13.721809850576015,5.449734284738154,2.5375626090248004e+27
3818.0,13.72177651675916,5.448663008533588,2.5270659729496443e+27
3828.0,13.721743330522314,5.4475948679290855,2.516640042761033e+27
3838.0,13.721710290825673,5.446529845545051,2.506284159334243e+27
3848.0,13.721677396639459,5.44546792414341,2.495997671384605e+27
3858.0,13.721644646943798,5.4444090866260755,2.4857799353541797e+27
3868.0,13.7216120407286,5.443353316033466,2.47563031530037e+27
3878.0,13.721579576993436,5.442300595543016,2.4655481827864143e+27
3888.0,13.721547254747426,5.441250908467724,2.4555329167737347e+27
3898.0,13.721515073009122,5.4402042382547116,2.4455839035161024e+27
3908.0,13.721483030806393,5.439160568483802,2.43570053645558e+27
3918.0,13.721451127176312,5.438119882866116,2.425882216120214e+27
3928.0,13.721419361165049,5.437082165242696,2.41612835002344e+27
3938.0,13.721387731827758,5.436047399583138,2.4064383525651628e+27
3948.0,13.721356238228474,5.435015569984236,2.3968116449344902e+27
3958.0,13.721324879440003,5.433986660668659,2.38724765501408e+27
3968.0,13.721293654543821,5.432960655983646,2.377745817286071e+27
3978.0,13.72126256262997,5.431937540399696,2.3683055727395709e+27
3988.0,13.721231602796957,5.430917298509295,2.358926368779667e+27
3998.0,13.72120077415165,5.429899915025652,2.34960765913794e+27
4008.0,13.721170075809193,5.428885374781462,2.3403489037844353e+27
4018.0,13.721139506892888,5.427873662727658,2.3311495688410868e+27
4028.0,13.721109066534117,5.426864763932214,2.322009126496543e+27
4038.0,13.721078753872243,5.425858663578931,2.3129270549223886e+27
4048.0,13.721048568054513,5.424855346966265,2.3039028381907238e+27
4058.0,13.72101850823597,5.423854799506148,2.2949359661930765e+27
4068.0,13.72098857357936,5.422857006722845,2.286025934560631e+27
4078.0,13.720958763255048,5.421861954251801,2.2771722445857395e+27
4088.0,13.720929076440925,5.420869627838524,2.268374403144694e+27
4098.0,13.72089951232232,5.419880013337476,2.2596319226217418e+27
4108.0,13.720870070091927,5.418893096710972,2.2509443208343182e+27
4118.0,13.720840748949701,5.417908864028089,2.2423111209594658e+27
4128.0,13.720811548102793,5.416927301463611,2.2337318514614326e+27
4138.0,13.720782466765456,5.41594839529696,2.2252060460204209e+27
4148.0,13.720753504158974,5.41497213191116,2.216733243462459e+27
4158.0,13.720724659511575,5.413998497791802,2.2083129876903907e+27
4168.0,13.720695932058351,5.413027479526022,2.1999448276159478e+27
4178.0,13.72066732104119,5.412059063801509,2.191628317092893e+27
4188.0,13.720638825708692,5.411093237405499,2.1833630148512133e+27
4198.0,13.720610445316094,5.410129987223794,2.1751484844323445e+27
4208.0,13.720582179125199,5.409169300239802,2.1669842941254062e+27
4218.0,13.720554026404297,5.408211163533575,2.1588700169044335e+27
4228.0,13.720525986428104,5.407255564280861,2.1508052303665818e+27
4238.0,13.720498058477675,5.406302489752171,2.1427895166712942e+27
4248.0,13.720470241840346,5.4053519273118615,2.1348224624804064e+27
4258.0,13.720442535809658,5.404403864417215,2.1269036588991807e+27
4268.0,13.720414939685293,5.403458288617543,2.1190327014182459e+27
4278.0,13.720387452773002,5.402515187553298,2.1112091898564297e+27
4288.0,13.720360074384539,5.401574548955189,2.1034327283044703e+27
4298.0,13.7203328038376,5.400636360643322,2.095702925069586e+27
4308.0,13.720305640455752,5.3997006105263265,2.0880193926208924e+27
4318.0,13.720278583568373,5.398767286600529,2.0803817475356524e+27
4328.0,13.720251632510584,5.3978363769490905,2.0727896104463393e+27
4338.0,13.720224786623191,5.396907869741197,2.0652426059885064e+27
4348.0,13.720198045252623,5.395981753231234,2.0577403627494415e+27
4358.0,13.72017140775087,5.395058015757979,2.050282513217599e+27
4368.0,13.720144873475423,5.394136645743799,2.0428686937327916e+27
4378.0,13.720118441789213,5.3932176316938705,2.0354985444371302e+27
4388.0,13.720092112060557,5.392300962195382,2.0281717092267007e+27
4398.0,13.720065883663098,5.391386625916784,2.0208878357039617e+27
4408.0,13.720039755975746,5.390474611607004,2.013646575130851e+27
4418.0,13.720013728382623,5.389564908094717,2.0064475823825963e+27
4428.0,13.719987800273012,5.388657504287577,1.9992905159022025e+27
4438.0,13.719961971041297,5.3877523891715,1.9921750376556223e+27
4448.0,13.719936240086907,5.386849551809924,1.9851008130875834e+27
4458.0,13.71991060681427,5.3859489813430965,1.9780675110780706e+27
4468.0,13.719885070632754,5.385050666987361,1.971074803899448e+27
4478.0,13.71985963095662,5.384154598034451,1.9641223671742095e+27
4488.0,13.719834287204964,5.383260763850805,1.9572098798333485e+27
4498.0,13.719809038801674,5.382369153876868,1.950337024075339e+27
4508.0,13.719783885175374,5.381479757626423,1.9435034853257114e+27
4518.0,13.719758825759378,5.380592564685908,1.9367089521972195e+27
4528.0,13.71973385999164,5.379707564713767,1.9299531164505836e+27
4538.0,13.719708987314705,5.378824747439779,1.9232356729558058e+27
4548.0,13.719684207175662,5.37794410266442,1.91655631965404e+27
4558.0,13.719659519026099,5.37706562025822,1.9099147575200165e+27
4568.0,13.71963492232205,5.37618929016112,1.903310690525006e+27
4578.0,13.719610416523963,5.375315102381856,1.8967438256003142e+27
4588.0,13.719586001096639,5.374443046997337,1.8902138726013012e+27
4598.0,13.719561675509194,5.373573114152025,1.8837205442719165e+27
4608.0,13.719537439235019,5.372705294057334,1.8772635562097365e+27
4618.0,13.719513291751728,5.371839576991032,1.8708426268315033e+27
4628.0,13.719489232541124,5.370975953296645,1.8644574773391532e+27
4638.0,13.719465261089148,5.370114413382872,1.858107831686324e+27
4648.0,13.719441376885843,5.369254947723002,1.8517934165453388e+27
4658.0,13.71941757942531,5.368397546854348,1.8455139612746547e+27
4668.0,13.719393868205666,5.367542201377674,1.839269197886772e+27
4678.0,13.719370242729008,5.366688901956632,1.8330588610165905e+27
4688.0,13.719346702501369,5.365837639317213,1.8268826878902146e+27
4698.0,13.719323247032676,5.364988404247201,1.8207404182941912e+27
4708.0,13.71929987583672,5.36414118759562,1.8146317945451794e+27
4718.0,13.719276588431109,5.363295980272202,1.8085565614600423e+27
4728.0,13.719253384337234,5.3624527732468605,1.802514466326356e+27
4738.0,13.71923026308023,5.36161155754916,1.7965052588733245e+27
4748.0,13.719207224188937,5.360772324267798,1.7905286912431017e+27
4758.0,13.719184267195867,5.359935064550093,1.784584517962508e+27
4768.0,13.71916139163717,5.359099769601473,1.7786724959151349e+27
4778.0,13.71913859705259,5.358266430684976,1.7727923843138389e+27
4788.0,13.719115882985433,5.357435039120746,1.7669439446736063e+27
4798.0,13.719093248982535,5.3566055862855535,1.7611269407847966e+27
4808.0,13.719070694594228,5.355778063612295,1.755341138686746e+27
4818.0,13.719048219374299,5.354952462589518,1.7495863066417364e+27
4828.0,13.719025822879962,5.354128774760945,1.7438622151093153e+27
4838.0,13.719003504671823,5.3533069917250025,1.738168636720967e+27
4848.0,13.71898126431385,5.3524871051343474,1.7325053462551253e+27
4858.0,13.718959101373333,5.351669106695416,1.7268721206125263e+27
4868.0,13.718937015420858,5.350852988167956,1.721268738791894e+27
4878.0,13.718915006030276,5.350038741364588,1.7156949818659522e+27
4888.0,13.718893072778666,5.349226358150345,1.7101506329577615e+27
4898.0,13.718871215246308,5.3484158304422404,1.7046354772173712e+27
4908.0,13.718849433016652,5.347607150208821,1.6991493017987873e+27
4918.0,13.718827725676288,5.346800309469744,1.6936918958372446e+27
4928.0,13.718806092814912,5.345995300295338,1.688263050426787e+27
4938.0,13.718784534025302,5.3451921148061885,1.6828625585981413e+27
4948.0,13.718763048903284,5.34439074517271,1.6774902152968885e+27
4958.0,13.718741637047707,5.343591183614732,1.672145817361924e+27
4968.0,13.718720298060411,5.342793422401094,1.666829163504202e+27
4978.0,13.718699031546201,5.341997453849233,1.6615400542857616e+27
4988.0,13.718677837112818,5.34120327032478,1.6562782920990287e+27
4998.0,13.71865671437091,5.340410864241161,1.6510436811463907e+27
5008.0,13.718635662934009,5.339620228059212,1.6458360274200403e+27
