Time,Mass,Radius,Lx
23.0,14.63349375081365,8.74,1.3000000000000013e+30
24.0,14.628885109657524,8.705162627851704,1.2408767949134143e+30
25.0,14.62452435778998,8.671938137185965,1.1866955048657582e+30
26.0,14.62038891337922,8.64019126074476,1.1368691920015191e+30
27.0,14.616459027013143,8.609802763032512,1.0908997490675534e+30
28.0,14.612717336410588,8.580667025602875,1.048361767705471e+30
29.0,14.609148504286232,8.552690068092472,1.0088897907278946e+30
30.0,14.60573892155275,8.525787914253133,9.721681495277018e+29
31.0,14.602476462319215,8.499885233490902,9.379227960057958e+29
32.0,14.599350280291183,8.474914204180426,9.059146875551647e+29
33.0,14.59635063851909,8.45081355683431,8.759343917516788e+29
34.0,14.593468766201426,8.427527764146353,8.47797656640924e+29
35.0,14.590696737584647,8.40500635175671,8.213417511904835e+29
36.0,14.588027369024237,8.383203308849561,7.964224243547878e+29
37.0,14.585454131060848,8.362076581782073,7.7291136430766e+29
38.0,14.582971072979658,8.34158763714384,7.506940645929665e+29
39.0,14.580572757802667,8.321701083169527,7.296680232716395e+29
40.0,14.578254206043669,8.302384340430566,7.097412160825556e+29
41.0,14.576010846857699,8.283607354332144,6.908307962644598e+29
42.0,14.57383847545813,8.265342343228172,6.72861982800736e+29
43.0,14.571733215868788,8.247563577006666,6.557671060380727e+29
44.0,14.569691488235451,8.230247181843351,6.394847853351272e+29
45.0,14.567709980048761,8.21337096751168,6.239592179507121e+29
46.0,14.56578562073485,8.196914274204545,6.091395620352419e+29
47.0,14.563915559155651,8.180857836290587,5.949793995370995e+29
48.0,14.562097143631451,8.165183660815494,5.8143626722557776e+29
49.0,14.560327904156784,8.149874918881162,5.6847124597894446e+29
50.0,14.55860553652941,8.13491584830497,5.560486000793211e+29
51.0,14.556927888152769,8.120291666187393,5.441354595654172e+29
52.0,14.5552929453064,8.105988490206386,5.327015397747416e+29
53.0,14.55369882170746,8.091993267617777,5.217188931022641e+29
54.0,14.552143748210712,8.078293711077082,5.1116168874720316e+29
55.0,14.550626063514853,8.064878240514135,5.010060168413015e+29
56.0,14.549144205760502,8.051735930390812,4.912297138727708e+29
57.0,14.547696704920016,8.03885646175675,4.818122067578821e+29
58.0,14.546282175892047,8.026230078590695,4.7273437328139695e+29
59.0,14.544899312224638,8.013847547977619,4.639784169393824e+29
60.0,14.543546880400035,8.001700123725687,4.555277544830118e+29
61.0,14.542223714622498,7.989779513074032,4.4736691468751415e+29
62.0,14.540928712057381,7.978077846182666,4.3948144706295346e+29
63.0,14.539660828475801,7.966587648131242,4.318578393882565e+29
64.0,14.538419074264507,7.955301813184043,4.244834430912657e+29
65.0,14.537202510765136,7.9442135811054655,4.17346405619185e+29
66.0,14.536010246911042,7.933316515333798,4.104356090486332e+29
76.0,14.525256486738657,7.833639211463723,3.5175188748354985e+29
86.0,14.516211968099173,7.747785304404394,3.0727206751473016e+29
96.0,14.508447472744182,7.672526775997307,2.7244294859168765e+29
106.0,14.501673238274789,7.6056349008654625,2.444612446537108e+29
116.0,14.495685205488343,7.5455085640029065,2.2150862238433415e+29
126.0,14.490334703859173,7.490960185285884,2.0235515011265236e+29
136.0,14.485510349372094,7.4410854608000765,1.8613974758105907e+29
146.0,14.481126719429499,7.395180475418401,1.7224194695903648e+29
156.0,14.477116987809984,7.3526869577531055,1.6020358231218676e+29
166.0,14.4734279755495,7.313154965625403,1.496791379618681e+29
176.0,14.470016730637639,7.276216756378059,1.4040323842818046e+29
186.0,14.466848106082102,7.241568056148468,1.3216876040756507e+29
196.0,14.46389300802385,7.208954355008045,1.2481173238065198e+29
206.0,14.461127104484842,7.178160696306909,1.1820069023567781e+29
216.0,14.45852985758581,7.1490039458683405,1.1222902890944298e+29
226.0,14.456083787260956,7.1213268537453835,1.0680941174181972e+29
236.0,14.453773903489385,7.094993433256279,1.0186962034590167e+29
246.0,14.451587263094847,7.069885322534679,9.734943044617136e+28
256.0,14.44951261991811,7.045898888858547,9.319822994369553e+28
266.0,14.447540145872471,7.022942901465145,8.93731816401418e+28
276.0,14.445661206438322,7.000936644381584,8.583779088455752e+28
286.0,14.443868178416018,6.9798083733729825,8.256077788284833e+28
296.0,14.44215430080604,6.959494044588585,7.951518177858695e+28
306.0,14.44051355189577,6.9399362596270215,7.667764286232096e+28
316.0,14.438940547253775,6.9210833844049855,7.40278229845623e+28
326.0,14.43743045453546,6.9028888086714755,7.154793414487842e+28
336.0,14.435978921905782,6.885310320146441,6.922235245205169e+28
346.0,14.434582017567463,6.868309572698852,6.703729997728019e+28
356.0,14.433236178404632,6.851851632157219,6.498058099055433e+28
366.0,14.43193816615362,6.83590458658338,6.304136205389796e+28
376.0,14.430685029824687,6.820439210369095,6.120998770807969e+28
386.0,14.429474073342648,6.805428673504533,5.94778252198808e+28
396.0,14.42830282756671,6.790848288943911,5.783713319059432e+28
406.0,14.427169026002558,6.776675292250422,5.628094986167915e+28
416.0,14.426070583641502,6.762888648710906,5.480299776270471e+28
426.0,14.425005578459427,6.749468883924699,5.33976019833922e+28
436.0,14.423972235187266,6.736397934531325,5.205961985558713e+28
446.0,14.422968911028978,6.7236590162806635,5.078438023237046e+28
456.0,14.421994083055306,6.711236507090751,4.95676308729304e+28
466.0,14.421046337044658,6.699115843102405,4.840549270057678e+28
476.0,14.420124357577755,6.687283426040869,4.729441991065403e+28
486.0,14.419226919222096,6.675726540445027,4.623116507534699e+28
496.0,14.41835287866654,6.664433279533455,4.521274853143061e+28
506.0,14.417501167686716,6.653392478651732,4.423643145110393e+28
516.0,14.416670786838957,6.642593655392465,4.32996920900519e+28
526.0,14.41586079979475,6.63202695560374,4.24002047846434e+28
536.0,14.415070328239848,6.62168310460698,4.153582133475881e+28
546.0,14.414298547272326,6.611553363034531,4.0704554462577185e+28
556.0,14.413544681242644,6.6016294867735645,3.990456308269252e+28
566.0,14.412807999986113,6.591903690568097,3.9134139156738237e+28
576.0,14.412087815404535,6.582368614886796,3.839169593754369e+28
586.0,14.411383478359205,6.573017295712408,3.767575743475449e+28
596.0,14.410694375842121,6.563843136950055,3.6984948956653143e+28
606.0,14.410019928396267,6.554839885187608,3.6317988602302747e+28
616.0,14.409359587759335,6.54600160657237,3.5673679594662436e+28
626.0,14.408712834708238,6.537322665595436,3.5050903359450785e+28
636.0,14.408079177084385,6.528797705598562,3.4448613266642245e+28
646.0,14.407458147981988,6.520421630839017,3.386582896188739e+28
656.0,14.406849304083627,6.512189589965859,3.330163122411195e+28
666.0,14.406252224129076,6.504096960776909,3.2755157293290726e+28
676.0,14.405666507504872,6.496139336139509,3.2225596619093123e+28
686.0,14.40509177294348,6.488312510970452,3.171218698690976e+28
696.0,14.404527657322086,6.480612470181239,3.121421098282374e+28
706.0,14.40397381455205,6.473035377504274,3.0730992763493526e+28
716.0,14.403429914551017,6.465577565124221,3.0261895100758814e+28
726.0,14.402895642290472,6.458235524046051,2.9806316674144247e+28
736.0,14.402370696912225,6.4510058951381595,2.9363689587383673e+28
746.0,14.401854790907995,6.443885460794679,2.893347708767658e+28
756.0,14.401347649356802,6.436871137166584,2.851517146866611e+28
766.0,14.400849009215372,6.429959966915762,2.810829214013529e+28
776.0,14.400358618657252,6.423149112450549,2.7712383849190686e+28
786.0,14.399876236456693,6.416435849604973,2.7327015039269937e+28
796.0,14.399401631413745,6.409817561727348,2.69517763346982e+28
806.0,14.398934581817333,6.403291734146952,2.658627913975028e+28
816.0,14.398474874943357,6.396855948990218,2.6230154342270198e+28
826.0,14.398022306585144,6.390507880320376,2.58830511128738e+28
836.0,14.397576680613785,6.384245289576716,2.5544635791628708e+28
846.0,14.397137808566145,6.378066021291687,2.521459085488079e+28
856.0,14.396705509258473,6.371967999065767,2.4892613955589047e+28
866.0,14.396279608423766,6.365949221781843,2.4578417031150957e+28
876.0,14.395859938371164,6.360007760042263,2.427172547325606e+28
886.0,14.395446337665776,6.354141752813003,2.3972277354804113e+28
896.0,14.395038650827551,6.348349404260828,2.36798227093725e+28
906.0,14.3946367280478,6.342628980770245,2.3394122859120515e+28
916.0,14.394240424922202,6.336978808128205,2.311494978738157e+28
926.0,14.393849602199133,6.331397268865398,2.284208555252161e+28
936.0,14.393464125542303,6.325882799743825,2.2575321739937957e+28
946.0,14.393083865306739,6.3204338893811585,2.231445894933998e+28
956.0,14.392708696327222,6.315049076003042,2.2059306314694967e+28
966.0,14.392338497718377,6.309726945315225,2.1809681054441646e+28
976.0,14.39197315268565,6.304466128487942,2.156540804977253e+28
986.0,14.391612548346481,6.299265300245546,2.132631944896666e+28
996.0,14.391256575561027,6.294123177054889,2.1092254295918376e+28
1006.0,14.390905387881858,6.289038607480771,2.080238534050367e+28
1016.0,14.390560048940857,6.284010799967458,2.047970320826778e+28
1026.0,14.390220505439814,6.279038600893934,2.0165113907848677e+28
1036.0,14.389886604493437,6.2741208555762125,1.985833853020707e+28
1046.0,14.389558198684233,6.269256444274381,1.9559110345853038e+28
1056.0,14.389235145816698,6.264444280809903,1.9267174162990732e+28
1066.0,14.38891730868478,6.259683311250271,1.8982285725176503e+28
1076.0,14.388604554851764,6.254972512657082,1.8704211145714307e+28
1086.0,14.388296756441825,6.250310891893948,1.8432726376230965e+28
1096.0,14.387993789942518,6.245697484490824,1.8167616707073525e+28
1106.0,14.387695536017535,6.241131353561629,1.7908676297353471e+28
1116.0,14.387401879329113,6.236611588772176,1.7655707732629234e+28
1126.0,14.387112708369521,6.232137305355629,1.7408521608371218e+28
1136.0,14.386827915301065,6.227707643172929,1.7166936137493276e+28
1146.0,14.38654739580413,6.223321765815735,1.6930776780362817e+28
1156.0,14.386271048932773,6.2189788597496065,1.6699875895819163e+28
1166.0,14.385998776977456,6.214678133495271,1.647407241183789e+28
1176.0,14.385730485334463,6.210418816846012,1.6253211514577818e+28
1186.0,14.38546608238167,6.206200160119245,1.6037144354638651e+28
1196.0,14.385205479360279,6.202021433440542,1.58257277694411e+28
1206.0,14.384948590262182,6.197881926058429,1.5618824020718504e+28
1216.0,14.384695331722666,6.193780945688371,1.5416300546180216e+28
1226.0,14.38444562291814,6.189717817884505,1.5218029724472542e+28
1236.0,14.384199385468616,6.185691885437707,1.5023888652623675e+28
1246.0,14.383956543344695,6.181702507798686,1.4833758935214826e+28
1256.0,14.383717022778807,6.177749060524873,1.4647526484571544e+28
1266.0,14.38348075218048,6.173830934749946,1.4465081331316832e+28
1276.0,14.38324766205543,6.169947536674904,1.4286317444671937e+28
1286.0,14.383017684928257,6.166098287079615,1.4111132561931504e+28
1296.0,14.382790755268585,6.16228262085389,1.3939428026577673e+28
1306.0,14.382566809420435,6.158499986547177,1.377110863453287e+28
1316.0,14.382345785534696,6.1547498459359335,1.3606082488083443e+28
1326.0,14.382127623504513,6.15103167360793,1.3444260857036612e+28
1336.0,14.381912264903459,6.1473449565626375,1.3285558046701256e+28
1346.0,14.381699652926347,6.143689193827003,1.3129891272308992e+28
1356.0,14.381489732332549,6.140063896085888,1.297718053951633e+28
1366.0,14.381282449391692,6.136468585326501,1.2827348530651153e+28
1376.0,14.381077751831638,6.132902794496225,1.268032049638773e+28
1386.0,14.380875588788602,6.12936606717321,1.2536024152554e+28
1396.0,14.380675910759336,6.125857957249183,1.2394389581792988e+28
1406.0,14.380478669555266,6.122378028623922,1.2255349139817228e+28
1416.0,14.380283818258475,6.118925854910916,1.2118837366010765e+28
1426.0,14.380091311179479,6.115501019153681,1.198479089814816e+28
1436.0,14.379901103816682,6.112103113552324,1.1853148391013531e+28
1446.0,14.379713152817441,6.108731739199863,1.172385043871566e+28
1456.0,14.37952741594067,6.10538650582793,1.1596839500507073e+28
1466.0,14.379343852020908,6.102067031561454,1.147205982992629e+28
1476.0,14.379162420933785,6.098772942681924,1.13494574070929e+28
1486.0,14.378983083562826,6.095503873398915,1.1228979873994956e+28
1496.0,14.378805801767525,6.09225946562948,1.1110576472617342e+28
1506.0,14.378630538352638,6.089039368785157,1.09941979857684e+28
1516.0,14.378457257038638,6.085843239566204,1.0879796680470157e+28
1526.0,14.378285922433287,6.082670741762838,1.0767326253785032e+28
1536.0,14.378116500004266,6.079521546063145,1.0656741780959038e+28
1546.0,14.377948956052823,6.076395329867426,1.0547999665768057e+28
1556.0,14.37778325768839,6.0732917771086985,1.0441057592960117e+28
1566.0,14.377619372804144,6.070210578079141,1.0335874482692366e+28
1576.0,14.377457270053439,6.0671514292622195,1.0232410446866979e+28
1586.0,14.377296918827103,6.0641140331702825,1.0130626747275404e+28
1596.0,14.377138289231553,6.061098098187431,1.003048575546525e+28
1606.0,14.376981352067688,6.058103338417421,9.931950914248564e+27
1616.0,14.37682607881053,6.055129473536466,9.834986700774765e+27
1626.0,14.376672441589596,6.052176228650678,9.7395585910953e+27
1636.0,14.376520413169937,6.049243334158042,9.64563302615111e+27
1646.0,14.376369966933858,6.046330525614712,9.553177379117452e+27
1656.0,14.376221076863267,6.043437543605478,9.462159924044078e+27
1666.0,14.376073717522626,6.040564133618256,9.372549805731906e+27
1676.0,14.375927864042493,6.037710045922438,9.284317010790384e+27
1686.0,14.375783492103618,6.0348750354509875,9.197432339822534e+27
1696.0,14.375640577921585,6.032058861686101,9.111867380687356e+27
1706.0,14.37549909823196,6.029261288548357,9.027594482791838e+27
1716.0,14.375359030275954,6.026482084289189,8.9445867323671e+27
1726.0,14.375220351786533,6.023721021386569,8.862817928685596e+27
1736.0,14.375083040975023,6.020977876443823,8.782262561178295e+27
1746.0,14.374947076518128,6.018252430091405,8.702895787412863e+27
1756.0,14.374812437545383,6.015544466891585,8.624693411895728e+27
1766.0,14.374679103627019,6.0128537752459135,8.547631865662721e+27
1776.0,14.374547054762203,6.010180147305382,8.471688186624687e+27
1786.0,14.374416271367684,6.007523378883169,8.396840000636091e+27
1796.0,14.374286734266772,6.004883269369923,8.323065503256128e+27
1806.0,14.374158424678686,6.002259621651426,8.250343442173336e+27
1816.0,14.374031324208236,5.999652242028642,8.17865310026605e+27
1826.0,14.37390541483582,5.997060940139988,8.107974279272351e+27
1836.0,14.373780678907744,5.994485528885821,8.038287284044374e+27
1846.0,14.373657099126843,5.9919258243550235,7.96957290736302e+27
1856.0,14.373534658543383,5.9893816457536175,7.901812415290236e+27
1866.0,14.373413340546245,5.986852815335389,7.834987533037026e+27
1876.0,14.37329312885439,5.984339158334381,7.769080431326421e+27
1886.0,14.37317400750857,5.981840502899264,7.704073713231512e+27
1896.0,14.373055960863296,5.979356680029483,7.639950401469611e+27
1906.0,14.372938973579046,5.976887523513124,7.576693926134409e+27
1916.0,14.37282303061471,5.974432869866481,7.514288112848826e+27
1926.0,14.37270811722025,5.971992558275204,7.452717171322038e+27
1936.0,14.3725942189296,5.969566430537046,7.391965684294853e+27
1946.0,14.372481321553737,5.967154331006132,7.332018596858367e+27
1956.0,14.372369411174002,5.964756106538658,7.272861206131409e+27
1966.0,14.372258474135577,5.9623716064400725,7.214479151283005e+27
1976.0,14.372148497041174,5.960000682413586,7.156858403886614e+27
1986.0,14.372039466744889,5.957643188510048,7.099985258593509e+27
1996.0,14.371931370346257,5.955298981079112,7.043846324113192e+27
2006.0,14.37182419518445,5.952967918721658,6.988428514489258e+27
2016.0,14.37171792883266,5.950649862243429,6.933719040659615e+27
2026.0,14.371612559092632,5.948344674609846,6.879705402290438e+27
2036.0,14.371508073989348,5.946052220901972,6.826375379873673e+27
2046.0,14.37140446176587,5.943772368273601,6.773717027078361e+27
2056.0,14.37130171087832,5.941504985909392,6.721718663346397e+27
2066.0,14.371199809991001,5.939249944984066,6.670368866723815e+27
2076.0,14.371098747971653,5.937007118622633,6.619656466918973e+27
2086.0,14.370998513886837,5.934776381861564,6.56957053857943e+27
2096.0,14.370899096997451,5.932557611610955,6.520100394779596e+27
2106.0,14.37080048675436,5.9303506866175955,6.471235580711595e+27
2116.0,14.370702672794154,5.928155487428953,6.422965867572066e+27
2126.0,14.370605644935011,5.925971896358007,6.375281246637913e+27
2136.0,14.37050939317268,5.923799797448966,6.328171923524333e+27
2146.0,14.37041390767656,5.921639076443778,6.281628312618668e+27
2156.0,14.3703191787859,5.919489620749459,6.235641031683915e+27
2166.0,14.37022519700608,5.917351319406189,6.190200896625976e+27
2176.0,14.370131953005007,5.915224063056183,6.145298916418929e+27
2186.0,14.370039437609593,5.913107743913262,6.100926288182867e+27
2196.0,14.369947641802332,5.91100225573318,6.057074392409042e+27
2206.0,14.369856556717968,5.908907493784611,6.013734788327242e+27
2216.0,14.369766173640238,5.906823354820828,5.970899209410571e+27
2226.0,14.369676483998717,5.9047497370520325,5.92855955901293e+27
2236.0,14.36958747936572,5.902686540118328,5.886707906134728e+27
2246.0,14.369499151453306,5.900633665063303,5.845336481312483e+27
2256.0,14.369411492110347,5.898591014308225,5.804437672628175e+27
2266.0,14.369324493319668,5.896558491626823,5.764004021834329e+27
2276.0,14.369238147195272,5.894536002120642,5.724028220590995e+27
2286.0,14.36915244597962,5.89252345219494,5.684503106810909e+27
2296.0,14.369067382040981,5.890520749535147,5.645421661109278e+27
2306.0,14.368982947870867,5.888527803083829,5.606777003354735e+27
2316.0,14.3688991360815,5.886544523018182,5.568562389318185e+27
2326.0,14.368815939403369,5.884570820728017,5.530771207416329e+27
2336.0,14.368733350682831,5.88260660879423,5.493396975546813e+27
2346.0,14.36865136287978,5.880651800967744,5.456433338012039e+27
2356.0,14.368569969065359,5.878706312148919,5.419874062528792e+27
2366.0,14.368489162419749,5.876770058367404,5.383713037320936e+27
2376.0,14.368408936229994,5.874842956762421,5.347944268292523e+27
2386.0,14.368329283887878,5.872924925563497,5.312561876278791e+27
2396.0,14.368250198887864,5.8710158840715785,5.277560094372544e+27
2406.0,14.368171674825078,5.869115752640569,5.242933265323592e+27
2416.0,14.368093705393333,5.867224452659276,5.208675839008921e+27
2426.0,14.368016284383211,5.865341906533697,5.174782369971414e+27
2436.0,14.367939405680183,5.863468037669728,5.141247515024973e+27
2446.0,14.367863063262773,5.8616027704562,5.108066030923993e+27
2456.0,14.36778725120077,5.859746030248301,5.075232772095216e+27
2466.0,14.367711963653479,5.857897743351316,5.042742688430023e+27
2476.0,14.367637194868006,5.85605783700473,5.010590823135349e+27
2486.0,14.367562939177597,5.854226239366641,4.978772310641401e+27
2496.0,14.367489190999999,5.8524028794985075,4.9472823745644894e+27
2506.0,14.36741594483587,5.850587687350208,4.916116325723273e+27
2516.0,14.367343195267217,5.848780593745396,4.88526956020685e+27
2526.0,14.367270936955883,5.846981530367168,4.8547375574931044e+27
2536.0,14.36719916464205,5.8451904297440205,4.8245158786158183e+27
2546.0,14.367127873142786,5.843407225236071,4.794600164379124e+27
2556.0,14.367057057350628,5.841631851021585,4.764986133617852e+27
2566.0,14.366986712232185,5.839864242083761,4.735669581502454e+27
2576.0,14.366916832826785,5.8381043341977765,4.706646377887174e+27
2586.0,14.366847414245141,5.83635206391809,4.677912465700207e+27
2596.0,14.366778451668058,5.834607368566012,4.6494638593746184e+27
2606.0,14.366709940345151,5.832870186217496,4.6212966433188403e+27
2616.0,14.366641875593613,5.831140455691196,4.5934069704256056e+27
2626.0,14.366574252796992,5.829418116536738,4.56579106061819e+27
2636.0,14.366507067404005,5.827703109023231,4.5384451994329284e+27
2646.0,14.36644031492737,5.825995374128004,4.5113657366369186e+27
2656.0,14.366373990942671,5.824294853525542,4.484549084879961e+27
2666.0,14.366308091087243,5.822601489576671,4.457991718379715e+27
2676.0,14.366242611059077,5.820915225317911,4.431690171639168e+27
2686.0,14.36617754661576,5.819236004451064,4.405641038195483e+27
2696.0,14.366112893573424,5.817563771332987,4.3798409693993563e+27
2706.0,14.36604864780573,5.815898470965559,4.354286673224023e+27
2716.0,14.36598480524286,5.814240048985845,4.328974913103094e+27
2726.0,14.365921361870543,5.81258845165644,4.3039025067964126e+27
2736.0,14.36585831372909,5.810943625855996,4.2790663252831594e+27
2746.0,14.36579565691246,5.809305519069932,4.2544632916814594e+27
2756.0,14.36573338756734,5.8076740793813055,4.2300903801937524e+27
2766.0,14.36567150189224,5.806049255461868,4.2059446150772347e+27
2776.0,14.365609996136616,5.804430996563278,4.1820230696386727e+27
2786.0,14.3655488666,5.802819252508472,4.1583228652529415e+27
2796.0,14.365488109631158,5.801213973683213,4.134841170404635e+27
2806.0,14.365427721627261,5.799615111027766,4.111575199752125e+27
2816.0,14.365367699033074,5.798022616028758,4.0885222132134794e+27
2826.0,14.365308038340153,5.796436440711155,4.06567951507363e+27
2836.0,14.365248736086075,5.794856537630411,4.0430444531122483e+27
2846.0,14.365189788853668,5.793282859864734,4.020614417751757e+27
2856.0,14.365131193270264,5.791715361007519,3.998386841224957e+27
2866.0,14.365072946006967,5.790153995159896,3.976359196761746e+27
2876.0,14.36501504377793,5.78859871692341,3.954528997794424e+27
2886.0,14.364957483339655,5.787049481392858,3.932893797181104e+27
2896.0,14.364900261490298,5.785506244149216,3.911451186446752e+27
2906.0,14.364843375068997,5.783968961252722,3.890198795041391e+27
2916.0,14.364786820955201,5.782437589236062,3.869134289615032e+27
2926.0,14.364730596068025,5.780912085097691,3.848255373308898e+27
2936.0,14.36467469736561,5.779392406295255,3.8275597850625135e+27
2946.0,14.364619121844495,5.777878510739141,3.807045298936256e+27
2956.0,14.364563866539008,5.776370356786133,3.7867097234489793e+27
2966.0,14.36450892852066,5.774867903233178,3.7665509009303117e+27
2976.0,14.364454304897556,5.773371109311263,3.746566706887267e+27
2986.0,14.364399992813818,5.7718799346794,3.726755049384797e+27
2996.0,14.364345989449014,5.770394339418698,3.70711386843994e+27
3006.0,14.364292292017604,5.768914284026562,3.687641135429216e+27
3016.0,14.36423889776839,5.76743972941097,3.6683348525089405e+27
3026.0,14.364185803983984,5.765970636884855,3.6491930520481335e+27
3036.0,14.36413300798028,5.764506968160591,3.6302137960737066e+27
3046.0,14.364080507105937,5.763048685344545,3.6113951757276255e+27
3056.0,14.364028298741875,5.761595750931763,3.5927353107357526e+27
3066.0,14.363976380300773,5.760148127800695,3.574232348888073e+27
3076.0,14.363924749226591,5.758705779208061,3.5558844655300344e+27
3086.0,14.363873402994079,5.757268668783754,3.537689863064726e+27
3096.0,14.363822339108317,5.755836760525865,3.5196467704656205e+27
3106.0,14.36377155510425,5.754410018795763,3.501753442799633e+27
3116.0,14.363721048546235,5.752988408313284,3.4840081607602497e+27
3126.0,14.363670817027598,5.751571894151963,3.466409230210462e+27
3136.0,14.363620858170195,5.750160441734385,3.448954981735298e+27
3146.0,14.363571169623988,5.748754016827583,3.4316437702036904e+27
3156.0,14.363521749066622,5.747352585538511,3.4144739743394823e+27
3166.0,14.363472594203012,5.745956114309619,3.3974439963013364e+27
3176.0,14.363423702764935,5.744564569914466,3.3805522612713427e+27
3186.0,14.36337507251064,5.743177919453422,3.3637972170521103e+27
3196.0,14.363326701224448,5.741796130349433,3.347177333672156e+27
3206.0,14.36327858671637,5.740419170343861,3.330691102999377e+27
3216.0,14.363230726821735,5.739047007492383,3.314337038362432e+27
3226.0,14.363183119400812,5.737679610160959,3.2981136741798326e+27
3236.0,14.363135762338452,5.736316947021857,3.282019565596575e+27
3246.0,14.363088653543727,5.73495898704976,3.26605328812813e+27
3256.0,14.36304179094958,5.733605699517908,3.2502134373116224e+27
3266.0,14.36299517251248,5.732257053994328,3.2344986283640285e+27
3276.0,14.362948796212084,5.730913020338095,3.21890749584724e+27
3286.0,14.3629026600509,5.729573568695678,3.2034386933398244e+27
3296.0,14.36285676205396,5.728238669497328,3.1880908931153344e+27
3306.0,14.362811100268507,5.726908293453524,3.1728627858270147e+27
3316.0,14.362765672763667,5.72558241155147,3.1577530801987597e+27
3326.0,14.362720477630143,5.724260995051669,3.142760502722182e+27
3336.0,14.362675512979912,5.7229440154845115,3.127883797359651e+27
3346.0,14.362630776945924,5.721631444646952,3.113121725253161e+27
3356.0,14.362586267681802,5.720323254599219,3.0984730644389166e+27
3366.0,14.36254198336156,5.719019417661573,3.083936609567475e+27
3376.0,14.362497922179308,5.717719906411127,3.069511171629353e+27
3386.0,14.362454082348984,5.716424693678698,3.055195577685957e+27
3396.0,14.36241046210407,5.715133752545726,3.04098867060572e+27
3406.0,14.362367059697318,5.713847056341223,3.026889308805337e+27
3416.0,14.362323873400493,5.712564578638771,3.012896365995977e+27
3426.0,14.362280901504107,5.711286293253579,2.9990087309343674e+27
3436.0,14.362238142317159,5.710012174239561,2.985225307178641e+27
3446.0,14.362195594166884,5.708742195886478,2.9715450128488417e+27
3456.0,14.362153255398505,5.707476332717109,2.957966780391986e+27
3466.0,14.362111124374984,5.706214559484475,2.944489556351583e+27
3476.0,14.362069199476785,5.7049568511690945,2.931112301141512e+27
3486.0,14.362027479101636,5.703703182976281,2.9178339888241644e+27
3496.0,14.361985961664296,5.702453530333491,2.9046536068927605e+27
3506.0,14.361944645596324,5.701207868887694,2.891570156057749e+27
3516.0,14.361903529345856,5.699966174502793,2.878582650037197e+27
3526.0,14.36186261137738,5.698728423257078,2.8656901153510934e+27
3536.0,14.36182189017152,5.697494591440721,2.8528915911194754e+27
3546.0,14.36178136422482,5.696264655553298,2.8401861288642944e+27
3556.0,14.361741032049537,5.695038592301358,2.827572792314953e+27
3566.0,14.361700892173424,5.69381637859602,2.815050657217421e+27
3576.0,14.361660943139535,5.692597991550608,2.802618811146866e+27
3586.0,14.361621183506017,5.691383408478313,2.790276353323714e+27
3596.0,14.361581611845915,5.6901726068899,2.778022394433079e+27
3606.0,14.361542226746979,5.688965564491437,2.765856056447481e+27
3616.0,14.361503026811462,5.687762259182067,2.7537764724527927e+27
3626.0,14.361464010655947,5.686562669051794,2.741782786477333e+27
3636.0,14.361425176911146,5.685366772379323,2.729874153324064e+27
3646.0,14.361386524221727,5.684174547629914,2.7180497384058014e+27
3656.0,14.36134805124613,5.682985973453272,2.7063087175833986e+27
3666.0,14.361309756656391,5.681801028681464,2.6946502770068264e+27
3676.0,14.361271639137964,5.6806196923268715,2.683073612959101e+27
3686.0,14.361233697389553,5.679441943580158,2.671577931702988e+27
3696.0,14.36119593012294,5.678267761808288,2.660162449330446e+27
3706.0,14.361158336062825,5.677097126552548,2.6488263916147267e+27
3716.0,14.361120913946651,5.675930017526604,2.6375689938651044e+27
3726.0,14.361083662524452,5.674766414614604,2.626389500784163e+27
3736.0,14.361046580558689,5.673606297869272,2.6152871663275944e+27
3746.0,14.361009666824097,5.672449647510059,2.6042612535664613e+27
3756.0,14.360972920107526,5.671296443921298,2.5933110345518694e+27
3766.0,14.360936339207793,5.6701466676504,2.5824357901820007e+27
3776.0,14.360899922935532,5.66900029940607,2.571634810071467e+27
3786.0,14.360863670113044,5.667857320056536,2.560907392422926e+27
3796.0,14.360827579574156,5.666717710627816,2.5502528439009273e+27
3806.0,14.360791650164076,5.665581452302007,2.5396704795079345e+27
3816.0,14.360755880739251,5.664448526415585,2.5291596224624844e+27
3826.0,14.360720270167231,5.663318914457745,2.51871960407944e+27
3836.0,14.360684817326531,5.662192598068747,2.508349763652297e+27
3846.0,14.360649521106495,5.661069559038296,2.498049448337503e+27
3856.0,14.360614380407167,5.65994977930394,2.4878180130407447e+27
3866.0,14.360579394139158,5.658833240949486,2.4776548203051775e+27
3876.0,14.360544561223517,5.657719926203439,2.4675592402015438e+27
3886.0,14.360509880591604,5.656609817437467,2.457530650220153e+27
3896.0,14.360475351184968,5.655502897164874,2.447568435164687e+27
3906.0,14.360440971955224,5.654399148039108,2.4376719870477912e+27
3916.0,14.360406741863926,5.653298552852273,2.4278407049884168e+27
3926.0,14.360372659882453,5.6522010945336785,2.418073995110888e+27
3936.0,14.36033872499189,5.651106756148392,2.4083712704456495e+27
3946.0,14.360304936182908,5.650015520895815,2.398731950831673e+27
3956.0,14.36027129245566,5.648927372108281,2.3891554628204808e+27
3966.0,14.360237792819657,5.647842293249672,2.379641239581766e+27
3976.0,14.360204436293659,5.646760267914046,2.3701887208105699e+27
3986.0,14.360171221905572,5.64568127982429,2.3607973526359917e+27
3996.0,14.360138148692336,5.644605312830784,2.3514665875314004e+27
4006.0,14.360105215699814,5.64353235091009,2.342195884226122e+27
4016.0,14.360072421982697,5.642462378163645,2.33298470761857e+27
4026.0,14.360039766604391,5.641395378816489,2.323832528690797e+27
4036.0,14.360007248636922,5.6403313372159865,2.3147388244244372e+27
4046.0,14.359974867160831,5.639270237830589,2.3057030777180166e+27
4056.0,14.359942621265079,5.638212065248591,2.2967247773056017e+27
4066.0,14.359910510046943,5.637156804176916,2.287803417676766e+27
4076.0,14.359878532611926,5.636104439439912,2.278938498997844e+27
4086.0,14.359846688073661,5.635054955978163,2.270129527034459e+27
4096.0,14.359814975553816,5.63400833884732,2.261376013075289e+27
4106.0,14.359783394182,5.632964573216935,2.2526774738570538e+27
4116.0,14.359751943095674,5.6319236443693175,2.2440334314907047e+27
4126.0,14.359720621440061,5.630885537698419,2.235443413388785e+27
4136.0,14.35968942836806,5.629850238708697,2.2269069521939523e+27
4146.0,14.359658363040156,5.628817733014022,2.218423585708626e+27
4156.0,14.359627424624328,5.627788006336592,2.2099928568257553e+27
4166.0,14.359596612295977,5.626761044505855,2.2016143134606772e+27
4176.0,14.359565925237833,5.625736833457448,2.1932875084840457e+27
4186.0,14.359535362639875,5.624715359232143,2.185011999655818e+27
4196.0,14.359504923699246,5.62369660797482,2.1767873495602734e+27
4206.0,14.359474607620182,5.622680565933436,2.1686131255420475e+27
4216.0,14.359444413613922,5.621667219458022,2.160488899643167e+27
4226.0,14.359414340898635,5.620656554999674,2.1524142485410605e+27
4236.0,14.359384388699343,5.61964855910958,2.1443887534875348e+27
4246.0,14.359354556247846,5.618643218438034,2.1364120002486937e+27
4256.0,14.35932484278264,5.617640519733479,2.1284835790457884e+27
4266.0,14.35929524754885,5.6166404498415545,2.1206030844969753e+27
4276.0,14.359265769798158,5.6156429957041585,2.112770115559974e+27
4286.0,14.359236408788725,5.614648144358519,2.104984275475602e+27
4296.0,14.359207163785122,5.613655882936271,2.0972451717121744e+27
4306.0,14.35917803405826,5.612666198662561,2.0895524159107552e+27
4316.0,14.359149018885322,5.611679078855143,2.0819056238312375e+27
4326.0,14.359120117549693,5.610694510923495,2.0743044152992493e+27
4336.0,14.359091329340895,5.609712482367948,2.0667484141538597e+27
4346.0,14.359062653554517,5.608732980778818,2.05923724819608e+27
4356.0,14.359034089492148,5.607755993835555,2.0517705491381404e+27
4366.0,14.35900563646132,5.606781509305895,2.0443479525535303e+27
4376.0,14.358977293775437,5.605809515045037,2.03696909782779e+27
4386.0,14.358949060753712,5.604839998994802,2.0296336281100417e+27
4396.0,14.358920936721109,5.6038729491828345,2.022341190265243e+27
4406.0,14.358892921008277,5.602908353721785,2.0150914348271546e+27
4416.0,14.358865012951492,5.601946200808525,2.0078840159520072e+27
4426.0,14.358837211892597,5.600986478723354,2.000718591372859e+27
4436.0,14.35880951717894,5.600029175829222,1.9935948223546277e+27
4446.0,14.35878192816332,5.599074280570963,1.9865123736497886e+27
4456.0,14.358754444203926,5.59812178147454,1.9794709134547253e+27
4466.0,14.358727064664281,5.597171667146283,1.972470113366726e+27
4476.0,14.358699788913185,5.59622392627216,1.9655096483416085e+27
4486.0,14.358672616324661,5.595278547617031,1.9585891966519675e+27
4496.0,14.3586455462779,5.594335520023936,1.9517084398460337e+27
4506.0,14.358618578157207,5.593394832413366,1.9448670627071318e+27
4516.0,14.358591711351945,5.592456473782559,1.9380647532137296e+27
4526.0,14.358564945256486,5.5915204332048045,1.931301202500067e+27
4536.0,14.358538279270157,5.590586699828737,1.9245761048173573e+27
4546.0,14.358511712797188,5.589655262877665,1.9178891574955482e+27
4556.0,14.358485245246664,5.58872611164889,1.9112400609056348e+27
4566.0,14.358458876032472,5.5877992355130335,1.904628518422517e+27
4576.0,14.35843260457325,5.586874623913372,1.8980542363883886e+27
4586.0,14.358406430292346,5.585952266365194,1.8915169240766524e+27
4596.0,14.35838035261776,5.585032152455138,1.8850162936563527e+27
4606.0,14.358354370982102,5.584114271840569,1.878552060157113e+27
4616.0,14.358328484822543,5.583198614248924,1.8721239414345766e+27
4626.0,14.358302693580772,5.582285169477114,1.8657316581363348e+27
4636.0,14.358276996702942,5.581373927390871,1.859374933668342e+27
4646.0,14.358251393639636,5.580464877924168,1.8530534941618026e+27
4656.0,14.35822588384581,5.579558011078591,1.8467670684405294e+27
4666.0,14.358200466780758,5.578653316922754,1.8405153879887588e+27
4676.0,14.358175141908065,5.577750785591698,1.8342981869194218e+27
4686.0,14.358149908695564,5.576850407286306,1.8281152019428557e+27
4696.0,14.358124766615292,5.5759521722727365,1.8219661723359592e+27
4706.0,14.35809971514345,5.575056070881825,1.8158508399117752e+27
4716.0,14.35807475376036,5.574162093508544,1.8097689489894985e+27
4726.0,14.358049881950423,5.573270230611426,1.8037202463649023e+27
4736.0,14.358025099202084,5.5723804727120125,1.797704481281172e+27
4746.0,14.358000405007784,5.57149281039431,1.7917214054001472e+27
4756.0,14.357975798863924,5.570607234304244,1.7857707727739585e+27
4766.0,14.357951280270827,5.5697237351491165,1.7798523398170564e+27
4776.0,14.357926848732697,5.568842303697086,1.7739658652786262e+27
4786.0,14.357902503757584,5.567962930776636,1.768111110215382e+27
4796.0,14.357878244857341,5.567085607276052,1.7622878379647307e+27
4806.0,14.35785407154759,5.566210324142919,1.756495814118308e+27
4816.0,14.357829983347687,5.565337072383597,1.750734806495872e+27
4826.0,14.35780597978068,5.564465843062733,1.7450045851195547e+27
4836.0,14.357782060373282,5.563596627302753,1.7393049221884624e+27
4846.0,14.357758224655823,5.562729416283371,1.7336355920536216e+27
4856.0,14.357734472162226,5.561864201241107,1.7279963711932644e+27
4866.0,14.357710802429967,5.561000973468799,1.7223870381884462e+27
4876.0,14.35768721500004,5.560139724315125,1.716807373698994e+27
4886.0,14.357663709416924,5.5592804451841396,1.7112571604397792e+27
4896.0,14.357640285228552,5.558423127534796,1.7057361831573058e+27
4906.0,14.357616941986274,5.557567762880487,1.700244228606616e+27
4916.0,14.357593679244827,5.556714342788595,1.6947810855285034e+27
4926.0,14.3575704965623,5.55586285888003,1.689346544627028e+27
4936.0,14.357547393500106,5.555013302828782,1.6839403985473368e+27
4946.0,14.357524369622945,5.5541656663614845,1.678562441853772e+27
4956.0,14.357501424498777,5.553319941256969,1.673212471008276e+27
4966.0,14.357478557698789,5.552476119345837,1.6678902843490773e+27
4976.0,14.357455768797367,5.551634192510019,1.662595682069663e+27
4986.0,14.35743305737206,5.550794152682366,1.657328466198024e+27
4996.0,14.357410423003556,5.549955991846214,1.6520884405761774e+27
5006.0,14.357387865275651,5.549119702034973,1.6468754108399539e+27
