Time,Mass,Radius,Lx
23.0,6.728688454232868,8.74,1.1600000000000076e+30
23.1,6.727424610524439,8.734507353091042,1.154660410481529e+30
23.200000000000003,6.726168554954525,8.729044257316179,1.149368305985163e+30
23.300000000000004,6.724920205492017,8.723610426603202,1.144123062267769e+30
23.400000000000006,6.7236794813210174,8.71820557885898,1.1389240659248484e+30
23.500000000000007,6.722446302817707,8.712829435897474,1.1337707141570427e+30
23.60000000000001,6.721220591527747,8.70748172336936,1.128662414542625e+30
23.70000000000001,6.720002270144209,8.702162170693207,1.1235985848158149e+30
23.80000000000001,6.718791262486002,8.696870510988166,1.1185786526507383e+30
23.900000000000013,6.717587493476805,8.69160648100815,1.1136020554508694e+30
24.000000000000014,6.716390889124474,8.686369821077436,1.1086682401437893e+30
24.100000000000016,6.715201376500921,8.681160275027688,1.10377666298111e+30
24.200000000000017,6.714018883722441,8.675977590136327,1.0989267893434096e+30
24.30000000000002,6.712843339930496,8.670821517066246,1.0941180935500337e+30
24.40000000000002,6.7116746752729135,8.665691809806804,1.0893500586736234e+30
24.50000000000002,6.710512820885521,8.660588225616115,1.0846221763592339e+30
24.600000000000023,6.709357708874179,8.655510524964528,1.079933946647908e+30
24.700000000000024,6.708209272297214,8.650458471479348,1.0752848778045835e+30
24.800000000000026,6.707067445148247,8.645431831890683,1.070674486150206e+30
24.900000000000027,6.705932162339387,8.640430375978477,1.0661022958979276e+30
25.00000000000003,6.7048033596848065,8.635453876520621,1.0615678389932818e+30
25.10000000000003,6.703680973884663,8.63050210924217,1.0570706549582161e+30
25.20000000000003,6.702564942509379,8.625574852765604,1.052610290738877e+30
25.300000000000033,6.701455203984257,8.620671888562123,1.0481863005570442e+30
25.400000000000034,6.700351697574431,8.615793000903967,1.0437982457651092e+30
25.500000000000036,6.699254363370133,8.610937976817679,1.0394456947045022e+30
25.600000000000037,6.698163142272286,8.606106606038363,1.0351282225674734e+30
25.70000000000004,6.697077975978393,8.601298680964867,1.0308454112621315e+30
25.80000000000004,6.695998806968735,8.596513996615858,1.0265968492806586e+30
25.90000000000004,6.694925578492851,8.59175235058681,1.0223821315706043e+30
26.000000000000043,6.6938582345563145,8.587013543007853,1.0182008594091853e+30
26.100000000000044,6.692796719907776,8.58229737650247,1.0140526402805035e+30
26.200000000000045,6.691740980026283,8.577603656147014,1.009937087755604e+30
26.300000000000047,6.690690961108864,8.572932189431047,1.0058538213753003e+30
26.40000000000005,6.689646610058366,8.568282786218452,1.0018024665356893e+30
26.50000000000005,6.688607874471549,8.563655258709334,9.977826543762842e+29
26.60000000000005,6.687574702627418,8.559049421402653,9.937940216707e+29
26.700000000000053,6.686547043475804,8.554465091059607,9.898362107198186e+29
26.800000000000054,6.68552484662617,8.549902086667716,9.859088692473721e+29
26.900000000000055,6.684508062336647,8.545360229405636,9.82011650297879e+29
27.000000000000057,6.683496641503295,8.540839342608619,9.78144212136872e+29
27.10000000000006,6.682490535649579,8.536339251734672,9.743062181533589e+29
27.20000000000006,6.681489696916059,8.53185978433135,9.704973367644561e+29
27.30000000000006,6.68049407805028,8.527400770003219,9.667172413221412e+29
27.400000000000063,6.679503632396875,8.522962040379882,9.629656100220684e+29
27.500000000000064,6.678518313887853,8.518543429084687,9.592421258143938e+29
27.600000000000065,6.677538077033091,8.51414477170398,9.555464763165605e+29
27.700000000000067,6.676562876911006,8.509765905756963,9.518783537279917e+29
27.800000000000068,6.675592669159412,8.505406670666103,9.482374547466451e+29
27.90000000000007,6.674627409966562,8.501066907728136,9.44623480487379e+29
28.00000000000007,6.673667056062357,8.496746460085555,9.410361364020887e+29
28.100000000000072,6.672711564709732,8.492445172698703,9.374751322015626e+29
28.200000000000074,6.671760893696207,8.488162892318314,9.339401817790219e+29
28.300000000000075,6.670815001325601,8.483899467458617,9.304310031352953e+29
28.400000000000077,6.66987384640991,8.479654748370903,9.269473183055922e+29
28.500000000000078,6.668937388261334,8.47542858701761,9.234888532878352e+29
28.60000000000008,6.668005586684461,8.471220837046857,9.200553379725088e+29
28.70000000000008,6.667078401968602,8.467031353767453,9.166465060739927e+29
28.800000000000082,6.6661557948802646,8.462859994124365,9.132620950633389e+29
28.900000000000084,6.6652377266557785,8.458706616674629,9.099018461024603e+29
29.000000000000085,6.664324158994051,8.454571081563705,9.065655039796938e+29
29.100000000000087,6.663415054049468,8.450453250502239,9.032528170467074e+29
29.200000000000088,6.662510374424917,8.446352986743259,8.999635371567162e+29
29.30000000000009,6.661610083164953,8.442270155059786,8.966974196039777e+29
29.40000000000009,6.6607141437490816,8.438204621722821,8.934542230645329e+29
29.500000000000092,6.659822520085171,8.434156254479753,8.902337095381689e+29
29.600000000000094,6.658935176502986,8.430124922533114,8.870356442915659e+29
29.700000000000095,6.658052077747841,8.426110496519755,8.838597958026086e+29
29.800000000000097,6.657173188974367,8.422112848490348,8.807059357058277e+29
29.900000000000098,6.656298475740398,8.418131851889271,8.775738387389497e+29
30.0000000000001,6.655427904000962,8.414167381534837,8.744632826905256e+29
30.1000000000001,6.654561440102387,8.410219313599871,8.713740483486154e+29
30.200000000000102,6.653699050776513,8.406287525592626,8.683059194505016e+29
30.300000000000104,6.652840703135006,8.402371896338025,8.652586826334108e+29
30.400000000000105,6.651986364663775,8.39847230595923,8.622321273862156e+29
30.500000000000107,6.65113600321749,8.394588635859524,8.592260460020991e+29
30.600000000000108,6.650289587014203,8.39072076870452,8.562402335321553e+29
30.70000000000011,6.649447084630052,8.38686858840465,8.532744877399069e+29
30.80000000000011,6.64860846499407,8.383031980097972,8.503286090567183e+29
30.900000000000112,6.647773697383088,8.37921083013326,8.474024005380825e+29
31.000000000000114,6.646942751416716,8.37540502605338,8.444956678207645e+29
31.100000000000115,6.646115597052422,8.371614456578966,8.41608219080779e+29
31.200000000000117,6.645292204580695,8.367839011592322,8.387398649921848e+29
31.300000000000118,6.644472544620293,8.364078582121666,8.358904186866782e+29
31.40000000000012,6.64365658811357,8.360333060325566,8.330596957139649e+29
31.50000000000012,6.642844306321892,8.35660233947769,8.302475140028964e+29
31.600000000000122,6.6420356708211195,8.352886313951768,8.27453693823352e+29
31.700000000000124,6.641230653497187,8.349184879206847,8.246780577488472e+29
31.800000000000125,6.640429226541738,8.345497931772737,8.219204306198594e+29
31.900000000000126,6.639631362447851,8.341825369235751,8.191806395078461e+29
32.00000000000013,6.638837034005826,8.338167090224635,8.164585136799481e+29
32.10000000000013,6.638046214299057,8.334522994396755,8.137538845643577e+29
32.20000000000013,6.637258876699957,8.330892982424498,8.110665857163398e+29
32.30000000000013,6.636474994865972,8.327276955981898,8.083964527848901e+29
32.400000000000134,6.635694542735641,8.32367481773147,8.057433234800176e+29
32.500000000000135,6.634917494524744,8.320086471311285,8.031070375406377e+29
32.600000000000136,6.634143824722496,8.316511821322207,8.004874367030619e+29
32.70000000000014,6.633373508087817,8.312950773315382,7.978843646700717e+29
32.80000000000014,6.632606519645656,8.309403233779891,7.952976670805652e+29
32.90000000000014,6.631842834683385,8.305869110130628,7.927271914797612e+29
33.00000000000014,6.631082428747243,8.302348310696345,7.901727872899527e+29
33.10000000000014,6.630325277638847,8.298840744707915,7.876343057817946e+29
33.200000000000145,6.629571357411756,8.295346322286761,7.851116000461163e+29
33.300000000000146,6.62882064436809,8.29186495443346,7.826045249662483e+29
33.40000000000015,6.628073115055212,8.288396553016561,7.801129371908493e+29
33.50000000000015,6.627328746262455,8.284941030761532,7.776366951072267e+29
33.60000000000015,6.626587515017907,8.281498301239932,7.751756588151383e+29
33.70000000000015,6.625849398585251,8.278068278858699,7.727296901010638e+29
33.80000000000015,6.6251143744606455,8.27465087884964,7.702986524129404e+29
33.900000000000155,6.624382420369671,8.271246017259068,7.678824108353479e+29
34.000000000000156,6.623653514264312,8.267853610937625,7.654808320651373e+29
34.10000000000016,6.622927634319994,8.264473577530207,7.630937843874933e+29
34.20000000000016,6.622204758932665,8.261105835466106,7.607211376524195e+29
34.30000000000016,6.62148486671593,8.257750303949269,7.583627632516413e+29
34.40000000000016,6.620767936498219,8.254406902948697,7.560185340959141e+29
34.50000000000016,6.620053947320014,8.251075553189022,7.536883245927313e+29
34.600000000000165,6.619342878431107,8.247756176141214,7.513720106244226e+29
34.700000000000166,6.618634709287912,8.2444486940134,7.490694695266347e+29
34.80000000000017,6.617929419550811,8.241153029741877,7.467805800671879e+29
34.90000000000017,6.617226989081547,8.237869106982206,7.445052224252985e+29
35.00000000000017,6.616527397940654,8.234596850100479,7.422432781711628e+29
35.10000000000017,6.615830626384932,8.231336184164695,7.399946302458923e+29
35.20000000000017,6.615136654864953,8.228087034936266,7.377591629417952e+29
35.300000000000175,6.614445464022615,8.22484932886167,7.355367618829965e+29
35.400000000000176,6.613757034688727,8.2216229930642,7.3332731400639e+29
35.50000000000018,6.613071347880637,8.218407955335843,7.31130707542916e+29
35.60000000000018,6.612388384799887,8.215204144129302,7.289468319991566e+29
35.70000000000018,6.611708126829918,8.212011488550107,7.267755781392451e+29
35.80000000000018,6.611030555533795,8.208829918348842,7.246168379670809e+29
35.90000000000018,6.610355652651978,8.205659363913512,7.224705047088449e+29
36.000000000000185,6.609683400100121,8.202499756261997,7.203364727958095e+29
36.100000000000186,6.609013779966905,8.199351027034618,7.182146378474373e+29
36.20000000000019,6.60834677451191,8.19621310848684,7.161048966547626e+29
36.30000000000019,6.607682366163505,8.19308593348202,7.140071471640506e+29
36.40000000000019,6.607020537516788,8.189969435484336,7.119212884607292e+29
36.50000000000019,6.60636127133154,8.186863548551756,7.098472207535872e+29
36.60000000000019,6.605704550530221,8.183768207329132,7.077848453592343e+29
36.700000000000195,6.605050358195989,8.180683347041402,7.057340646868178e+29
36.800000000000196,6.604398677570755,8.17760890348687,7.036947822229916e+29
36.9000000000002,6.603749492053259,8.174544813030593,7.016669025171317e+29
37.0000000000002,6.603102785197183,8.171491012597864,6.996503311667939e+29
37.1000000000002,6.602458540709281,8.16844743966778,6.976449748034093e+29
37.2000000000002,6.601816742447551,8.165414032266897,6.956507410782132e+29
37.3000000000002,6.601177374419417,8.162390728962995,6.936675386484023e+29
37.400000000000205,6.600540420779953,8.1593774688589,6.916952771635167e+29
37.500000000000206,6.599905865830123,8.15637419158643,6.897338672520414e+29
37.60000000000021,6.59927369401505,8.153380837300386,6.877832205082248e+29
37.70000000000021,6.59864388992231,8.150397346672655,6.858432494791084e+29
37.80000000000021,6.5980164382802515,8.147423660886385,6.839138676517649e+29
37.90000000000021,6.597391323956336,8.144459721630245,6.819949894407404e+29
38.00000000000021,6.596768531955507,8.14150547109275,6.80086530175697e+29
38.100000000000215,6.596148047418578,8.13856085195668,6.781884060892521e+29
38.200000000000216,6.595529855620647,8.135625807393588,6.7630053430501e+29
38.30000000000022,6.594913941969533,8.132700281058339,6.744228328257843e+29
38.40000000000022,6.594300292004229,8.129784217083767,6.725552205220053e+29
38.50000000000022,6.593688891393391,8.126877560075389,6.706976171203099e+29
38.60000000000022,6.593079725933832,8.123980255106185,6.688499431923115e+29
38.70000000000022,6.592472781549044,8.12109224771146,6.670121201435446e+29
38.800000000000225,6.591868044287748,8.11821348388377,6.651840702025838e+29
38.900000000000226,6.591265500322454,8.115343910067912,6.633657164103308e+29
39.00000000000023,6.590665135948043,8.112483473155999,6.615569826094685e+29
39.10000000000023,6.590066937580374,8.109632120482575,6.597577934340802e+29
39.20000000000023,6.5894708917549085,8.106789799819817,6.579680742994254e+29
39.30000000000023,6.5888769851253475,8.103956459372789,6.561877513918783e+29
39.40000000000023,6.588285204462299,8.10113204777477,6.544167516590174e+29
39.500000000000234,6.587695536651952,8.098316514082638,6.526550027998685e+29
39.600000000000236,6.587107968694783,8.09550980777231,6.509024332552974e+29
39.70000000000024,6.58652248770426,8.092711878734248,6.491589721985491e+29
39.80000000000024,6.585939080905588,8.089922677269026,6.474245495259306e+29
39.90000000000024,6.585357735634451,8.08714215408296,6.456990958476362e+29
40.00000000000024,6.584778439335788,8.084370260283778,6.43982542478711e+29
40.10000000000024,6.5842011795625695,8.081606947376363,6.422748214301511e+29
40.200000000000244,6.583625943974606,8.07885216725855,6.405758654001395e+29
40.300000000000246,6.58305272033736,8.076105872216964,6.388856077654112e+29
40.40000000000025,6.582481496520785,8.073368014922933,6.372039825727504e+29
40.50000000000025,6.581912260498171,8.07063854842844,6.355309245306138e+29
40.60000000000025,6.581345000345009,8.067917426162122,6.338663690008784e+29
40.70000000000025,6.580779704237877,8.065204601925354,6.3221025199071386e+29
40.80000000000025,6.580216360453326,8.062500029888323,6.3056251014457465e+29
40.900000000000254,6.579654957366798,8.059803664586221,6.289230807363102e+29
41.000000000000256,6.579095483451545,8.057115460915437,6.272919016613939e+29
41.10000000000026,6.578537927277572,8.054435374129817,6.256689114292639e+29
41.20000000000026,6.577982277510586,8.051763359836977,6.240540491557792e+29
41.30000000000026,6.577428522910964,8.049099373994647,6.224472545557848e+29
41.40000000000026,6.576876652332735,8.046443372907074,6.208484679357866e+29
41.50000000000026,6.576326654722572,8.043795313221462,6.192576301867329e+29
41.600000000000264,6.575778519118799,8.041155151924475,6.176746827769011e+29
41.700000000000266,6.575232234650412,8.038522846338752,6.160995677448886e+29
41.80000000000027,6.574687790536109,8.0358983541195,6.145322276927037e+29
41.90000000000027,6.5741451760833405,8.033281633251104,6.1297260577895826e+29
42.00000000000027,6.573604380687363,8.0306726420438,6.114206457121579e+29
42.10000000000027,6.573065393830309,8.028071339130364,6.098762917440884e+29
42.20000000000027,6.572528205080274,8.025477683462872,6.083394886632975e+29
42.300000000000274,6.571992804090403,8.022891634309483,6.068101817886708e+29
42.400000000000276,6.571459180598003,8.020313151251257,6.0528831696309806e+29
42.50000000000028,6.570927324423656,8.017742194179025,6.037738405472311e+29
42.60000000000028,6.570397225470349,8.015178723290294,6.022666994133304e+29
42.70000000000028,6.569868873722613,8.01262269908619,6.007668409391977e+29
42.80000000000028,6.569342259245675,8.01007408236843,5.992742130021972e+29
42.90000000000028,6.568817372184618,8.007532834236349,5.977887639733583e+29
43.000000000000284,6.568294202763553,8.004998916083938,5.963104427115635e+29
43.100000000000286,6.567772741284803,8.00247228959695,5.948391985578174e+29
43.20000000000029,6.567252978128094,7.999952916750011,5.933749813295964e+29
43.30000000000029,6.566734903749759,7.997440759803787,5.919177413152767e+29
43.40000000000029,6.566218508681953,7.994935781302173,5.904674292686414e+29
43.50000000000029,6.565703783531872,7.99243794406952,5.890239964034627e+29
43.60000000000029,6.565190718980991,7.989947211207902,5.8758739438816106e+29
43.700000000000294,6.5646793057843,7.9874635460944035,5.861575753405373e+29
43.800000000000296,6.5641695347695626,7.984986912378446,5.8473449182257764e+29
43.9000000000003,6.563661396836572,7.982517273979154,5.8331809683533145e+29
44.0000000000003,6.5631548829564235,7.980054595082734,5.819083438138582e+29
44.1000000000003,6.562649984170793,7.977598840139905,5.805051866222454e+29
44.2000000000003,6.562146691591226,7.975149973863342,5.7910857954869324e+29
44.3000000000003,6.561644996398435,7.972707961225167,5.777184773006682e+29
44.400000000000304,6.561144889841604,7.970272767454448,5.763348350001213e+29
44.500000000000306,6.560646363237702,7.967844358034757,5.7495760817877276e+29
44.60000000000031,6.56014940797081,7.965422698701728,5.735867527734597e+29
44.70000000000031,6.5596540154914456,7.963007755440653,5.722222251215478e+29
44.80000000000031,6.559160177315906,7.960599494484123,5.708639819564048e+29
44.90000000000031,6.558667885025616,7.958197882309674,5.695119804029342e+29
45.00000000000031,6.55817713026648,7.955802885637464,5.6816617797317136e+29
45.100000000000314,6.557687904748246,7.953414471427996,5.66826532561936e+29
45.200000000000315,6.5572002002438765,7.951032606879835,5.654930024425452e+29
45.30000000000032,6.556714008588926,7.948657259427389,5.6416554626258294e+29
45.40000000000032,6.556229321680929,7.9462883967386855,5.62844123039726e+29
45.50000000000032,6.555746131478789,7.9439259867131895,5.615286921576258e+29
45.60000000000032,6.555264430002181,7.941569997479643,5.6021921336184476e+29
45.70000000000032,6.5547842093309585,7.939220397393919,5.5891564675584666e+29
45.800000000000324,6.55430546160457,7.936877155036928,5.576179527970405e+29
46.800000000000324,6.54959730844135,7.913787651106842,5.4495555484059524e+29
47.800000000000324,6.545028224213439,7.891300952459394,5.3283940883895564e+29
48.800000000000324,6.54059124710371,7.86938904704172,5.212352459670403e+29
49.800000000000324,6.536279899293577,7.848025767247508,5.101115917733395e+29
50.800000000000324,6.532088144315043,7.827186634262109,4.994394878298231e+29
51.800000000000324,6.5280103489206684,7.80684871831359,4.8919224594375535e+29
52.800000000000324,6.524041248915549,7.786990512932329,4.793452305780482e+29
53.800000000000324,6.520175918472971,7.767591821579314,4.698756657788655e+29
54.800000000000324,6.516409742520854,7.7486336552217825,4.6076246345348294e+29
55.800000000000324,6.512738391841664,7.730098139620898,4.51986070297353e+29
56.800000000000324,6.509157800575609,7.7119684312548795,4.435283310525459e+29
57.800000000000324,6.505664145857246,7.694228640937027,4.353723661029119e+29
58.800000000000324,6.502253829349969,7.676863764304825,4.275024616846889e+29
59.800000000000324,6.498923460472465,7.659859618456878,4.199039712232528e+29
60.800000000000324,6.495669841136543,7.64320278410127,4.1256322650411796e+29
61.800000000000324,6.492489951837692,7.626880552654056,4.054674575547664e+29
62.800000000000324,6.489380938958644,7.61088087779186,3.986047202580575e+29
63.800000000000324,6.4863401031626235,7.595192331019284,3.9196383084167016e+29
64.80000000000032,6.483364888767246,7.57980406086126,3.8553430649443696e+29
65.80000000000032,6.480452874002421,7.564705755333771,3.7930631145218796e+29
66.80000000000032,6.477601762066468,7.549887607384161,3.732706079750363e+29
67.80000000000032,6.47480937290413,7.535340283025526,3.674185117067549e+29
68.80000000000032,6.472073635638482,7.521054891918853,3.6174185096656016e+29
69.80000000000032,6.469392581596005,7.5070229601823435,3.5623292957554704e+29
70.80000000000032,6.466764337870559,7.493236405230061,3.5088449286529364e+29
71.80000000000032,6.464187121377612,7.47968751246219,3.456896965557277e+29
72.80000000000032,6.461659233355104,7.466368913646894,3.406420782239849e+29
73.80000000000032,6.459179054271737,7.453273566849697,3.357355311163821e+29
74.80000000000032,6.456745039107422,7.440394737780281,3.309642800823379e+29
75.80000000000032,6.454355712974079,7.427725982439114,3.2632285943258956e+29
76.80000000000032,6.4520096670481015,7.415261130957518,3.2180609254479976e+29
77.80000000000032,6.449705554788538,7.402994272534752,3.17409073057973e+29
78.80000000000032,6.447442088417524,7.390919741384549,3.1312714751332247e+29
79.80000000000032,6.445218035641692,7.379032103611639,3.0895589931360798e+29
80.80000000000032,6.44303221659525,7.367326144945903,3.048911338857304e+29
81.80000000000032,6.44088350098719,7.355796859268223,3.0092886494272296e+29
82.80000000000032,6.4387708054366835,7.344439437867992,2.9706530175138844e+29
83.80000000000032,6.436693090982119,7.3332492593773715,2.9329683732084967e+29
84.80000000000032,6.43464936075054,7.322221880332165,2.8962003743533488e+29
85.80000000000032,6.432638657775391,7.311353026313391,2.8603163046172213e+29
86.80000000000032,6.430660062951516,7.300638583627576,2.825284978688194e+29
87.80000000000032,6.428712693117292,7.290074591487121,2.7910766540114253e+29
88.80000000000032,6.426795699254659,7.279657234655463,2.7576629485514934e+29
89.80000000000032,6.424908264798524,7.269382836524441,2.7250167641055837e+29
90.80000000000032,6.423049604047781,7.259247852593976,2.6931122147358732e+29
91.80000000000032,6.421218960670772,7.249248864326578,2.6619245599273542e+29
92.80000000000032,6.41941560629861,7.239382573351245,2.6314301421115497e+29
93.80000000000032,6.417638839200321,7.229645795993386,2.6016063282274666e+29
94.80000000000032,6.415887983034209,7.220035458109207,2.5724314550190702e+29
95.80000000000032,6.414162385670316,7.210548590204503,2.5438847777938884e+29
96.80000000000032,6.4124614180792205,7.2011823228195055,2.515946422390256e+29
97.80000000000032,6.4107844732827965,7.191933882162628,2.488597340121549e+29
98.80000000000032,6.409130965362878,7.182800585977331,2.46181926548464e+29
99.80000000000032,6.407500328524081,7.173779839627429,2.4355946764369923e+29
100.80000000000032,6.40589201620731,7.164869132387196,2.409906757062468e+29
101.80000000000032,6.404305500250737,7.156066033923713,2.3847393624601452e+29
102.80000000000032,6.402740270095264,7.147368190959632,2.3600769857034592e+29
103.80000000000032,6.4011958320317035,7.138773324105502,2.3359047267288207e+29
104.80000000000032,6.399671708487109,7.130279224851471,2.3122082630237108e+29
105.80000000000032,6.398167437347858,7.121883752708925,2.2889738219941473e+29
106.80000000000032,6.396682571317276,7.113584832493235,2.266188154900488e+29
107.80000000000032,6.39521667730572,7.105380451739396,2.2438385122588435e+29
108.80000000000032,6.393769335851206,7.097268658242905,2.2219126206129668e+29
109.80000000000032,6.392340140568777,7.089247557718698,2.200398660588495e+29
110.80000000000032,6.390928697626943,7.081315311571492,2.179285246147808e+29
111.80000000000032,6.389534625249622,7.0734701347712186,2.1585614049696748e+29
112.80000000000032,6.388157553242134,7.065710293827777,2.1382165598832784e+29
113.80000000000032,6.38679712253987,7.0580341048595585,2.1182405112911836e+29
114.80000000000032,6.385452984778373,7.05043993175067,2.098623420520426e+29
115.80000000000032,6.38412480188363,7.042926184392011,2.0793557940451214e+29
116.80000000000032,6.382812245681462,7.035491317001732,2.060428468527903e+29
117.80000000000032,6.38151499752497,7.028133826520818,2.0418325966311057e+29
118.80000000000032,6.380232747939042,7.020852251079839,2.023559633551942e+29
119.80000000000032,6.378965196281016,7.013645168533147,2.0056013242389908e+29
120.80000000000032,6.3777120504166405,7.0065111950570245,1.9879496912501763e+29
121.80000000000032,6.376473026410495,6.999448983808437,1.970597023215044e+29
122.80000000000032,6.375247848230146,6.992457223641379,1.9535358638665798e+29
123.80000000000032,6.374036247463297,6.985534637877816,1.9367590016100933e+29
124.80000000000032,6.372837963047278,6.978679983130531,1.9202594595987656e+29
125.80000000000032,6.371652741010221,6.971892048175249,1.9040304862874304e+29
126.80000000000032,6.370480334223356,6.965169652869637,1.888065546437949e+29
127.80000000000032,6.369320502163838,6.958511647116849,1.8723583125512287e+29
128.80000000000032,6.368173010687597,6.9519169098714695,1.856902656702489e+29
129.80000000000032,6.367037631811706,6.945384348185785,1.8416926427578446e+29
130.80000000000032,6.365914143505795,6.938912896294468,1.82672251895161e+29
131.80000000000032,6.364802329492073,6.932501514735836,1.8119867108050043e+29
132.80000000000032,6.36370197905354,6.9261491895079565,1.7974798143681013e+29
133.80000000000032,6.3626128868499965,6.919854931257987,1.7831965897679577e+29
134.80000000000032,6.361534852741464,6.913617774503157,1.7691319550468938e+29
135.80000000000032,6.360467681618686,6.90743677688198,1.7552809802758216e+29
136.80000000000032,6.3594111832403595,6.901311018434283,1.7416388819284346e+29
137.80000000000032,6.35836517207679,6.895239600908752,1.7282010175028844e+29
138.80000000000032,6.357329467159668,6.8892216470967345,1.7149628803783567e+29
139.80000000000032,6.356303891937685,6.883256300191151,1.701920094894676e+29
140.80000000000032,6.3552882741377275,6.877342723169363,1.6890684116437596e+29
141.80000000000032,6.3542824456313864,6.87148009819896,1.676403702962361e+29
142.80000000000032,6.35328624230655,6.865667626065473,1.6639219586161596e+29
143.80000000000032,6.352299503943847,6.859904525621005,1.6516192816657922e+29
144.80000000000032,6.3513220740977285,6.854190033252934,1.639491884505954e+29
145.80000000000032,6.350353799981979,6.848523402371784,1.6275360850691894e+29
146.80000000000032,6.349394532359467,6.842903902917479,1.615748303186446e+29
147.80000000000032,6.348444125435949,6.83733082088316,1.604125057096906e+29
148.80000000000032,6.347502436757747,6.831803457855857,1.592662960100007e+29
149.80000000000032,6.346569327113136,6.826321130573298,1.5813587173429482e+29
150.80000000000032,6.345644660437294,6.820883170496199,1.570209122737344e+29
151.80000000000032,6.344728303720638,6.815488923395353,1.5592110559990083e+29
152.80000000000032,6.343820126920427,6.810137748952988,1.5483614798051822e+29
153.80000000000032,6.342920002875488,6.804829020377708,1.5376574370638151e+29
154.80000000000032,6.342027807223927,6.79956212403258,1.5270960482897848e+29
155.80000000000032,6.341143418323712,6.794336459075742,1.5166745090832065e+29
156.80000000000032,6.340266717176011,6.789151437113107,1.5063900877052398e+29
157.80000000000032,6.3393975873511526,6.7840064818626065,1.4962401227470238e+29
158.80000000000032,6.338535914917139,6.7789010288296065,1.4862220208876022e+29
159.80000000000032,6.337681588370569,6.773834524992973,1.4763332547369038e+29
160.80000000000032,6.336834498569908,6.768806428501428,1.4665713607600475e+29
161.80000000000032,6.335994538670983,6.763816208379783,1.4569339372794124e+29
162.80000000000032,6.335161604064642,6.758863344244656,1.4474186425511121e+29
163.80000000000032,6.33433559231647,6.753947326029321,1.438023192912656e+29
164.80000000000032,6.33351640310849,6.749067653717342,1.42874536099875e+29
165.80000000000032,6.3327039381827825,6.744223837084675,1.4195829740223355e+29
166.80000000000032,6.331898101286926,6.739415395449868,1.4105339121181039e+29
167.80000000000032,6.331098798121214,6.734641857432129,1.4015961067458556e+29
168.80000000000032,6.330305936287561,6.729902760716918,1.3927675391512025e+29
169.80000000000032,6.329519425240043,6.72519765182879,1.3840462388812253e+29
170.80000000000032,6.32873917623701,6.7205260859112474,1.3754302823528184e+29
171.80000000000032,6.327965102294717,6.715887626513348,1.3669177914715522e+29
172.80000000000032,6.327197118142397,6.711281845382761,1.3585069322989906e+29
173.80000000000032,6.326435140178748,6.706708322265133,1.350195913766493e+29
174.80000000000032,6.3256790864297665,6.702166644709466,1.3419829864336242e+29
175.80000000000032,6.324928876507884,6.697656407879332,1.3338664412893816e+29
176.80000000000032,6.324184431572354,6.693177214369683,1.3258446085945234e+29
177.80000000000032,6.323445674290848,6.6887286740290985,1.3179158567633751e+29
178.80000000000032,6.322712528802221,6.684310403787258,1.3100785912835435e+29
179.80000000000032,6.321984920680395,6.679922027487448,1.3023312536720601e+29
180.80000000000032,6.321262776899328,6.675563175723953,1.2946723204665224e+29
181.80000000000032,6.320546025799028,6.671233485684144,1.2871003022498794e+29
182.80000000000032,6.3198345970525756,6.666932600995116,1.2796137427075575e+29
183.80000000000032,6.319128421634119,6.6626601715746965,1.2722112177156882e+29
184.80000000000032,6.318427431787806,6.658415853486716,1.2648913344592433e+29
185.80000000000032,6.317731560997629,6.654199308800353,1.257652730578948e+29
186.80000000000032,6.3170407439581355,6.650010205453448,1.2504940733458776e+29
187.80000000000032,6.316354916545996,6.645848217119658,1.2434140588627002e+29
188.80000000000032,6.315674015792377,6.641713023079273,1.2364114112905673e+29
189.80000000000032,6.314997979856111,6.6376043080936515,1.2294848821006998e+29
190.80000000000032,6.314326747997624,6.633521762283088,1.222633249349752e+29
191.80000000000032,6.313660260553605,6.629465081008039,1.2158553169780812e+29
192.80000000000032,6.312998458912381,6.625433964753594,1.2091499141300833e+29
193.80000000000032,6.312341285489987,6.621428119017059,1.2025158944957882e+29
194.80000000000032,6.311688683706897,6.6174472541985985,1.1959521356729466e+29
195.80000000000032,6.311040597965402,6.613491085494797,1.1894575385488682e+29
196.80000000000032,6.310396973627611,6.609559332795072,1.1830310267013025e+29
197.80000000000032,6.309757756994054,6.605651720580822,1.1766715458176828e+29
198.80000000000032,6.309122895282866,6.6017679778272775,1.1703780631320784e+29
199.80000000000032,6.3084923366095405,6.597907837907895,1.164149566879235e+29
200.80000000000032,6.307866029967224,6.594071038501271,1.1579850657650959e+29
201.80000000000032,6.307243925207545,6.590257321500488,1.151883588453229e+29
202.80000000000032,6.30662597302195,6.586466432924789,1.1458441830666102e+29
203.80000000000032,6.306012124923538,6.582698122833548,1.1398659167042238e+29
204.80000000000032,6.305402333229381,6.57895214524245,1.1339478749719748e+29
205.80000000000032,6.304796551043295,6.575228258041776,1.1280891615274183e+29
206.80000000000032,6.304194732239082,6.5715262229168285,1.122288897637837e+29
207.80000000000032,6.30359683144419,6.567845805270304,1.1165462217512098e+29
208.80000000000032,6.303002804023812,6.5641867741466555,1.1108602890796401e+29
209.80000000000032,6.302412606065388,6.560548902158349,1.1052302711948186e+29
210.80000000000032,6.301826194363501,6.556931965413936,1.0996553556351224e+29
211.80000000000032,6.301243526405176,6.553335743447944,1.0941347455239604e+29
212.80000000000032,6.300664560355528,6.54976001915246,1.0886676591989912e+29
213.80000000000032,6.300089255043798,6.546204578710428,1.0832533298518552e+29
214.80000000000032,6.299517569949727,6.542669211530555,1.0778910051780745e+29
215.80000000000032,6.298949465190275,6.5391537101838235,1.0725799470367898e+29
216.80000000000032,6.298384901506672,6.535657870341515,1.067319431120011e+29
217.80000000000032,6.297823840251793,6.532181490714759,1.0621087466310734e+29
218.80000000000032,6.297266243377839,6.528724372995503,1.0569471959720076e+29
219.80000000000032,6.296712073424334,6.52528632179893,1.0518340944395263e+29
220.80000000000032,6.296161293506399,6.521867144607199,1.0467687699293644e+29
221.80000000000032,6.295613867303331,6.518466651714565,1.0417505626486962e+29
222.80000000000032,6.295069759047442,6.515084656173766,1.03677882483638e+29
223.80000000000032,6.29452893351318,6.511720973743662,1.0318529204907811e+29
224.80000000000032,6.29399135600651,6.508375422838128,1.0269722251049352e+29
225.80000000000032,6.2934569923545425,6.50504782447611,1.0221361254088208e+29
226.80000000000032,6.292925808895421,6.501738002232841,1.0173440191185234e+29
227.80000000000032,6.292397772468438,6.498445782192194,1.0125953146920734e+29
228.80000000000032,6.291872850404393,6.495170992900114,1.0078894310917549e+29
229.80000000000032,6.291351010516175,6.491913465319124,1.0032257975526852e+29
230.80000000000032,6.290832221089566,6.48867303278387,9.986038533574721e+28
231.80000000000032,6.290316450874259,6.485449530957656,9.940230476167662e+28
232.80000000000032,6.2898036690750825,6.4822427977899775,9.894828390555278e+28
233.80000000000032,6.289293845343436,6.479052673475003,9.849826958048352e+28
234.80000000000032,6.2887869497689115,6.475879000410979,9.805220951990706e+28
235.80000000000032,6.288282952871117,6.472721623160544,9.76100523578318e+28
236.80000000000032,6.287781825591681,6.469580388411922,9.717174760958224e+28
237.80000000000032,6.287283539286444,6.4664551449409835,9.673724565303558e+28
238.80000000000032,6.28678806571782,6.463345743574106,9.630649771033494e+28
239.80000000000032,6.2862953770473355,6.460252037151896,9.58794558300646e+28
240.80000000000032,6.285805445828338,6.4571738804936665,9.545607286987425e+28
241.80000000000032,6.2853182449988605,6.454111130362705,9.503630247953886e+28
242.80000000000032,6.284833747874651,6.451063645432269,9.462009908444143e+28
243.80000000000032,6.284351928142356,6.448031286252352,9.42074178694666e+28
244.80000000000032,6.2838727598528505,6.445013915217125,9.37982147632931e+28
245.80000000000032,6.28339621741472,6.442011396533093,9.33924464230737e+28
246.80000000000032,6.2829222755878815,6.43902359618793,9.299007021949131e+28
247.80000000000032,6.2824509094773475,6.436050381919959,9.259104422218089e+28
248.80000000000032,6.281982094527121,6.433091623188295,9.219532718550652e+28
249.80000000000032,6.2815158065142285,6.430147191143609,9.180287853468372e+28
250.80000000000032,6.281052021542873,6.427216958599486,9.14136583522371e+28
251.80000000000032,6.280590716038723,6.424300800004417,9.102762736478418e+28
252.80000000000032,6.280131866743314,6.421398591414334,9.064474693013626e+28
253.80000000000032,6.279675450708581,6.418510210465746,9.026497902470713e+28
254.80000000000032,6.2792214452914905,6.415635536349395,8.98882862312217e+28
255.80000000000032,6.278769828148804,6.412774449784493,8.951463172671576e+28
256.8000000000003,6.278320577231938,6.409926832993445,8.914397927081906e+28
257.8000000000003,6.277873670781937,6.407092569677113,8.877629319431397e+28
258.8000000000003,6.277429087324556,6.404271544990577,8.841153838796223e+28
259.8000000000003,6.276986805665436,6.401463645519371,8.804968029159234e+28
260.8000000000003,6.276546804885386,6.398668759256227,8.769068488344066e+28
261.8000000000003,6.276109064335762,6.395886775578251,8.733451866973934e+28
262.8000000000003,6.275673563633942,6.39311758522458,8.698114867454455e+28
263.8000000000003,6.275240282658883,6.390361080274472,8.663054242979829e+28
264.8000000000003,6.2748092015467885,6.387617154125833,8.628266796561795e+28
265.8000000000003,6.274380300686844,6.3848857014741665,8.59374938008072e+28
266.8000000000003,6.273953560717056,6.382166618291945,8.559498893358257e+28
267.8000000000003,6.273528962520158,6.3794598018083715,8.525512283251005e+28
268.8000000000003,6.273106487219615,6.376765150489549,8.49178654276459e+28
269.8000000000003,6.2726861161756995,6.374082564019032,8.45831871018768e+28
270.8000000000003,6.272267830981643,6.3714119432787495,8.425105868245364e+28
271.8000000000003,6.271851613459873,6.368753190330299,8.392145143271439e+28
272.8000000000003,6.271437445658318,6.3661062083966105,8.359433704399068e+28
273.8000000000003,6.271025309846785,6.363470901843947,8.326968762769379e+28
274.8000000000003,6.270615188513416,6.360847176164256,8.294747570757515e+28
275.8000000000003,6.270207064361201,6.35823493795786,8.262767421215694e+28
276.8000000000003,6.269800920304573,6.3556340949164625,8.231025646732863e+28
277.8000000000003,6.2693967394660595,6.353044555806491,8.199519618910487e+28
278.8000000000003,6.268994505173002,6.350466230452749,8.16824674765411e+28
279.8000000000003,6.268594200954341,6.34789902972236,8.137204480480253e+28
280.8000000000003,6.268195810537459,6.345342865509034,8.106390301838272e+28
281.8000000000003,6.267799317845085,6.342797650717614,8.075801732446827e+28
282.8000000000003,6.267404706992262,6.340263299248905,8.04543632864455e+28
283.8000000000003,6.267011962283368,6.3377397259847985,8.015291681754607e+28
284.8000000000003,6.266621068209194,6.335226846773665,7.985365417462768e+28
285.8000000000003,6.266232009444078,6.332724578415995,7.955655195208688e+28
286.8000000000003,6.265844770843095,6.330232838650332,7.926158707590042e+28
296.8000000000003,6.262069285757114,6.3058770596857165,7.642464183818933e+28
306.8000000000003,6.258460399682257,6.282490115756861,7.377830201135937e+28
316.8000000000003,6.255005561828747,6.260003273570044,7.130415487785861e+28
326.8000000000003,6.251693530754689,6.238354671695733,6.898607489238118e+28
336.8000000000003,6.248514202246143,6.2174884465531175,6.680988016186782e+28
346.8000000000003,6.2454584642098805,6.197353991915016,6.476304892969439e+28
356.8000000000003,6.242518073691018,6.177905328317321,6.283448419619801e+28
366.8000000000003,6.239685552122863,6.159100563471652,6.101431721427211e+28
376.8000000000003,6.236954095687546,6.1409014284515635,5.929374257891619e+28
386.8000000000003,6.234317498268259,6.123272877303721,5.766487914619123e+28
396.8000000000003,6.231770084947529,6.106182740011853,5.612065218748325e+28
406.8000000000003,6.229306654380958,6.089601420551698,5.465469309486542e+28
416.8000000000003,6.226922428674704,6.073501633224321,5.326125366553731e+28
426.8000000000003,6.22461300963449,6.057858171621563,5.193513255438468e+28
436.8000000000003,6.222374340447072,6.042647705521873,5.0671611928438255e+28
446.8000000000003,6.220202672011658,6.02784860178336,4.946640271159521e+28
456.8000000000003,6.218094533266336,6.013440765929591,4.831559709224961e+28
466.8000000000003,6.216046704959008,5.999405501640554,4.721562719560242e+28
476.8000000000003,6.2140561963982925,5.985725385787786,4.616322900802259e+28
486.8000000000003,6.212120224790833,5.9723841570066885,4.5155410791898465e+28
496.8000000000003,6.21023619683041,5.959366616093668,4.418942535294478e+28
506.8000000000003,6.208401692253353,5.946658536762266,4.326274562337951e+28
516.8000000000003,6.206614449115822,5.934246585499185,4.237304310805396e+28
526.8000000000003,6.204872350583034,5.922118249435476,4.15181688099015e+28
536.8000000000003,6.2031734130495675,5.91026177129535,4.069613630866294e+28
546.8000000000003,6.201515775434472,5.898666090610094,3.990510671489777e+28
556.8000000000003,6.199897689515751,5.887320790490923,3.914337526152486e+28
566.8000000000003,6.198317511186544,5.876216049345285,3.840935932894094e+28
576.8000000000003,6.196773692530478,5.865342596998932,3.7701587728260537e+28
586.8000000000003,6.195264774626645,5.854691674752811,3.701869109131796e+28
596.8000000000003,6.193789381005799,5.8442549989612065,3.635939323651108e+28
606.8000000000003,6.192346211688936,5.8340247277673,3.5722503396954838e+28
616.8000000000003,6.19093403774775,5.823993430675154,3.5106909212246432e+28
626.8000000000003,6.18955169633357,5.81415406067447,3.4511570397834805e+28
636.8000000000003,6.18819808612764,5.804499928666825,3.393551301687193e+28
646.8000000000003,6.186872163170998,5.79502467997046,3.3377824288784114e+28
656.8000000000003,6.1855729370369215,5.7857222727052235,3.2837647876871052e+28
666.8000000000003,6.184299467313035,5.776586957881118,3.2314179604213468e+28
676.8000000000003,6.183050860363764,5.767613261032691,3.1806663553210076e+28
686.8000000000003,6.181826266347011,5.7587959652583365,3.131438850930777e+28
696.8000000000003,6.180624876461675,5.750130095538214,3.083668471405027e+28
706.8000000000003,6.179445920405117,5.741610904217538,3.037292089654757e+28
716.8000000000003,6.178288664021825,5.73323385755341,2.9922501555942354e+28
726.8000000000003,6.177152407126427,5.724994623233599,2.9484864470491005e+28
736.8000000000003,6.176036481485923,5.71688905878473,2.905947841154395e+28
746.8000000000003,6.174940248947489,5.708913200795278,2.8645841043053647e+28
756.8000000000003,6.173863099699545,5.701063254886037,2.8243476989301754e+28
766.8000000000003,6.172804450654978,5.69333558636707,2.785193605535634e+28
776.8000000000003,6.171763743946447,5.685726711525811,2.747079158637708e+28
786.8000000000003,6.170740445524672,5.678233289496166,2.7099638953308567e+28
796.8000000000003,6.169734043851443,5.67085211466299,2.673809415376223e+28
806.8000000000003,6.168744048679834,5.663580109560446,2.638579251800625e+28
816.8000000000003,6.167769989914797,5.656414318226393,2.604238751097757e+28
826.8000000000003,6.166811416547936,5.649351899978372,2.5707549622116e+28
836.8000000000003,6.165867895660773,5.6423901235796325,2.5380965335610033e+28
846.8000000000003,6.164939011491357,5.635526361766432,2.506233617434968e+28
856.8000000000003,6.164024364559478,5.628758086110233,2.4751377811512005e+28
866.8000000000003,6.163123570846174,5.62208286219065,2.444781924427026e+28
876.8000000000003,6.162236261023565,5.615498345056997,2.41514020246237e+28
886.8000000000003,6.161362079731409,5.609002274958101,2.3861879542800084e+28
896.8000000000003,6.160500684897025,5.602592473321659,2.3579016359091487e+28
906.8000000000003,6.159651747095552,5.596266838965986,2.3302587580352163e+28
916.8000000000003,6.158814948947717,5.590023344528271,2.3032378277718626e+28
926.8000000000003,6.157989984552542,5.583860033094776,2.2768182942411418e+28
936.8000000000003,6.157176558952598,5.577775015019505,2.2509804976748116e+28
946.8000000000003,6.156374387629614,5.571766464918884,2.2257056217741663e+28
956.8000000000003,6.155583196028425,5.56583261883101,2.200975649087922e+28
966.8000000000003,6.154802719107366,5.5599717715287795,2.1767733191877295e+28
976.8000000000003,6.154032700913411,5.554182273977103,2.153082089439077e+28
986.8000000000003,6.153272894180437,5.54846253092507,2.129886098181866e+28
996.8000000000003,6.152523059949138,5.542810998624596,2.1071701301499703e+28
1006.8000000000003,6.151783778752097,5.537227436365036,2.0776266166329373e+28
1016.8000000000003,6.151057239147152,5.531714118919595,2.045424202294513e+28
1026.8000000000002,6.150343275687693,5.526269714434871,2.014028793461074e+28
1036.8000000000002,6.149641547659744,5.520892653405236,1.9834125991252683e+28
1046.8000000000002,6.148951726828842,5.515581417533047,1.9535490409474843e+28
1056.8000000000002,6.148273496866624,5.510334537569273,1.9244126893971982e+28
1066.8000000000002,6.147606552809006,5.50515059126527,1.8959792038225986e+28
1076.8000000000002,6.146950600543905,5.50002820142889,1.8682252761727004e+28
1086.8000000000002,6.146305356326649,5.494966034078759,1.8411285781178711e+28
1096.8000000000002,6.145670546321333,5.489962796690811,1.8146677113345186e+28
1106.8000000000002,6.145045906166495,5.485017236531721,1.7888221607377968e+28
1116.8000000000002,6.144431180563629,5.480128139074123,1.7635722504627543e+28
1126.8000000000002,6.143826122887124,5.475294326488914,1.7388991024095062e+28
1136.8000000000002,6.143230494814343,5.470514656210225,1.7147845971818923e+28
1146.8000000000002,6.142644065974624,5.465788019568937,1.6912113372618144e+28
1156.8000000000002,6.1420666136160795,5.461113340490876,1.6681626122731193e+28
1166.8000000000002,6.141497922289154,5.456489574256119,1.6456223661996146e+28
1176.8000000000002,6.140937783545939,5.451915706315979,1.623575166431651e+28
1186.8000000000002,6.140385995654357,5.44739075116456,1.6020061745247657e+28
1196.8000000000002,6.139842363326335,5.442913751261895,1.5809011185622069e+28
1206.8000000000002,6.139306697459189,5.4384837760058815,1.5602462670208397e+28
1216.8000000000002,6.138778814889468,5.434099920750439,1.540028404046998e+28
1226.8000000000002,6.138258538158547,5.429761305867407,1.5202348060553676e+28
1236.8000000000002,6.137745695289335,5.425467075849917,1.5008532195700065e+28
1246.8000000000002,6.137240119573473,5.421216398455048,1.481871840232153e+28
1256.8000000000002,6.136741649368445,5.417008463883768,1.4632792929046129e+28
1266.8000000000002,6.13625012790408,5.412842483996229,1.445064612807257e+28
1276.8000000000002,6.135765403097918,5.4087176915606285,1.4272172276225534e+28
1286.8000000000002,6.13528732737899,5.404633339533937,1.4097269405141148e+28
1296.8000000000002,6.134815757519542,5.400588700372916,1.392583914005016e+28
1306.8000000000002,6.134350554474307,5.396583065373889,1.375778654666119e+28
1316.8000000000002,6.133891583226915,5.392615744039896,1.3593019985678737e+28
1326.8000000000002,6.133438712643084,5.3886860634738465,1.3431450974520777e+28
1336.8000000000002,6.132991815330231,5.3847933677964495,1.327299405582852e+28
1346.8000000000002,6.13255076750319,5.380937017587698,1.3117566672386917e+28
1356.8000000000002,6.132115448855712,5.377116389350804,1.296508904809844e+28
1366.8000000000002,6.131685742437472,5.373330874997508,1.2815484074675215e+28
1376.8000000000002,6.131261534536297,5.369579881353763,1.2668677203735272e+28
1386.8000000000002,6.130842714565362,5.365862829684836,1.2524596344008148e+28
1396.8000000000002,6.130429174955108,5.362179155238948,1.238317176337315e+28
1406.8000000000002,6.130020811049654,5.358528306808544,1.2244335995470405e+28
1416.8000000000002,6.129617521007483,5.354909746308472,1.2108023750640533e+28
1426.8000000000002,6.129219205706193,5.351322948370223,1.1974171830963447e+28
1436.8000000000002,6.128825768651133,5.347767399951565,1.184271904918043e+28
1446.8000000000002,6.128437115887716,5.344242599960841,1.1713606151296474e+28
1456.8000000000002,6.128053155917263,5.340748058895317,1.1586775742671728e+28
1466.8000000000002,6.127673799616188,5.337283298492936,1.1462172217422095e+28
1476.8000000000002,6.127298960158392,5.3338478513968965,1.1339741690959496e+28
1486.8000000000002,6.126928552940694,5.3304412608325045,1.1219431935511972e+28
1496.8000000000002,6.126562495511182,5.327063080295757,1.110119231847306e+28
1506.8000000000002,6.126200707500339,5.3237128732531716,1.098497374343838e+28
1516.8000000000002,6.125843110554814,5.320390212852356,1.0870728593795322e+28
1526.8000000000002,6.125489628273738,5.317094681642902,1.075841067873944e+28
1536.8000000000002,6.1251401861474495,5.313825871307117,1.0647975181597956e+28
1546.8000000000002,6.124794711498538,5.310583382400239,1.0539378610347599e+28
1556.8000000000002,6.1244531334250985,5.307366824099708,1.0432578750220089e+28
1566.8000000000002,6.124115382746098,5.304175813963109,1.0327534618294497e+28
1576.8000000000002,6.123781391948764,5.301009977694481,1.0224206419981073e+28
1586.8000000000002,6.123451095137912,5.297868948918589,1.0122555507306417e+28
1596.8000000000002,6.12312442798712,5.294752368962904,1.002254433891457e+28
1606.8000000000002,6.122801327691681,5.291659886646901,9.924136441703278e+27
1616.8000000000002,6.122481732923247,5.288591158078473,9.827296374018863e+27
1626.8000000000002,6.122165583786107,5.2855458464571035,9.731989690337202e+27
1636.8000000000002,6.12185282177502,5.282523621883574,9.638182907362147e+27
1646.8000000000002,6.121543389734537,5.279524161175938,9.545843471476209e+27
1656.8000000000002,6.121237231819763,5.27654714769151,9.45493972748178e+27
1666.8000000000002,6.120934293458489,5.2735922711546515,9.365440888574281e+27
1676.8000000000002,6.120634521314636,5.270659227490126,9.277317007491654e+27
1686.8000000000002,6.1203378632529715,5.267747718661795,9.190538948787399e+27
1696.8000000000002,6.1200442683050325,5.264857452516486,9.105078362177096e+27
1706.8000000000002,6.119753686636211,5.261988142632788,9.020907656910762e+27
1716.8000000000002,6.119466069513965,5.259139508174654,8.937999977125849e+27
1726.8000000000002,6.119181369277094,5.256311273749558,8.856329178137934e+27
1736.8000000000002,6.118899539306051,5.253503169271105,8.77586980362818e+27
1746.8000000000002,6.118620533994242,5.250714929825877,8.69659706368877e+27
1756.8000000000002,6.118344308720278,5.247946295544402,8.618486813689337e+27
1766.8000000000002,6.118070819821148,5.245197011476056,8.541515533929216e+27
1776.8000000000002,6.117800024566262,5.242466827467791,8.465660310042055e+27
1786.8000000000002,6.1175318811323445,5.239755498046527,8.390898814120915e+27
1796.8000000000002,6.1172663485791485,5.237062782305097,8.317209286533519e+27
1806.8000000000002,6.117003386825941,5.234388443791583,8.244570518398725e+27
1816.8000000000002,6.116742956628749,5.23173225040197,8.172961834696695e+27
1826.8000000000002,6.1164850195583345,5.229093974275976,8.102363077986503e+27
1836.8000000000002,6.116229537978859,5.226473391695928,8.032754592706136e+27
1846.8000000000002,6.115976475027227,5.223870282988619,7.964117210031051e+27
1856.8000000000002,6.115725794593074,5.221284432430018,7.896432233268488e+27
1866.8000000000002,6.115477461299384,5.218715628152732,7.82968142376584e+27
1876.8000000000002,6.1152314404837,5.21616366205614,7.763846987312338e+27
1886.8000000000002,6.114987698179923,5.213628329719094,7.698911561014272e+27
1896.8000000000002,6.1147462011006635,5.211109430315114,7.634858200624843e+27
1906.8000000000002,6.114506916620134,5.208606766529979,7.571670368310592e+27
1916.8000000000002,6.11426981275756,5.206120144481639,7.509331920837203e+27
1926.8000000000002,6.114034858161094,5.203649373642385,7.447827098158148e+27
1936.8000000000002,6.113802022092213,5.201194266763167,7.387140512390493e+27
1946.8000000000002,6.113571274410578,5.1987546398000335,7.327257137162763e+27
1956.8000000000002,6.11334258555935,5.196330311842582,7.268162297320497e+27
1966.8000000000002,6.113115926550933,5.193921105044383,7.209841658975735e+27
1976.8000000000002,6.112891268953148,5.191526844555307,7.152281219887236e+27
1986.8000000000002,6.112668584875797,5.189147358455669,7.095467300158867e+27
1996.8000000000002,6.1124478469576315,5.186782477692182,7.03938653324407e+27
2006.8000000000002,6.112229028353691,5.184432036015609,6.984025857244875e+27
2016.8000000000002,6.112012102723011,5.182095869920097,6.929372506494405e+27
2026.8000000000002,6.111797044216682,5.179773818584106,6.875414003412286e+27
2036.8000000000002,6.111583827466245,5.177465723812933,6.82213815062281e+27
2046.8000000000002,6.111372427572428,5.175171429982717,6.769533023326141e+27
2056.8,6.111162820094189,5.17289078398593,6.717586961913257e+27
2066.8,6.110954981038073,5.170623635178294,6.666288564815686e+27
2076.8,6.110748886847869,5.168369835327059,6.615626681581494e+27
2086.8,6.110544514394548,5.166129238560628,6.565590406169302e+27
2096.8,6.110341840966491,5.163901701319478,6.516169070452471e+27
2106.8,6.110140844259973,5.161687082308328,6.467352237925906e+27
2116.8,6.109941502369921,5.15948524244953,6.419129697608223e+27
2126.8,6.109743793780914,5.15729604483764,6.371491458132324e+27
2136.8,6.109547697358439,5.155119354695129,6.324427742017728e+27
2146.8,6.109353192340371,5.15295503932922,6.27792898011821e+27
2156.8,6.1091602583286955,5.1508029680897796,6.231985806238638e+27
2166.8,6.108968875281441,5.148663012328273,6.186589051915062e+27
2176.8,6.108779023504837,5.14653504535773,6.141729741352392e+27
2186.8,6.108590683645673,5.144418942413695,6.097399086514214e+27
2196.8,6.108403836683863,5.142314580616133,6.05358848235949e+27
2206.8,6.108218463925206,5.140221838932268,6.010289502221114e+27
2216.8,6.108034546994336,5.138140598140319,5.967493893321465e+27
2226.8,6.107852067827854,5.136070740794116,5.925193572420316e+27
2236.8,6.10767100866764,5.1340121511885615,5.883380621590619e+27
2246.8,6.107491352054339,5.131964715325934,5.842047284117824e+27
2256.8,6.1073130808210125,5.129928320882968,5.801185960518647e+27
2266.8,6.107136178086953,5.127902857178741,5.760789204675237e+27
2276.8,6.106960627251657,5.125888215143306,5.720849720080948e+27
2286.8,6.10678641198895,5.1238842872870585,5.681360356194001e+27
2296.8,6.106613516241265,5.121890967670836,5.642314104895482e+27
2306.8,6.106441924214056,5.119908151876697,5.603704097048255e+27
2316.8,6.106271620370356,5.117935736979382,5.565523599153496e+27
2326.8,6.106102589425479,5.115973621518446,5.527766010101653e+27
2336.8,6.1059348163418345,5.114021705471014,5.490424858014801e+27
2346.8,6.105768286323891,5.112079890225175,5.453493797177423e+27
2356.8,6.105602984813251,5.110148078553974,5.416966605052774e+27
2366.8,6.105438897483846,5.108226174589989,5.380837179382116e+27
2376.8,6.10527601023726,5.106314083800507,5.345099535364149e+27
2386.8,6.1051143091981555,5.104411712963227,5.309747802912117e+27
2396.8,6.104953780709813,5.102518970142527,5.274776223986137e+27
2406.8,6.104794411329784,5.100635764666256,5.240179149998367e+27
2416.8,6.104636187825638,5.098762007103041,5.205951039288748e+27
2426.8,6.104479097170823,5.096897609240097,5.172086454669111e+27
2436.8,6.104323126540613,5.095042484061524,5.13858006103352e+27
2446.8,6.104168263308161,5.09319654572708,5.105426623032816e+27
2456.8,6.10401449504064,5.091359709551423,5.072621002811363e+27
2466.8,6.103861809495476,5.089531891983794,5.040158157804116e+27
2476.8,6.103710194616671,5.087713010588157,5.008033138592119e+27
2486.8,6.103559638531205,5.085902984023743,4.976241086814722e+27
2496.8,6.103410129545536,5.084101732026038,4.9447772331367256e+27
2506.8,6.103261656142162,5.082309175388161,4.913636895268846e+27
2516.8,6.103114206976278,5.0805252359426465,4.882815476039871e+27
2526.8,6.102967770872502,5.078749836543607,4.852308461518968e+27
2536.8,6.102822336821679,5.07698290104928,4.822111419186644e+27
2546.8,6.102677893977752,5.075224354304938,4.792219996152905e+27
2556.8,6.102534431654714,5.073474122126159,4.762629917421228e+27
2566.8,6.102391939323621,5.071732131282442,4.7333369841969917e+27
2576.8,6.102250406609671,5.069998309481173,4.704337072239051e+27
2586.8,6.102109823289359,5.068272585351913,4.6756261302532e+27
2596.8,6.101970179287682,5.066554888431013,4.647200178326304e+27
2606.8,6.101831464675417,5.064845149146549,4.6190553063999097e+27
2616.8,6.101693669666451,5.063143298803567,4.591187672782203e+27
2626.8,6.101556784615179,5.061449269569614,4.5635935026971957e+27
2636.8,6.101420800013947,5.059762994460586,4.536269086870091e+27
2646.8,6.1012857064905655,5.058084407326845,4.5092107801477676e+27
2656.8,6.101151494805866,5.05641344283962,4.482415000153406e+27
2666.8,6.101018155851315,5.054750036477689,4.455878225974266e+27
2676.8,6.100885680646678,5.0530941245143115,4.429596996881705e+27
2686.8,6.100754060337737,5.05144564400444,4.4035679110824875e+27
2696.8,6.100623286194055,5.049804532772173,4.377787624500554e+27
2706.8,6.100493349606787,5.048170729398461,4.352252849588364e+27
2716.8,6.100364242086541,5.046544173209048,4.326960354166995e+27
2726.8,6.1002359552612795,5.044924804262663,4.3019069602942163e+27
2736.8,6.1001084808742725,5.04331256333943,4.2770895431597355e+27
2746.8,6.0999818107820865,5.041707391929508,4.252505030006898e+27
2756.8,6.099855936952622,5.040109232221959,4.228150399080084e+27
2766.8,6.099730851463185,5.038518027093815,4.204022678597128e+27
2776.8,6.099606546498609,5.036933720099366,4.180118945746054e+27
2786.8,6.099483014349403,5.035356255459668,4.1564363257054804e+27
2796.8,6.099360247409948,5.033785578052209,4.132971990688053e+27
2806.8,6.0992382381767305,5.032221633400824,4.109723159006274e+27
2816.8,6.099116979246603,5.030664367665768,4.0866870941601353e+27
2826.8,6.098996463315093,5.029113727633985,4.063861103945975e+27
2836.8,6.098876683174733,5.027569660709559,4.041242539585974e+27
2846.8,6.098757631713439,5.026032114904351,4.018828794877759e+27
2856.8,6.0986393019129075,5.024501038828808,3.9966173053635797e+27
2866.8,6.098521686847057,5.022976381682935,3.9746055475185266e+27
2876.8,6.098404779680493,5.02145809324745,3.952791037957308e+27
2886.8,6.0982885736670065,5.01994612387509,3.9311713326590835e+27
2896.8,6.098173062148103,5.018440424482087,3.909744026209897e+27
2906.8,6.09805823855156,5.016940946539792,3.888506751062235e+27
2916.8,6.097944096390015,5.015447642066459,3.8674571768112766e+27
2926.8,6.097830629259577,5.013960463619171,3.8465930094874e+27
2936.8,6.0977178308384685,5.012479364285927,3.8259119908645247e+27
2946.8,6.097605694885697,5.011004297677861,3.805411897783886e+27
2956.8,6.097494215239747,5.009535217921601,3.785090541492844e+27
2966.8,6.0973833858173,5.0080720796517735,3.7649457669983375e+27
2976.8,6.097273200611979,5.006614838003637,3.7449754524346297e+27
2986.8,6.097163653693119,5.005163448605846,3.725177508444958e+27
2996.8,6.09705473920456,5.003717867573354,3.705549877576753e+27
3006.8,6.09694645136346,5.002278051500422,3.686090533690081e+27
3016.8,6.096838784459139,5.000843957453782,3.666797481378979e+27
3026.8,6.096731732851936,4.999415542965882,3.6476687554053554e+27
3036.8,6.096625290972092,4.99799276602829,3.628702420145145e+27
3046.8,6.096519453318659,4.99657558508518,3.60989656904642e+27
3056.8,6.0964142144584175,4.995163959026957,3.5912493240991505e+27
3066.8,6.096309569024826,4.993757847183973,3.572758835316333e+27
3076.8,6.096205511716986,4.992357209320367,3.5544232802262043e+27
3086.8,6.096102037298625,4.990962005628004,3.5362408633752766e+27
3096.8,6.095999140597098,4.989572196720518,3.5182098158419136e+27
3106.8,6.095896816502416,4.9881877436274635,3.5003283947602085e+27
3116.8,6.095795059966276,4.986808607788559,3.4825948828538964e+27
3126.8,6.09569386600113,4.985434751048038,3.465007587980075e+27
3136.8,6.095593229679252,4.984066135649084,3.4475648426824845e+27
3146.8,6.0954931461318305,4.982702724228373,3.430265003754119e+27
3156.8,6.095393610548084,4.981344479810697,3.413106451808949e+27
3166.8,6.095294618174378,4.97999136580369,3.396087590862538e+27
3176.8,6.095196164313372,4.978643345992625,3.3792068479213323e+27
3186.8,6.095098244323173,4.977300384535319,3.362462672580428e+27
3196.8,6.09500085361651,4.975962445957107,3.34585353662961e+27
3206.8,6.094903987659915,4.974629495145912,3.3293779336674665e+27
3216.8,6.094807641972934,4.973301497347376,3.3130343787233926e+27
3226.8,6.094711812127333,4.971978418160102,3.2968214078872914e+27
3236.8,6.094616493746335,4.970660223530948,3.2807375779468035e+27
3246.8,6.094521682503859,4.969346879750411,3.264781466031874e+27
3256.8,6.09442737412378,4.968038353448081,3.2489516692665e+27
3266.8,6.094333564379197,4.966734611588179,3.233246804427491e+27
3276.8,6.094240249091717,4.965435621465151,3.217665507610062e+27
3286.8,6.0941474241307505,4.964141350699348,3.2022064339001313e+27
3296.8,6.09405508541282,4.96285176723278,3.186868257053147e+27
3306.8,6.093963228900878,4.961566839324906,3.1716496691792956e+27
3316.8,6.093871850603642,4.960286535548539,3.156549380434958e+27
3326.8,6.093780946574935,4.959010824785775,3.141566118720257e+27
3336.8,6.093690512913043,4.957739676224019,3.1266986293825684e+27
3346.8,6.09360054576008,4.956473059352044,3.1119456749258546e+27
3356.8,6.0935110413013645,4.955210943956146,3.0973060347256913e+27
3366.8,6.093421995764808,4.9539533001163285,3.08277850474986e+27
3376.8,6.093333405420311,4.952700098202563,3.0683618972843806e+27
3386.8,6.093245266579176,4.951451308871112,3.054055040664863e+27
3396.8,6.093157575593522,4.950206903060899,3.039856779013058e+27
3406.8,6.093070328855714,4.948966851989942,3.0257659719784926e+27
3416.8,6.092983522797802,4.9477311271518385,3.011781494485076e+27
3426.8,6.092897153890966,4.946499700312309,2.9979022364825705e+27
3436.8,6.092811218644977,4.945272543505794,2.984127102702815e+27
3446.8,6.092725713607659,4.944049629032099,2.970455012420596e+27
3456.8,6.092640635364366,4.942830929453096,2.956884899219075e+27
3466.8,6.0925559805374645,4.9416164175894695,2.9434157107596533e+27
3476.8,6.092471745785827,4.940406066517522,2.930046408556199e+27
3486.8,6.092387927804331,4.939199849566021,2.916775967753526e+27
3496.8,6.092304523323369,4.9379977403130955,2.903603376910042e+27
3506.8,6.092221529108366,4.936799712583181,2.890527637784464e+27
3516.8,6.092138941959304,4.935605740444002,2.877547765126534e+27
3526.8,6.092056758710252,4.934415798203625,2.8646627864716215e+27
3536.8,6.091974976228913,4.933229860407522,2.8518717419391587e+27
3546.8,6.091893591416164,4.9320479018357,2.839173684034803e+27
3556.8,6.091812601205614,4.930869897499866,2.8265676774562593e+27
3566.8,6.091732002563171,4.929695822640648,2.814052798902683e+27
3576.8,6.091651792486606,4.928525652724825,2.801628136887584e+27
3586.8,6.0915719680051295,4.92735936344264,2.789292791555167e+27
3596.8,6.091492526178977,4.926196930705114,2.7770458745000174e+27
3606.8,6.091413464099,4.925038330641431,2.7648865085900887e+27
3616.8,6.091334778886258,4.923883539596337,2.752813827792895e+27
3626.8,6.091256467691625,4.922732534127597,2.7408269770048627e+27
3636.8,6.091178527695398,4.921585291003469,2.7289251118837654e+27
3646.8,6.09110095610691,4.920441787200231,2.717107398684179e+27
3656.8,6.0910237501641555,4.919301999899748,2.705373014095896e+27
3666.8,6.090946907133415,4.918165906487049,2.693721145085237e+27
3676.8,6.09087042430889,4.917033484547966,2.6821509887392035e+27
3686.8,6.090794299012339,4.915904711866789,2.6706617521124014e+27
3696.8,6.090718528592726,4.91477956642397,2.659252652076699e+27
3706.8,6.090643110425868,4.913658026393842,2.647922915173543e+27
3716.8,6.090568041914091,4.912540070142388,2.6366717774688903e+27
3726.8,6.090493320485893,4.911425676225031,2.6254984844106987e+27
3736.8,6.090418943595608,4.910314823384461,2.614402290688928e+27
3746.8,6.090344908723079,4.909207490548486,2.6033824600979926e+27
3756.8,6.09027121337333,4.908103656827917,2.592438265401625e+27
3766.8,6.090197855076254,4.9070033015144965,2.5815689882001005e+27
3776.8,6.090124831386295,4.905906404078824,2.570773918799769e+27
3786.8,6.0900521398821414,4.904812944168347,2.560052356084853e+27
3796.8,6.089979778166418,4.90372290160535,2.5494036073914684e+27
3806.8,6.08990774386539,4.902636256384994,2.5388269883838206e+27
3816.8,6.089836034628666,4.9015529886733695,2.528321822932531e+27
3826.8,6.089764648128909,4.900473078805581,2.51788744299506e+27
3836.8,6.089693582061549,4.899396507283859,2.5075231884981675e+27
3846.8,6.089622834144499,4.898323254775697,2.4972284072223997e+27
3856.8,6.089552402117881,4.897253302112011,2.4870024546885305e+27
3866.8,6.089482283743751,4.896186630285337,2.476844694045938e+27
3876.8,6.089412476805827,4.895123220448028,2.4667544959628822e+27
3886.8,6.089342979109229,4.894063053910507,2.4567312385186264e+27
3896.8,6.08927378848021,4.8930061121395205,2.446774307097388e+27
3906.8,6.089204902765905,4.8919523767564215,2.4368830942840719e+27
3916.8,6.089136319834073,4.89090182953548,2.427056999761751e+27
3926.8,6.089068037572847,4.889854452402218,2.4172954302108695e+27
3936.8,6.089000053890491,4.888810227431753,2.4075977992101236e+27
3946.8,6.088932366715152,4.8877691368471865,2.3979635271390004e+27
3956.8,6.0888649739946255,4.8867311630179895,2.3883920410819278e+27
3966.8,6.088797873696115,4.88569628845843,2.3788827747340221e+27
3976.8,6.088731063806003,4.884664495826008,2.369435168308389e+27
3986.8,6.088664542329621,4.883635767919915,2.3600486684449525e+27
3996.8,6.088598307291022,4.882610087679524,2.350722728120791e+27
4006.8,6.0885323567327605,4.881587438182879,2.341456806561933e+27
4016.8,6.088466688715671,4.880567802645224,2.3322503691566102e+27
4026.8,6.088401301318652,4.87955116441754,2.323102887369917e+27
4036.8,6.088336192638456,4.87853750698511,2.3140138386598638e+27
4046.8,6.088271360789476,4.877526813966089,2.3049827063947957e+27
4056.8,6.088206803903539,4.876519069110107,2.2960089797721478e+27
4066.8,6.088142520129701,4.875514256296883,2.2870921537385146e+27
4076.8,6.088078507634049,4.874512359534863,2.2782317289110103e+27
4086.8,6.0880147645995,4.873513362959864,2.26942721149989e+27
4096.8,6.0879512892256065,4.872517250833745,2.2606781132324193e+27
4106.8,6.087888079728362,4.871524007543097,2.2519839512779575e+27
4116.8,6.0878251343400125,4.870533617597943,2.2433442481742407e+27
4126.8,6.087762451308868,4.869546065630452,2.234758531754838e+27
4136.8,6.0877000288991185,4.868561336393688,2.2262263350777596e+27
4146.8,6.0876378653906515,4.867579414760351,2.217747196355202e+27
4156.8,6.087575959078871,4.866600285721547,2.209320658884399e+27
4166.8,6.087514308274521,4.865623934385577,2.2009462709795659e+27
4176.8,6.0874529113035125,4.864650345976731,2.192623585904917e+27
4186.8,6.087391766506748,4.863679505834105,2.1843521618087333e+27
4196.8,6.087330872239953,4.862711399410424,2.1761315616584623e+27
4206.8,6.087270226873507,4.861746012270901,2.1679613531768364e+27
4216.8,6.087209828792281,4.860783330092078,2.1598411087789816e+27
4226.8,6.08714967639547,4.859823338660711,2.15177040551051e+27
4236.8,6.087089768096438,4.858866023872652,2.143748824986571e+27
4246.8,6.087030102322551,4.857911371731751,2.135775953331845e+27
4256.8,6.086970677515029,4.8569593683487735,2.1278513811214658e+27
4266.8,6.086911492128786,4.856009999940325,2.1199747033228541e+27
4276.8,6.086852544632279,4.855063252827786,2.112145519238444e+27
4286.8,6.086793833507358,4.854119113436287,2.1043634324492868e+27
4296.8,6.086735357249117,4.853177568293651,2.0966280507595222e+27
4306.8,6.08667711436575,4.852238604029397,2.0889389861416926e+27
4316.8,6.0866191033784,4.851302207373706,2.0812958546828935e+27
4326.8,6.086561322821026,4.850368365156456,2.0736982765317423e+27
4336.8,6.086503771240255,4.849437064306217,2.0661458758461477e+27
4346.8,6.0864464471952475,4.848508291849286,2.0586382807418757e+27
4356.8,6.086389349257558,4.847582034908733,2.051175123241885e+27
4366.8,6.086332476010999,4.846658280703446,2.0437560392264303e+27
4376.8,6.086275826051514,4.845737016547203,2.0363806683839125e+27
4386.8,6.086219397987037,4.844818229847739,2.0290486541624686e+27
4396.8,6.086163190437371,4.84390190810584,2.021759643722281e+27
4406.8,6.086107202034053,4.842988038914434,2.014513287888604e+27
4416.8,6.086051431420232,4.842076609957706,2.0073092411054858e+27
4426.8,6.085995877250545,4.841167609010209,2.000147161390179e+27
4436.8,6.085940538190987,4.840261023935998,1.9930267102882273e+27
4446.8,6.085885412918798,4.839356842687773,1.9859475528292163e+27
4456.8,6.085830500122338,4.838455053306022,1.9789093574831763e+27
4466.8,6.085775798500969,4.83755564391819,1.9719117961176293e+27
4476.8,6.08572130676494,4.836658602737835,1.9649545439552626e+27
4486.8,6.085667023635269,4.835763918063822,1.9580372795322286e+27
4496.8,6.085612947843631,4.834871578279511,1.9511596846570493e+27
4506.8,6.0855590781322455,4.833981571851943,1.9443214443701232e+27
4516.8,6.085505413253764,4.833093887331065,1.9375222469038207e+27
4526.8,6.0854519519711605,4.832208513348934,1.9307617836431613e+27
4536.8,6.085398693057626,4.831325438618956,1.9240397490870555e+27
4546.8,6.0853456352964574,4.830444651935111,1.917355840810115e+27
4556.8,6.085292777480956,4.829566142171206,1.9107097594250068e+27
4566.8,6.085240118414321,4.828689898280125,1.9041012085453549e+27
4576.8,6.085187656909546,4.827815909293086,1.89752989474917e+27
4586.8,6.0851353917893185,4.826944164318922,1.8909955275428094e+27
4596.8,6.085083321885922,4.826074652543353,1.8844978193254467e+27
4606.8,6.085031446041133,4.825207363228275,1.8780364853540527e+27
4616.8,6.084979763106124,4.824342285711051,1.8716112437088735e+27
4626.8,6.084928271941368,4.823479409403827,1.865221815259399e+27
4636.8,6.084876971416544,4.82261872379283,1.8588679236308162e+27
4646.8,6.084825860410441,4.821760218437692,1.852549295170933e+27
4656.8,6.084774937810865,4.8209038829707795,1.8462656589175742e+27
4666.8,6.084724202514547,4.820049707096526,1.8400167465664347e+27
4676.8,6.084673653427054,4.819197680590773,1.833802292439382e+27
4686.8,6.0846232894627,4.818347793300123,1.8276220334532085e+27
4696.8,6.0845731095444515,4.817500035141295,1.8214757090888177e+27
4706.8,6.084523112603847,4.816654396100484,1.8153630613608434e+27
4716.8,6.0844732975809075,4.81581086623274,1.809283834787689e+27
4726.8,6.084423663424051,4.814969435661343,1.8032377763619888e+27
4736.8,6.084374209090009,4.814130094577186,1.7972246355214733e+27
4746.8,6.084324933543742,4.813292833238167,1.791244164120244e+27
4756.8,6.08427583575836,4.812457641968598,1.7852961164004415e+27
4766.8,6.084226914715038,4.811624511158591,1.7793802489643049e+27
4776.8,6.0841781694029375,4.810793431263493,1.7734963207466185e+27
4786.8,6.084129598819127,4.809964392803289,1.7676440929875338e+27
4796.8,6.084081201968502,4.809137386362027,1.7618233292057652e+27
4806.8,6.084032977863711,4.808312402587259,1.7560337951721545e+27
4816.8,6.083984925525075,4.807489432189472,1.7502752588835923e+27
4826.8,6.083937043980516,4.806668465941532,1.744547490537299e+27
4836.8,6.083889332265478,4.805849494678135,1.7388502625054514e+27
4846.8,6.083841789422857,4.805032509295266,1.7331833493101582e+27
4856.8,6.0837944145029255,4.804217500749651,1.7275465275987694e+27
4866.8,6.083747206563261,4.803404460058237,1.7219395761195235e+27
4876.8,6.083700164668678,4.802593378297656,1.71636227569752e+27
4886.8,6.083653287891151,4.801784246603713,1.710814409211018e+27
4896.8,6.083606575309751,4.800977056170858,1.7052957615680506e+27
4906.8,6.083560026010573,4.800171798251686,1.6998061196833544e+27
4916.8,6.083513639086671,4.799368464156434,1.694345272455607e+27
4926.8,6.083467413637989,4.798567045252474,1.6889130107449694e+27
4936.8,6.083421348771296,4.7977675329638245,1.6835091273509242e+27
4946.8,6.083375443600118,4.796969918770666,1.678133416990414e+27
4956.8,6.083329697244675,4.796174194208847,1.672785676276263e+27
4966.8,6.083284108831818,4.795380350869419,1.6674657036958923e+27
4976.8,6.083238677494963,4.794588380398151,1.6621732995903082e+27
4986.8,6.083193402374031,4.7937982744950745,1.6569082661333744e+27
4996.8,6.083148282615383,4.793010024914012,1.6516704073113526e+27
5006.8,6.083103317371764,4.79222362346212,1.646459528902714e+27
