Time,Mass,Radius,Lx
23.0,53.47334005120631,8.74,1.4400000000000044e+30
33.0,53.46626248955185,8.739267831153104,9.608148632040048e+29
43.0,53.4611342986297,8.738737301128094,7.141689329244582e+29
53.0,53.45711814440219,8.738321802304455,5.649705259564626e+29
63.0,53.453820686110454,8.737980648960123,4.654733014708629e+29
73.0,53.45102567061669,8.737691472040662,3.946250603696251e+29
83.0,53.448601508765336,8.737440659756567,3.417395902614609e+29
93.0,53.4464622030971,8.737219316223202,3.0083149638050898e+29
103.0,53.44454848311723,8.737021310185828,2.682945830449133e+29
113.0,53.442817780757466,8.736842238112136,2.4183009040256858e+29
123.0,53.441238500952856,8.736678831548987,2.1990531876004418e+29
133.0,53.43978655358635,8.736528598386766,2.01460140002313e+29
143.0,53.43844315435333,8.736389595377943,1.8573854515210003e+29
153.0,53.43719337557052,8.736260278229166,1.721872906045712e+29
163.0,53.436025159746904,8.736139399561495,1.6039245033447164e+29
173.0,53.434928629313205,8.736025937505683,1.5003833144437669e+29
183.0,53.43389559190566,8.735919044525996,1.4088008244861241e+29
193.0,53.432919178322784,8.735818009968161,1.3272495945060565e+29
203.0,53.43199357265621,8.735722232142148,1.2541922296193692e+29
213.0,53.431113807816246,8.735631197169718,1.1883878871947347e+29
223.0,53.43027560832712,8.735544462721792,1.1288243725567976e+29
233.0,53.42947526786665,8.735461645350004,1.0746680239487184e+29
243.0,53.428709552731675,8.735382410500202,1.0252261876257541e+29
253.0,53.42797562491494,8.735306464554698,9.799187485050038e+28
263.0,53.427270980202366,8.735233548428353,9.382562705124826e+28
273.0,53.42659339790599,8.735163432368362,8.998230266134645e+28
283.0,53.42594089970503,8.735095911696256,8.642636909587312e+28
293.0,53.42531171568539,8.735030803294604,8.312728050695232e+28
303.0,53.424704256118936,8.734967942687472,8.005863674988826e+28
313.0,53.424117087857574,8.734907181598302,7.719750648521582e+28
323.0,53.42354891446572,8.734848385894532,7.452387830236762e+28
333.0,53.422998559403226,8.734791433847786,7.202021254098013e+28
343.0,53.42246495171386,8.734736214653276,6.9671072943074535e+28
353.0,53.421947113784704,8.734682627163435,6.746282206115816e+28
363.0,53.42144415082723,8.734630578799683,6.538336793721333e+28
373.0,53.42095524179772,8.73457998461307,6.342195228112778e+28
383.0,53.42047963152713,8.73453076647007,6.156897244556254e+28
393.0,53.420016623872215,8.73448285234401,5.981583108342004e+28
403.0,53.41956557573314,8.734436175696144,5.815480860414325e+28
413.0,53.41912589180925,8.7343906749331,5.657895450390807e+28
423.0,53.418697019986574,8.734346292929676,5.508199439716609e+28
433.0,53.41827844726782,8.734302976607765,5.365825017113498e+28
443.0,53.417869696170214,8.734260676563679,5.23025711568212e+28
453.0,53.41747032152815,8.734219346737351,5.101027458724873e+28
463.0,53.41707990764725,8.7341789441179,4.977709391647304e+28
473.0,53.41669806576455,8.734139428480857,4.859913381753382e+28
483.0,53.41632443177622,8.734100762153078,4.747283087594925e+28
493.0,53.41595866419959,8.734062909801892,4.639491915713742e+28
503.0,53.415600442341294,8.734025838245577,4.536239995863235e+28
513.0,53.415249464646806,8.733989516282602,4.437251516692003e+28
523.0,53.414905447210465,8.73395391453747,4.34227237286978e+28
533.0,53.414568122427504,8.733919005321255,4.251068082095961e+28
543.0,53.41423723777218,8.733884762505191,4.163421936639282e+28
553.0,53.41391255468814,8.733851161405857,4.079133359242739e+28
563.0,53.413593847578944,8.733818178680743,3.998016437574193e+28
573.0,53.413280902887934,8.733785792233045,3.919898615058394e+28
583.0,53.41297351825831,8.733753981124764,3.844619519010201e+28
593.0,53.4126715017651,8.733722725497248,3.772029909598973e+28
603.0,53.41237467121169,8.733692006498408,3.7019907353898785e+28
613.0,53.41208285348471,8.733661806215972,3.634372283094322e+28
623.0,53.411795883961375,8.733632107616154,3.56905341077223e+28
633.0,53.41151360596433,8.733602894487271,3.505920855107606e+28
643.0,53.41123587025953,8.73357415138778,3.4448686045621543e+28
653.0,53.4109625345931,8.733545863598353,3.3857973312299055e+28
663.0,53.410693463263605,8.733518017077643,3.328613875094102e+28
673.0,53.410428526726605,8.733490598421342,3.273230775146898e+28
683.0,53.410167601228466,8.73346359482432,3.2195658424905007e+28
693.0,53.40991056846705,8.733436994045498,3.1675417711098536e+28
703.0,53.409657315276796,8.733410784375272,3.1170857825044177e+28
713.0,53.409407733336266,8.73338495460526,3.068129300800425e+28
723.0,53.4091617188961,8.733359494000144,3.0206076553441653e+28
733.0,53.408919172525835,8.733334392271482,2.9744598081088783e+28
743.0,53.40867999887798,8.733309639553296,2.9296281035391305e+28
753.0,53.40844410646795,8.733285226379298,2.8860580387125904e+28
763.0,53.4082114074686,8.73326114366164,2.8436980519245997e+28
773.0,53.40798181751827,8.733237382671044,2.802499327999786e+28
783.0,53.40775525554119,8.733213935018226,2.7624156188107363e+28
793.0,53.40753164357938,8.733190792636499,2.7234030776392454e+28
803.0,53.40731090663516,8.733167947765484,2.6854201061535656e+28
813.0,53.407092972523444,8.733145392935818,2.6484272128975043e+28
823.0,53.40687777173313,8.73312312095482,2.6123868822960744e+28
833.0,53.40666523729692,8.733101124893023,2.5772634532793694e+28
843.0,53.40645530466897,8.733079398071503,2.54302300671281e+28
853.0,53.40624791160974,8.73305793404998,2.509633260899142e+28
863.0,53.40604299807769,8.733036726615596,2.477063474486638e+28
873.0,53.40584050612717,8.73301576977237,2.4452843561798343e+28
883.0,53.40564037981221,8.73299505773122,2.414267980704598e+28
893.0,53.40544256509575,8.73297458490059,2.383987710529156e+28
903.0,53.40524700976392,8.732954345877573,2.354418122887489e+28
913.0,53.40505366334517,8.732934335439538,2.325534941691823e+28
923.0,53.40486247703371,8.732914548536222,2.2973149739572844e+28
933.0,53.404673403617174,8.73289498028223,2.2697360503945666e+28
943.0,53.40448639740816,8.732875625949967,2.2427769698560827e+28
953.0,53.40430141417936,8.732856480962916,2.216417447347854e+28
963.0,53.404118411102175,8.732837540889282,2.190638065343639e+28
973.0,53.40393734668844,8.732818801435975,2.1654202281597913e+28
983.0,53.403758180735174,8.732800258442891,2.140746119169251e+28
993.0,53.40358087427219,8.732781907877477,2.116598660651226e+28
1003.0,53.40340542614399,8.732763749620851,2.090081135351165e+28
1013.0,53.403232306461014,8.732745832328549,2.057564507998924e+28
1023.0,53.403061640367376,8.732728168953441,2.0258657787155107e+28
1033.0,53.402893369516626,8.732710753457749,1.9949566780668547e+28
1043.0,53.402727437498775,8.732693580004065,1.9648101746444167e+28
1053.0,53.4025637897582,8.73267664294687,1.9354004096365916e+28
1063.0,53.4024023735157,8.732659936824463,1.90670263543932e+28
1073.0,53.402243137694605,8.732643456351314,1.8786931580213176e+28
1083.0,53.402086032850534,8.732627196410792,1.851349282781836e+28
1093.0,53.401931011104736,8.732611152048285,1.824649263659377e+28
1103.0,53.40177802608069,8.732595318464616,1.7985722552685233e+28
1113.0,53.401627032843855,8.732579691009827,1.7730982678592005e+28
1123.0,53.40147798784433,8.732564265177237,1.748208124908331e+28
1133.0,53.401330848862294,8.7325490365978,1.723883423168225e+28
1143.0,53.401185574956045,8.732534001034727,1.700106495009184e+28
1153.0,53.40104212641252,8.732519154378366,1.6768603729058693e+28
1163.0,53.40090046470012,8.732504492641322,1.6541287559280541e+28
1173.0,53.40076055242377,8.732490011953805,1.6318959781065499e+28
1183.0,53.400622353282,8.73247570855919,1.6101469785544454e+28
1193.0,53.40048583202607,8.732461578809788,1.588867273232399e+28
1203.0,53.40035095442085,8.7324476191628,1.5680429282546348e+28
1213.0,53.40021768720757,8.732433826176452,1.5476605346395964e+28
1223.0,53.40008599806818,8.732420196506325,1.5277071844159233e+28
1233.0,53.39995585559126,8.73240672690181,1.5081704480006252e+28
1243.0,53.39982722923952,8.732393414202761,1.4890383527720523e+28
1253.0,53.39970008931863,8.73238025533625,1.4702993627655415e+28
1263.0,53.399574406947444,8.73236724731351,1.4519423594245204e+28
1273.0,53.39945015402949,8.732354387226964,1.433956623344352e+28
1283.0,53.399327303225675,8.73234167224741,1.41633181695041e+28
1293.0,53.39920582792816,8.73232909962132,1.3990579680557288e+28
1303.0,53.39908570223528,8.732316666668238,1.3821254542471741e+28
1313.0,53.39896690092761,8.732304370778309,1.3655249880524102e+28
1323.0,53.398849399444885,8.732292209409886,1.3492476028430196e+28
1333.0,53.398733173863974,8.732280180087256,1.333284639432007e+28
1343.0,53.39861820087771,8.732268280398447,1.3176277333265775e+28
1353.0,53.39850445777458,8.732256507993124,1.3022688025995552e+28
1363.0,53.39839192241919,8.732244860580572,1.2872000363451093e+28
1373.0,53.3982805732336,8.732233335927758,1.272413883686598e+28
1383.0,53.398170389179306,8.732221931857477,1.257903043306326e+28
1393.0,53.398061349739976,8.732210646246555,1.2436604534688825e+28
1403.0,53.39795343490484,8.732199477024137,1.2296792825114366e+28
1413.0,53.39784662515274,8.732188422170031,1.2159529197759997e+28
1423.0,53.397740901436755,8.732177479713126,1.2024749669601522e+28
1433.0,53.39763624516947,8.732166647729857,1.1892392298641452e+28
1443.0,53.397532638208766,8.732155924342738,1.1762397105136008e+28
1453.0,53.397430062844116,8.732145307718952,1.1634705996382474e+28
1463.0,53.39732850178348,8.732134796068982,1.1509262694882854e+28
1473.0,53.397227938140574,8.732124387645303,1.1386012669710393e+28
1483.0,53.39712835542273,8.732114080741123,1.1264903070915544e+28
1493.0,53.39702973751908,8.732103873689159,1.114588266681745e+28
1503.0,53.39693206868925,8.732093764860466,1.102890178403556e+28
1513.0,53.39683533355247,8.732083752663314,1.0913912250124469e+28
1523.0,53.396739517076966,8.73207383554209,1.0800867338682597e+28
1533.0,53.396644604569886,8.732064011976254,1.0689721716812628e+28
1543.0,53.39655058166746,8.732054280479314,1.058043139481841e+28
1553.0,53.39645743432556,8.732044639597866,1.0472953678029298e+28
1563.0,53.396365148810595,8.732035087910635,1.036724712064904e+28
1573.0,53.396273711690675,8.732025624027568,1.0263271481531739e+28
1583.0,53.396183109827135,8.732016246588957,1.0160987681792809e+28
1593.0,53.396093330366334,8.732006954264593,1.0060357764167797e+28
1603.0,53.39600436073171,8.731997745752933,9.961344854036515e+27
1613.0,53.39591618861612,8.73198861978032,9.863913122034388e+27
1623.0,53.395828801974446,8.731979575100215,9.768027748177005e+27
1633.0,53.39574218901644,8.731970610492446,9.67365488742779e+27
1643.0,53.3956563381998,8.731961724762508,9.580761636642259e+27
1653.0,53.395571238223496,8.731952916740859,9.489316002825918e+27
1663.0,53.39548687802129,8.731944185282257,9.399286872645987e+27
1673.0,53.39540324675547,8.731935529265106,9.310643983140233e+27
1683.0,53.39532033381082,8.731926947590841,9.223357893569133e+27
1693.0,53.395238128788755,8.731918439183309,9.137399958360179e+27
1703.0,53.39515662150162,8.731910002988188,9.05274230109589e+27
1713.0,53.39507580196724,8.73190163797242,8.96935778949935e+27
1723.0,53.39499566040358,8.73189334312366,8.887220011373481e+27
1733.0,53.394916187223615,8.73188511744974,8.806303251452434e+27
1743.0,53.39483737303031,8.731876959978159,8.726582469125438e+27
1753.0,53.39475920861183,8.731868869755576,8.648033276995488e+27
1763.0,53.39468168493682,8.731860845847331,8.570631920237025e+27
1773.0,53.39460479314989,8.731852887336972,8.49435525671848e+27
1783.0,53.394528524567214,8.731844993325803,8.419180737857249e+27
1793.0,53.394452870672254,8.73183716293244,8.345086390176169e+27
1803.0,53.394377823111626,8.73182939529238,8.272050797532034e+27
1813.0,53.39430337369111,8.731821689557595,8.200053083988135e+27
1823.0,53.394229514371716,8.73181404489612,8.129072897304038e+27
1833.0,53.39415623726596,8.731806460491672,8.059090393017164e+27
1843.0,53.39408353463416,8.731798935543257,7.990086219091827e+27
1853.0,53.3940113988809,8.731791469264817,7.922041501112572e+27
1863.0,53.393939822551566,8.73178406088486,7.854937827999701e+27
1873.0,53.39386879832901,8.731776709646125,7.788757238225886e+27
1883.0,53.39379831903029,8.731769414805235,7.723482206513706e+27
1893.0,53.39372837760351,8.73176217563238,7.659095630994922e+27
1903.0,53.39365896712474,8.731754991410988,7.595580820813075e+27
1913.0,53.39359008079507,8.731747861437425,7.532921484151906e+27
1923.0,53.39352171193766,8.731740785020694,7.471101716672822e+27
1933.0,53.39345385399497,8.731733761482142,7.410105990345382e+27
1943.0,53.393386500526006,8.731726790155173,7.349919142655515e+27
1953.0,53.393319645203654,8.731719870384985,7.290526366176811e+27
1963.0,53.39325328181211,8.731713001528288,7.231913198490886e+27
1973.0,53.39318740424436,8.731706182953051,7.174065512443448e+27
1983.0,53.39312200649972,8.731699414038252,7.116969506723222e+27
1993.0,53.3930570826815,8.731692694173622,7.060611696751503e+27
2003.0,53.392992626994634,8.731686022759423,7.004978905870561e+27
2013.0,53.39292863374347,8.731679399206191,6.9500582568197e+27
2023.0,53.392865097329576,8.731672822934529,6.895837163488174e+27
2033.0,53.39280201224959,8.731666293374882,6.842303322934677e+27
2043.0,53.39273937309317,8.731659809967317,6.78944470766351e+27
2053.0,53.392677174540964,8.731653372161317,6.737249558147974e+27
2063.0,53.392615411362634,8.73164697941558,6.685706375591914e+27
2073.0,53.39255407841496,8.731640631197818,6.634803914920715e+27
2083.0,53.39249317063997,8.731634326984565,6.584531177993409e+27
2093.0,53.39243268306313,8.731628066260992,6.534877407027916e+27
2103.0,53.392372610791554,8.731621848520719,6.485832078231711e+27
2113.0,53.39231294901233,8.73161567326564,6.437384895630586e+27
2123.0,53.392253692990785,8.73160954000575,6.389525785088442e+27
2133.0,53.39219483806889,8.731603448258968,6.342244888511314e+27
2143.0,53.39213637966365,8.731597397550988,6.295532558229129e+27
2153.0,53.39207831326554,8.731591387415104,6.24937935154897e+27
2163.0,53.392020634437046,8.73158541739206,6.203776025473794e+27
2173.0,53.39196333881112,8.73157948702989,6.158713531580889e+27
2183.0,53.39190642208977,8.731573595883786,6.114183011054509e+27
2193.0,53.39184988004266,8.73156774351593,6.070175789867359e+27
2203.0,53.391793708505766,8.73156192949537,6.026683374105825e+27
2213.0,53.39173790337998,8.731556153397877,5.983697445434027e+27
2223.0,53.39168246062987,8.731550414805804,5.941209856691981e+27
2233.0,53.39162737628237,8.731544713307963,5.899212627623287e+27
2243.0,53.391572646425566,8.731539048499496,5.857697940728021e+27
2253.0,53.391518267207466,8.73153341998174,5.816658137236578e+27
2263.0,53.391464234834835,8.731527827362122,5.776085713200457e+27
2273.0,53.39141054557204,8.731522270254022,5.735973315696062e+27
2283.0,53.391357195739936,8.731516748276668,5.696313739137784e+27
2293.0,53.39130418171474,8.731511261055022,5.65709992169678e+27
2303.0,53.39125149992698,8.731505808219662,5.618324941821917e+27
2313.0,53.391199146860465,8.731500389406682,5.579982014859597e+27
2323.0,53.391147119051226,8.731495004257576,5.5420644897692e+27
2333.0,53.39109541308655,8.731489652419151,5.504565845931068e+27
2343.0,53.391044025604,8.731484333543412,5.467479690044014e+27
2353.0,53.39099295329044,8.731479047287463,5.430799753109507e+27
2363.0,53.39094219288114,8.731473793313423,5.394519887499714e+27
2373.0,53.39089174115884,8.731468571288325,5.358634064106775e+27
2383.0,53.390841594952875,8.731463380884017,5.323136369570685e+27
2393.0,53.39079175113831,8.731458221777087,5.288021003583316e+27
2403.0,53.39074220663509,8.731453093648762,5.253282276266181e+27
2413.0,53.3906929584072,8.731447996184832,5.218914605619628e+27
2423.0,53.39064400346188,8.731442929075559,5.184912515041214e+27
2433.0,53.39059533884881,8.731437892015597,5.151270630911126e+27
2443.0,53.390546961659346,8.731432884703919,5.117983680242569e+27
2453.0,53.39049886902576,8.731427906843727,5.085046488395105e+27
2463.0,53.39045105812052,8.731422958142383,5.052453976849009e+27
2473.0,53.39040352615552,8.731418038311334,5.020201161038791e+27
2483.0,53.39035627038142,8.731413147066032,4.98828314824405e+27
2493.0,53.39030928808693,8.731408284125873,4.956695135535962e+27
2503.0,53.39026257659815,8.731403449214119,4.925432407777659e+27
2513.0,53.39021613327787,8.731398642057831,4.8944903356769395e+27
2523.0,53.39016995552497,8.731393862387803,4.863864373889693e+27
2533.0,53.390124040773756,8.7313891099385,4.833550059172542e+27
2543.0,53.39007838649335,8.731384384447981,4.803543008583241e+27
2553.0,53.39003299018707,8.731379685657854,4.773838917727393e+27
2563.0,53.389987849391865,8.731375013313203,4.7444335590501514e+27
2573.0,53.38994296167769,8.731370367162528,4.7153227801715404e+27
2583.0,53.38989832464697,8.731365746957689,4.686502502264155e+27
2593.0,53.38985393593404,8.731361152453848,4.657968718471975e+27
2603.0,53.389809793204584,8.731356583409413,4.629717492369114e+27
2613.0,53.389765894155104,8.731352039585984,4.601744956457332e+27
2623.0,53.38972223651241,8.73134752074829,4.574047310701211e+27
2633.0,53.389678818033104,8.731343026664149,4.546620821099889e+27
2643.0,53.38963563650306,8.73133855710441,4.51946181829432e+27
2653.0,53.38959268973695,8.731334111842896,4.4925666962090457e+27
2663.0,53.389549975577765,8.731329690656366,4.4659319107274855e+27
2673.0,53.389507491896325,8.731325293324456,4.439553978399809e+27
2683.0,53.38946523659084,8.73132091962964,4.4134294751824675e+27
2693.0,53.38942320758643,8.731316569357176,4.3875550352084826e+27
2703.0,53.38938140283472,8.731312242295061,4.361927349587651e+27
2713.0,53.38933982031336,8.731307938233991,4.3365431652358174e+27
2723.0,53.389298458025635,8.731303656967313,4.3113992837324027e+27
2733.0,53.38925731400003,8.731299398290979,4.28649256020542e+27
2743.0,53.389216386289824,8.731295162003512,4.2618199022432046e+27
2753.0,53.38917567297269,8.731290947905958,4.2373782688321333e+27
2763.0,53.38913517215031,8.731286755801843,4.213164669319616e+27
2773.0,53.38909488194797,8.731282585497144,4.1891761624016685e+27
2783.0,53.3890548005142,8.73127843680024,4.165409855134403e+27
2793.0,53.3890149260204,8.731274309521872,4.1418629019687787e+27
2803.0,53.388975256660466,8.731270203475118,4.118532503807997e+27
2813.0,53.38893579065044,8.731266118475341,4.095415907086919e+27
2823.0,53.38889652622819,8.731262054340167,4.072510402872924e+27
2833.0,53.388857461653,8.731258010889436,4.0498133259876243e+27
2843.0,53.388818595205294,8.731253987945177,4.0273220541488994e+27
2853.0,53.38877992518629,8.731249985331571,4.0050340071326904e+27
2863.0,53.388741449917674,8.731246002874917,3.982946645954044e+27
2873.0,53.388703167741276,8.731242040403599,3.961057472066896e+27
2883.0,53.388665077018764,8.731238097748053,3.939364026582101e+27
2893.0,53.38862717613134,8.731234174740736,3.917863889503228e+27
2903.0,53.388589463479434,8.731230271216102,3.896554678979668e+27
2913.0,53.38855193748244,8.731226387010558,3.8754340505765916e+27
2923.0,53.388514596578375,8.731222521962444,3.8544996965613276e+27
2933.0,53.38847743922364,8.731218675912,3.8337493452057357e+27
2943.0,53.388440463892735,8.731214848701343,3.8131807601041674e+27
2953.0,53.38840366907795,8.731211040174426,3.792791739506602e+27
2963.0,53.38836705328915,8.731207250177025,3.7725801156665846e+27
2973.0,53.38833061505348,8.731203478556703,3.7525437542035844e+27
2983.0,53.38829435291511,8.731199725162782,3.732680553479397e+27
2993.0,53.38825826543499,8.731195989846325,3.7129884439882546e+27
3003.0,53.388222351190606,8.731192272460108,3.6934653877602815e+27
3013.0,53.38818660877571,8.731188572858583,3.674109377777966e+27
3023.0,53.38815103680011,8.73118489089787,3.654918437405324e+27
3033.0,53.38811563388941,8.731181226435723,3.635890619829437e+27
3043.0,53.388080398684814,8.731177579331506,3.617024007514053e+27
3053.0,53.38804532984285,8.731173949446177,3.5983167116649533e+27
3063.0,53.388010426035194,8.731170336642252,3.5797668717067947e+27
3073.0,53.387975685948405,8.731166740783795,3.5613726547711475e+27
3083.0,53.38794110828376,8.73116316173639,3.5431322551954445e+27
3093.0,53.387906691757,8.73115959936712,3.5250438940325866e+27
3103.0,53.38787243509815,8.731156053544542,3.507105818570932e+27
3113.0,53.3878383370513,8.731152524138672,3.489316301864428e+27
3123.0,53.38780439637439,8.73114901102096,3.471673642272632e+27
3133.0,53.387770611839066,8.731145514064275,3.454176163010385e+27
3143.0,53.38773698223043,8.731142033142874,3.4368222117069026e+27
3153.0,53.387703506346874,8.731138568132394,3.4196101599740676e+27
3163.0,53.3876701829999,8.731135118909828,3.402538402983684e+27
3173.0,53.38763701101391,8.731131685353501,3.3856053590535004e+27
3183.0,53.38760398922605,8.731128267343063,3.368809469241778e+27
3193.0,53.387571116486036,8.731124864759456,3.352149196950212e+27
3203.0,53.38753839165596,8.731121477484914,3.335623027534996e+27
3213.0,53.38750581361012,8.731118105402924,3.3192294679258525e+27
3223.0,53.38747338123486,8.731114748398225,3.302967046252831e+27
3233.0,53.387441093428414,8.731111406356787,3.2868343114806943e+27
3243.0,53.38740894910072,8.73110807916579,3.2708298330507214e+27
3253.0,53.387376947173266,8.731104766713607,3.2549522005297456e+27
3263.0,53.387345086578954,8.731101468889795,3.239200023266266e+27
3273.0,53.387313366261914,8.731098185585076,3.223571930053467e+27
3283.0,53.38728178517737,8.731094916691314,3.208066568798985e+27
3293.0,53.38725034229149,8.731091662101509,3.192682606201272e+27
3303.0,53.38721903658123,8.731088421709778,3.177418727432395e+27
3313.0,53.38718786703419,8.731085195411337,3.1622736358271376e+27
3323.0,53.38715683264849,8.731081983102493,3.147246052578246e+27
3333.0,53.3871259324326,8.731078784680625,3.1323347164376943e+27
3343.0,53.38709516540523,8.731075600044166,3.117538383423817e+27
3353.0,53.387064530595154,8.731072429092603,3.102855826534189e+27
3363.0,53.38703402704113,8.73106927172644,3.0882858354641207e+27
3373.0,53.38700365379174,8.73106612784721,3.073827216330632e+27
3383.0,53.386973409905245,8.731062997357443,3.059478791401804e+27
3393.0,53.3869432944495,8.731059880160663,3.0452393988313605e+27
3403.0,53.38691330650179,8.73105677616137,3.031107892398391e+27
3413.0,53.38688344514871,8.731053685265026,3.017083141252077e+27
3423.0,53.38685370948608,8.73105060737805,3.003164029661331e+27
3433.0,53.38682409861879,8.731047542407799,2.989349456769218e+27
3443.0,53.38679461166068,8.731044490262555,2.9756383363520846e+27
3453.0,53.386765247734466,8.731041450851519,2.962029596583257e+27
3463.0,53.38673600597158,8.731038424084796,2.9485221798012355e+27
3473.0,53.38670688551207,8.73103540987338,2.9351150422822746e+27
3483.0,53.38667788550451,8.73103240812915,2.921807154017258e+27
3493.0,53.38664900510588,8.731029418764855,2.9085974984927695e+27
3503.0,53.38662024348144,8.731026441694096,2.8954850724762775e+27
3513.0,53.38659159980465,8.73102347683133,2.882468885805339e+27
3523.0,53.38656307325708,8.731020524091848,2.8695479611807346e+27
3533.0,53.38653466302824,8.731017583391765,2.856721333963461e+27
3543.0,53.38650636831558,8.731014654648018,2.8439880519754775e+27
3553.0,53.38647818832429,8.731011737778342,2.831347175304157e+27
3563.0,53.38645012226728,8.731008832701276,2.818797776110331e+27
3573.0,53.38642216936504,8.73100593933614,2.806338938439876e+27
3583.0,53.38639432884557,8.731003057603031,2.793969758038752e+27
3593.0,53.38636659994427,8.731000187422813,2.78168934217143e+27
3603.0,53.38633898190386,8.73099732871711,2.7694968094426294e+27
3613.0,53.38631147397429,8.73099448140829,2.7573912896223036e+27
3623.0,53.386284075412625,8.73099164541946,2.7453719234737977e+27
3633.0,53.38625678548301,8.730988820674456,2.733437862585118e+27
3643.0,53.386229603456535,8.73098600709784,2.7215882692032513e+27
3653.0,53.38620252861117,8.730983204614882,2.7098223160714554e+27
3663.0,53.386175560231685,8.730980413151551,2.698139186269483e+27
3673.0,53.386148697609556,8.730977632634518,2.6865380730566553e+27
3683.0,53.3861219400429,8.730974862991138,2.675018179717748e+27
3693.0,53.38609528683637,8.730972104149442,2.6635787194116096e+27
3703.0,53.386068737301116,8.730969356038132,2.6522189150224764e+27
3713.0,53.38604229075466,8.730966618586576,2.6409379990139167e+27
3723.0,53.38601594652086,8.730963891724787,2.6297352132853547e+27
3733.0,53.3859897039298,8.730961175383435,2.618609809031123e+27
3743.0,53.385963562317755,8.73095846949382,2.607561046601993e+27
3753.0,53.385937521027074,8.730955773987874,2.596588195369125e+27
3763.0,53.38591157940615,8.73095308879816,2.5856905335904005e+27
3773.0,53.385885736809314,8.730950413857846,2.574867348279084e+27
3783.0,53.38585999259679,8.730947749100718,2.564117935074767e+27
3793.0,53.385834346134615,8.73094509446116,2.5534415981165473e+27
3803.0,53.385808796794564,8.730942449874151,2.5428376499184034e+27
3813.0,53.385783343954095,8.730939815275255,2.5323054112467183e+27
3823.0,53.38575798699629,8.730937190600622,2.521844210999908e+27
3833.0,53.385732725309765,8.730934575786975,2.511453386090116e+27
3843.0,53.38570755828862,8.730931970771602,2.501132281326932e+27
3853.0,53.38568248533239,8.730929375492353,2.490880249303095e+27
3863.0,53.38565750584594,8.730926789887633,2.480696650282143e+27
3873.0,53.385632619239466,8.730924213896396,2.4705808520879673e+27
3883.0,53.38560782492837,8.730921647458135,2.4605322299962407e+27
3893.0,53.38558312233325,8.730919090512883,2.450550166627677e+27
3903.0,53.38555851087981,8.730916543001198,2.44063405184309e+27
3913.0,53.38553398999881,8.730914004864166,2.4307832826402154e+27
3923.0,53.38550955912603,8.730911476043389,2.4209972630522625e+27
3933.0,53.38548521770216,8.730908956480976,2.411275404048163e+27
3943.0,53.38546096517282,8.730906446119548,2.4016171234344798e+27
3953.0,53.38543680098843,8.730903944902225,2.3920218457589527e+27
3963.0,53.38541272460421,8.730901452772622,2.38248900221564e+27
3973.0,53.3853887354801,8.730898969674842,2.373018030551633e+27
3983.0,53.38536483308071,8.730896495553468,2.363608374975309e+27
3993.0,53.38534101687527,8.730894030353571,2.3542594860660962e+27
4003.0,53.385317286337596,8.730891574020685,2.344970820685719e+27
4013.0,53.385293640945996,8.730889126500816,2.3357418418909012e+27
4023.0,53.38527008018327,8.730886687740435,2.3265720188474928e+27
4033.0,53.38524660353663,8.730884257686466,2.3174608267459975e+27
4043.0,53.38522321049766,8.730881836286288,2.308407746718476e+27
4053.0,53.38519990056226,8.730879423487726,2.2994122657567958e+27
4063.0,53.385176673230625,8.730877019239049,2.2904738766322043e+27
4073.0,53.38515352800715,8.730874623488962,2.2815920778162e+27
4083.0,53.38513046440045,8.730872236186606,2.272766373402681e+27
4093.0,53.385107481923235,8.730869857281546,2.2639962730313385e+27
4103.0,53.38508458009235,8.730867486723772,2.2552812918122858e+27
4113.0,53.385061758428655,8.730865124463698,2.2466209502518836e+27
4123.0,53.385039016457036,8.730862770452145,2.2380147741797563e+27
4133.0,53.385016353706334,8.730860424640348,2.2294622946769636e+27
4143.0,53.384993769709304,8.730858086979946,2.2209630480053176e+27
4153.0,53.38497126400259,8.730855757422983,2.2125165755378122e+27
4163.0,53.38494883612666,8.730853435921896,2.2041224236901585e+27
4173.0,53.38492648562578,8.730851122429515,2.195780143853395e+27
4183.0,53.384904212047985,8.73084881689906,2.1874892923275578e+27
4193.0,53.384882014945,8.730846519284137,2.179249430256391e+27
4203.0,53.38485989387224,8.730844229538729,2.1710601235630806e+27
4213.0,53.38483784838875,8.730841947617195,2.162920942886989e+27
4223.0,53.38481587805718,8.730839673474271,2.1548314635213748e+27
4233.0,53.384793982443746,8.730837407065058,2.1467912653520822e+27
4243.0,53.38477216111817,8.730835148345024,2.1387999327971793e+27
4253.0,53.38475041365368,8.730832897269995,2.1308570547475294e+27
4263.0,53.38472873962693,8.730830653796154,2.1229622245082784e+27
4273.0,53.38470713861801,8.73082841788004,2.115115039741246e+27
4283.0,53.38468561021038,8.730826189478542,2.107315102408197e+27
4293.0,53.38466415399085,8.73082396854889,2.0995620187149845e+27
4303.0,53.384642769549515,8.730821755048662,2.0918553990565467e+27
4313.0,53.38462145647978,8.730819548935775,2.0841948579627403e+27
4323.0,53.38460021437826,8.730817350168474,2.0765800140449996e+27
4333.0,53.3845790428448,8.730815158705346,2.0690104899438047e+27
4343.0,53.384557941482406,8.7308129745053,2.0614859122769458e+27
4353.0,53.38453690989724,8.730810797527573,2.054005911588567e+27
4363.0,53.38451594769857,8.730808627731722,2.0465701222989805e+27
4373.0,53.38449505449872,8.730806465077626,2.0391781826552347e+27
4383.0,53.3844742299131,8.730804309525475,2.031829734682423e+27
4393.0,53.384453473560114,8.730802161035774,2.024524424135723e+27
4403.0,53.38443278506116,8.730800019569337,2.017261900453151e+27
4413.0,53.384412164040576,8.730797885087284,2.0100418167090202e+27
4423.0,53.384391610125654,8.730795757551036,2.002863829568093e+27
4433.0,53.38437112294656,8.730793636922318,1.9957275992404108e+27
4443.0,53.384350702136345,8.730791523163147,1.9886327894367942e+27
4453.0,53.38433034733088,8.730789416235835,1.9815790673249993e+27
4463.0,53.384310058168865,8.730787316102989,1.97456610348652e+27
4473.0,53.38428983429178,8.7307852227275,1.967593571874028e+27
4483.0,53.38426967534385,8.730783136072542,1.9606611497694318e+27
4493.0,53.38424958097204,8.73078105610158,1.953768517742556e+27
4503.0,53.384229550826014,8.73077898277835,1.946915359610418e+27
4513.0,53.3842095845581,8.73077691606687,1.9401013623971028e+27
4523.0,53.384189681823294,8.730774855931427,1.9333262162942188e+27
4533.0,53.3841698422792,8.730772802336585,1.9265896146219276e+27
4543.0,53.38415006558602,8.730770755247175,1.9198912537905384e+27
4553.0,53.38413035140653,8.730768714628292,1.9132308332626568e+27
4563.0,53.384110699406065,8.730766680445297,1.9066080555158793e+27
4573.0,53.38409110925245,8.73076465266381,1.9000226260060245e+27
4583.0,53.38407158061604,8.73076263124971,1.8934742531308902e+27
4593.0,53.38405211316964,8.730760616169135,1.8869626481945325e+27
4603.0,53.38403270658852,8.730758607388474,1.880487525372053e+27
4613.0,53.38401336055037,8.730756604874365,1.874048601674889e+27
4623.0,53.38399407473528,8.730754608593697,1.8676455969165943e+27
4633.0,53.38397484882571,8.730752618513606,1.8612782336791138e+27
4643.0,53.383955682506496,8.730750634601469,1.854946237279525e+27
4653.0,53.3839365754648,8.730748656824908,1.848649335737259e+27
4663.0,53.38391752739009,8.73074668515178,1.8423872597417768e+27
4673.0,53.383898537974126,8.730744719550184,1.8361597426207058e+27
4683.0,53.38387960691094,8.730742759988452,1.8299665203084206e+27
4693.0,53.383860733896796,8.730740806435143,1.8238073313150648e+27
4703.0,53.38384191863021,8.730738858859056,1.8176819166960057e+27
4713.0,53.38382316081188,8.73073691722921,1.8115900200217174e+27
4723.0,53.38380446014469,8.730734981514853,1.80553138734808e+27
4733.0,53.38378581633369,8.73073305168546,1.7995057671870937e+27
4743.0,53.383767229086075,8.73073112771072,1.7935129104779976e+27
4753.0,53.38374869811116,8.730729209560552,1.7875525705587892e+27
4763.0,53.38373022312037,8.730727297205082,1.7816245031381374e+27
4773.0,53.38371180382719,8.730725390614658,1.7757284662676815e+27
4783.0,53.383693439947194,8.730723489759843,1.7698642203147102e+27
4793.0,53.38367513119799,8.730721594611403,1.7640315279352188e+27
4803.0,53.38365687729921,8.730719705140324,1.7582301540473313e+27
4813.0,53.3836386779725,8.730717821317793,1.752459865805089e+27
4823.0,53.383620532941485,8.730715943115204,1.7467204325725947e+27
4833.0,53.383602441931764,8.730714070504158,1.7410116258985086e+27
4843.0,53.38358440467089,8.730712203456454,1.7353332194908917e+27
4853.0,53.38356642088835,8.730710341944096,1.729684989192389e+27
4863.0,53.38354849031555,8.73070848593928,1.7240667129557497e+27
4873.0,53.38353061268578,8.730706635414403,1.718478170819675e+27
4883.0,53.38351278773423,8.730704790342056,1.7129191448849958e+27
4893.0,53.38349501519795,8.730702950695022,1.7073894192911658e+27
4903.0,53.383477294815826,8.730701116446275,1.701888780193072e+27
4913.0,53.38345962632859,8.730699287568982,1.6964170157381567e+27
4923.0,53.38344200947877,8.73069746403649,1.6909739160438435e+27
4933.0,53.38342444401072,8.730695645822344,1.6855592731752644e+27
4943.0,53.38340692967056,8.730693832900261,1.680172881123284e+27
4953.0,53.383389466206154,8.730692025244148,1.674814535782815e+27
4963.0,53.38337205336716,8.730690222828093,1.6694840349314214e+27
4973.0,53.38335469090494,8.73068842562636,1.6641811782082042e+27
4983.0,53.38333737857258,8.730686633613395,1.658905767092966e+27
4993.0,53.38332011612487,8.730684846763815,1.6536576048856497e+27
5003.0,53.3833029033183,8.730683065052418,1.6484364966860487e+27
