Time,Mass,Radius,Lx
23.0,5.596940043010154,6.41,
23.100002009282885,5.590496276703565,6.380800010363947,
23.20000401856577,5.584148019904488,6.351849528706495,
23.300006027848656,5.577893545465923,6.3231463827849925,
23.400008037131542,5.5717311592920336,6.29468839528001,
23.500010046414427,5.565659199804411,6.266473385192528,
23.600012055697313,5.559676037408379,6.238499169176832,
23.7000140649802,5.553780073959999,6.210763562810984,
23.800016074263084,5.547969742234395,6.183264381806795,
23.90001808354597,5.54224350539597,6.1559994431611536,
24.000020092828855,5.536599856471042,6.128966566250577,
24.10002210211174,5.531037317823386,6.102163573870834,
24.200024111394626,5.525554440633143,6.07558829322347,
24.30002612067751,5.520149804379498,6.0492385568509714,
24.400028129960397,5.514822016327517,6.023112203522432,
24.500030139243282,5.50956971101948,5.997207079071352,
24.600032148526168,5.50439154977104,5.971521037187358,
24.700034157809053,5.4992862201724835,5.946051940163466,
24.80003616709194,5.494252435595353,5.920797659600522,
24.900038176374824,5.489288934704676,5.895756077070475,
25.00004018565771,5.484394480976993,5.870925084739959,
25.100042194940595,5.47956786222439,5.846302585955781,
25.20004420422348,5.474807890124673,5.8218864957937715,
25.300046213506366,5.470113399757863,5.7976747415724414,
25.400048222789252,5.465483249149105,5.773665263332889,
25.500050232072137,5.4609163188181125,5.749856014286252,
25.600052241355023,5.456411511335242,5.726244961230151,
25.70005425063791,5.451967750884258,5.702830084935302,
25.800056259920794,5.447583982831858,5.679609380503628,
25.90005826920368,5.44325917330401,5.656580857699055,
26.000060278486565,5.4389923087691106,5.633742541252184,
26.10006228776945,5.434782395628021,5.61109247113996,
26.200064297052336,5.430628459810963,5.58862870284147,
26.30006630633522,5.426529546381283,5.566349307570899,
26.400068315618107,5.422484719146088,5.54425237248873,
26.500070324900992,5.418493060273718,5.522336000892121,
26.600072334183878,5.414553669918039,5.500598312385476,
26.700074343466763,5.410665665849522,5.479037443032089,
26.80007635274965,5.40682818309307,5.457651545487802,
26.900078362032534,5.40304037357254,5.436438789117501,
27.00008037131542,5.399301405761923,5.415397360095314,
27.100082380598305,5.395610464343106,5.394525461489279,
27.20008438988119,5.391966749870169,5.373821313331264,
27.300086399164076,5.388369478440148,5.3532831526728994,
27.400088408446962,5.384817881370193,5.3329092336282,
27.500090417729847,5.3813112048810465,5.312697827403596,
27.600092427012733,5.377848709786772,5.292647222315994,
27.70009443629562,5.374429671190646,5.272755723799532,
27.800096445578504,5.371053378187144,5.253021654401622,
27.90009845486139,5.367719133569921,5.2334433537688545,
28.000100464144275,5.364426253545721,5.214019178623348,
28.10010247342716,5.361174067454114,5.194747502730031,
28.200104482710046,5.357961917492976,5.175626716855437,
28.30010649199293,5.354789158449627,5.1566552287184315,
28.400108501275817,5.351655157437537,5.137831462933408,
28.500110510558702,5.348559293638506,5.119153860946357,
28.600112519841588,5.34550095805023,5.100620880964253,
28.700114529124473,5.342479553239157,5.082230997878189,
28.80011653840736,5.339494493098552,5.063982703180624,
28.900118547690244,5.3365452026116715,5.045874504877151,
29.00012055697313,5.33363111761995,5.027904927393113,
29.100122566256015,5.3307516845961285,5.010072511475446,
29.2001245755389,5.327906360422213,4.99237581409006,
29.300126584821786,5.325094612172184,4.974813408315057,
29.40012859410467,5.322315916899362,4.957383883230126,
29.500130603387557,5.319569761428349,4.940085843802356,
29.600132612670443,5.316855642151444,4.922917910768776,
29.700134621953328,5.314173064829459,4.905878720515865,
29.800136631236214,5.3115215443968395,4.88896692495627,
29.9001386405191,5.308900604771005,4.872181191402982,
30.000140649801985,5.306309778665833,4.855520202441205,
30.10014265908487,5.303748607409187,4.83898265579809,
30.200144668367756,5.301216640764425,4.822567264210596,
30.30014667765064,5.29871343675579,4.806272755291606,
30.400148686933527,5.296238561497614,4.790097871394554,
30.500150696216412,5.293791589027247,4.774041369476649,
30.600152705499298,5.29137210114164,4.758102020960955,
30.700154714782183,5.288979687237502,4.742278611597413,
30.80015672406507,5.286613944154955,4.726569941322989,
30.900158733347954,5.284274476024613,4.710974824121074,
31.00016074263084,5.281960894118011,4.695492087880276,
31.100162751913725,5.2796728167013125,4.6801205742527365,
31.20016476119661,5.277409868892225,4.664859138512077,
31.300166770479496,5.275171682520056,4.649706649411101,
31.40016877976238,5.272957895988832,4.63466198903935,
31.500170789045267,5.270768154143428,4.6197240526806125,
31.600172798328153,5.268602108138627,4.604891748670502,
31.700174807611038,5.266459415311055,4.590163998254149,
31.800176816893924,5.264339739053924,4.575539735444174,
31.90017882617681,5.262242748694521,4.561017906878894,
32.000180835459695,5.260168119374382,4.546597471680987,
32.100182844742584,5.2581155319320905,4.532277401316542,
32.20018485402547,5.256084672788648,4.518056679454689,
32.30018686330836,5.254075233835348,4.503934301827753,
32.40018887259125,5.252086912324104,4.489909276092096,
32.50019088187414,5.250119410760179,4.47598062168961,
32.60019289115703,5.248172436797262,4.462147369709987,
32.70019490043992,5.246245703134822,4.448408562753762,
32.80019690972281,5.244338927417721,4.434763254796188,
32.900198919005696,5.242451832137999,4.421210511051999,
33.000200928288585,5.240584144538811,4.4077494078410755,
33.100202937571474,5.2387355965204465,4.394379032455063,
33.20020494685436,5.236905924548399,4.3810984830249815,
33.30020695613725,5.235094869563428,4.36790686838982,
33.40020896542014,5.2333021768935755,4.354803307966202,
33.50021097470303,5.231527596168092,4.3417869316190885,
33.60021298398592,5.229770881233219,4.328856879533583,
33.70021499326881,5.228031790069805,4.316012302087839,
33.8002170025517,5.226310084712686,4.303252359727083,
33.90021901183459,5.224605531171825,4.29057622283881,
34.000221021117476,5.222917899355133,4.2779830716291185,
34.100223030400365,5.221246962992963,4.265472096000202,
34.200225039683254,5.219592499564225,4.253042495429074,
34.30022704896614,5.217954290224081,4.240693478847431,
34.40022905824903,5.2163321197332015,4.228424264522776,
34.50023106753192,5.214725776388526,4.2162340799406985,
34.60023307681481,5.213135051955511,4.204122161688423,
34.7002350860977,5.211559741601819,4.192087755339548,
34.80023709538059,5.209999643832427,4.180130115340042,
34.90023910466348,5.2084545604261105,4.16824850489543,
35.000241113946366,5.206924296373281,4.156442195859262,
35.100243123229255,5.205408659815143,4.144710468622785,
35.200245132512144,5.2039074619841355,4.133052612005845,
35.30024714179503,5.202420517145639,4.121467923149062,
35.40024915107792,5.200947642540911,4.109955707407186,
35.50025116036081,5.199488658331223,4.098515278243717,
35.6002531696437,5.1980433875431755,4.087145957126751,
35.70025517892659,5.196611656015163,4.075847073426036,
35.80025718820948,5.1951932923449595,4.064617964311256,
35.90025919749237,5.193788127838402,4.053457974651519,
36.00026120677526,5.192395996459148,4.042366456916086,
36.100263216058146,5.191016734779483,4.031342771076246,
36.200265225341035,5.189650181932147,4.020386284508465,
36.300267234623924,5.18829617956317,4.009496371898652,
36.40026924390681,5.186954571785678,3.998672415147634,
36.5002712531897,5.185625205134668,3.9879138032778423,
36.60027326247259,5.184307928522704,3.977219932341104,
36.70027527175548,5.183002593196537,3.9665902053276434,
36.80027728103837,5.18170905269462,3.9560240320761957,
36.90027929032126,5.180427162805487,3.945520829185301,
37.00028129960415,5.179156781526997,3.935080019925685,
37.100283308887036,5.177897769026405,3.92470103415381,
37.200285318169925,5.176649987601255,3.914383308226501,
37.300287327452814,5.175413301641068,3.904126284916692,
37.4002893367357,5.174187577589811,3.893929413330277,
37.50029134601859,5.172972683909128,3.88379214882401,
37.60029335530148,5.171768491042318,3.873713952924508,
37.70029536458437,5.170574871379044,3.8636942932483116,
37.80029737386726,5.169391699220752,3.8537326434229966,
37.90029938315015,5.168218850746788,3.8438284830093075,
38.00030139243304,5.1670562039812005,3.8339812974243492,
38.10030340171593,5.165903638760203,3.824190577865783,
38.200305410998816,5.164761036700296,3.814455821237034,
38.300307420281705,5.163628281167021,3.8047765300735072,
38.400309429564594,5.1625052572443435,3.795152212469759,
38.50031143884748,5.161391851704638,3.7855823820076795,
38.60031344813037,5.160287952979282,3.776066557685631,
38.70031545741326,5.159193451129818,3.7666042638485293,
38.80031746669615,5.158108237819703,3.7571950301188726,
38.90031947597904,5.1570322062866,3.747838391328697,
39.00032148526193,5.15596525131523,3.738533887452473,
39.10032349454482,5.154907269210747,3.729281063540885,
39.200325503827706,5.1538581577726434,3.7200794696555413,
39.300327513110595,5.152817816269163,3.7109286608045253,
39.400329522393484,5.151786145412214,3.7018281968788695,
39.50033153167637,5.150763047332775,3.6927776425898813,
39.60033354095926,5.149748425556772,3.6837765674073037,
39.70033555024215,5.148742184981435,3.6748245454983426,
39.80033755952504,5.147744231852105,3.665921155667539,
39.90033956880793,5.146754473739489,3.657065981297414,
40.00034157809082,5.1457728195173615,3.6482586102899957,
40.10034358737371,5.144799179340686,3.63949863500908,
40.2003455966566,5.143833464624167,3.6307856522233486,
40.300347605939486,5.142875588021201,3.6221192630502013,
40.400349615222375,5.141925463403244,3.6134990729004204,
40.500351624505264,5.140983005839564,3.6049246914235513,
40.60035363378815,5.1400481315773785,3.596395732454064,
40.70035564307104,5.139120758022377,3.5879118139582253,
40.80035765235393,5.138200803719604,3.5794725579817346,
40.90035966163682,5.137288188334716,3.571077590598074,
41.00036167091971,5.136382832635574,3.562726541857521,
41.1003636802026,5.135484658474205,3.554419045736954,
41.20036568948549,5.134593588769083,3.5461547400902584,
41.300367698768376,5.133709547487757,3.537933266599481,
41.400369708051265,5.132832459629793,3.5297542707266083,
41.500371717334154,5.131962251210045,3.521617401666053,
41.60037372661704,5.13109884924223,3.5135223122977703,
41.70037573589993,5.13024218172281,3.5054686591410125,
41.80037774518282,5.129392177615177,3.4974561023087345,
41.90037975446571,5.128548766834128,3.4894843054626494,
42.0003817637486,5.127711880230625,3.4815529357688364,
42.10038377303149,5.12688144957684,3.4736616638540374,
42.20038578231438,5.126057407551471,3.4658101637624905,
42.30038779159727,5.125239687725333,3.4579981129134123,
42.400389800880156,5.124428224547206,3.4502251920590084,
42.500391810163045,5.123622953329946,3.442491085243119,
42.600393819445934,5.1228238102368495,3.43479547976038,
42.70039582872882,5.122030732268264,3.4271380661159845,
42.80039783801171,5.121243657248444,3.419518537985975,
42.9003998472946,5.1204625238126384,3.4119365921780793,
43.00040185657749,5.119687271394423,3.4043919285931032,
43.10040386586038,5.118917840213252,3.3968842501868366,
43.20040587514327,5.1181541712622325,3.38941326293247,
43.30040788442616,5.117396206296128,3.381978675783543,
43.400409893709046,5.116643887819569,3.3745802006374186,
43.500411902991935,5.115897159075473,3.367217552299197,
43.600413912274824,5.11515596403368,3.3598904484461896,
43.70041592155771,5.114420247379779,3.3525986095928184,
43.8004179308406,5.1136899545041405,3.345341759056045,
43.90041994012349,5.112965031491143,3.3381196229212398,
44.00042194940638,5.1122454251085845,3.330931930008517,
44.10042395868927,5.111531082797286,3.323778411839535,
44.20042596797216,5.110821952660877,3.31665880260477,
44.30042797725505,5.1101179834557575,3.309572839131171,
44.40042998653794,5.1094191245812395,3.302520260850322,
44.500431995820826,5.108725326069857,3.295500809766991,
44.600434005103715,5.108036538577851,3.28851423042814,
44.700436014386604,5.107352713375812,3.281560269892315,
44.80043802366949,5.106673802339492,3.274638677699473,
44.90044003295238,5.105999757940771,3.267749205841208,
45.00044204223527,5.105330533238784,3.26089160873141,
45.10044405151816,5.104666081871195,3.2540656431772446,
45.20044606080105,5.104006358045629,3.247271068350613,
45.30044807008394,5.103351316531243,3.2405076457599313,
45.40045007936683,5.102700912650449,3.233775139222313,
45.500452088649716,5.1020551022707705,3.227073314836108,
45.600454097932605,5.101413841796847,3.220401940953858,
45.700456107215494,5.100777088162567,3.213760788155538,
45.80045811649838,5.100144798823337,3.2071496292222195,
45.90046012578127,5.099516931748482,3.200568239110045,
46.00046213506416,5.09889344541378,3.194016394924591,
46.10046414434705,5.098274298794107,3.1874938758955045,
46.20046615362994,5.097659451356224,3.1810004633515607,
46.30046816291283,5.097048863051673,3.1745359406959825,
46.40047017219572,5.096442494309796,3.168100093382113,
46.50047218147861,5.095840306030875,3.1616927088894426,
46.600474190761496,5.095242259579376,3.1553135766998803,
46.700476200044385,5.094648316777313,3.1489624882744014,
46.800478209327274,5.094058439897727,3.142639237029984,
46.90048021861016,5.093472591658258,3.1363436183168334,
47.00048222789305,5.092890735214839,3.1300754293959265,
47.10048423717594,5.092312834155486,3.1238344694168525,
47.20048624645883,5.0917388524941884,3.117620539395911,
47.30048825574172,5.091168754664908,3.111433442194544,
47.40049026502461,5.090602505515668,3.105272982498017,
47.5004922743075,5.090040070302743,3.0991389667943823,
47.600494283590386,5.089481414684946,3.0930312033537497,
47.700496292873275,5.088926504718,3.086949502207755,
47.800498302156164,5.08837530684901,3.080893675129377,
47.90050031143905,5.087827787911024,3.0748635356129714,
48.00050232072194,5.087283915117674,3.0688588988545638,
48.10050433000483,5.086743656057912,3.0628795817324086,
48.20050633928772,5.086206978690827,3.0569254027877957,
48.30050834857061,5.085673851340545,3.0509961822061022,
48.4005103578535,5.085144242691214,3.0450917417981023,
48.50051236713639,5.084618121782068,3.039211904981489,
48.60051437641928,5.084095458002564,3.0333564967626683,
48.700516385702166,5.083576221087608,3.027525343718742,
48.800518394985055,5.083060381112844,3.021718273979775,
48.900520404267944,5.082547908490032,3.0159351172112476,
49.00052241355083,5.082038773962483,3.0101757045967448,
49.10052442283372,5.081532948600584,3.0044398688208735,
49.20052643211661,5.081030403797374,2.9987274440523684,
49.3005284413995,5.080531111264209,2.9930382659274564,
49.40053045068239,5.08003504302648,2.9873721715333996,
49.50053245996528,5.079542171419407,2.9817289993922564,
49.60053446924817,5.079052469083894,2.9761085894448396,
49.700536478531056,5.078565908962455,2.9705107830348974,
49.800538487813945,5.078082464295192,2.9649354228934683,
49.900540497096834,5.077602108615848,2.9593823531234413,
50.00054250637972,5.077124815747912,2.9538514191843146,
50.10054451566261,5.076650559800793,2.948342467877148,
50.2005465249455,5.0761793151660415,2.9428553473296812,
50.30054853422839,5.07571105651364,2.93738990698167,
50.40055054351128,5.075245758788346,2.9319459975703737,
50.50055255279417,5.074783397206089,2.9265234711162535,
50.60055456207706,5.07432394725043,2.9211221809088133,
50.70055657135995,5.073867384669063,2.915741981492644,
50.800558580642836,5.073413685470382,2.910382728653623,
50.900560589925725,5.072962825920095,2.9050442794052938,
51.000562599208614,5.072514782537889,2.8997264919754144,
51.1005646084915,5.072069532094142,2.8944292257926527,
51.20056661777439,5.071627051606698,2.889152341473482,
51.30056862705728,5.071187318337673,2.8838957008091874,
51.40057063634017,5.070750309790321,2.8786591667530628,
51.50057264562306,5.070316003705943,2.8734426034077534,
51.60057465490595,5.069884378060846,2.868245876012777,
51.70057666418884,5.069455411063339,2.863068850932153,
51.800578673471726,5.069029081150786,2.8579113956422075,
51.900580682754615,5.068605366986689,2.8527733787195126,
52.000582692037504,5.068184247457827,2.8476546698289966,
52.10058470132039,5.067765701671432,2.842555139712169,
52.20058671060328,5.0673497089524036,2.8374746601755034,
52.30058871988617,5.066936248840571,2.832413104078939,
52.40059072916906,5.066525301087993,2.8273703453245536,
52.50059273845195,5.066116845656294,2.8223462588453394,
52.60059474773484,5.065710862714046,2.8173407205941223,
52.70059675701773,5.065307332634182,2.812353607532618,
52.80059876630062,5.064906235991454,2.807384797620611,
52.900600775583506,5.064507553559921,2.80243416980528,
53.000602784866395,5.0641112663104835,2.797501604010615,
53.100604794149284,5.063717355408439,2.792586981126977,
53.20060680343217,5.063325802211089,2.7876901830007936,
53.30060881271506,5.06293658826537,2.782811092424348,
53.40061082199795,5.062549695305523,2.7779495931257188,
53.50061283128084,5.062165105250794,2.7731055697587923,
53.60061484056373,5.061782800203172,2.768278907893442,
53.70061684984662,5.061402762445154,2.7634694940057756,
53.80061885912951,5.061024974437548,2.758677215468542,
53.900620868412396,5.0606494188173,2.7539019605415826,
54.000622877695285,5.060276078395359,2.7491436183624733,
54.100624886978174,5.05990493615457,2.744402078937217,
54.20062689626106,5.059535975247598,2.7396772331310566,
54.30062890554395,5.059169178994873,2.734968972659379,
54.40063091482684,5.05880453088258,2.7302771900787617,
54.50063292410973,5.058442014560663,2.725601778778084,
54.60063493339262,5.058081613840867,2.72094263296976,
54.70063694267551,5.057723312694797,2.7162996476810477,
54.8006389519584,5.05736709525202,2.7116727187454837,
54.90064096124129,5.057012945798174,2.7070617427943926,
55.000642970524176,5.056660848773123,2.702466617248496,
55.100644979807065,5.056310788769121,2.6978872403096252,
55.200646989089954,5.055962750529015,2.6933235109525144,
55.30064899837284,5.055616718944463,2.688775328916675,
55.40065100765573,5.055272679054183,2.6842425946984028,
55.50065301693862,5.054930616042224,2.6797252095428044,
55.60065502622151,5.054590515236261,2.675223075435989,
55.7006570355044,5.054252362105913,2.6707360950972845,
55.80065904478729,5.053916142261086,2.6662641719715463,
55.90066105407018,5.0535818414503355,2.6618072102216006,
56.000663063353066,5.053249445559257,2.6573651147206996,
56.100665072635955,5.052918940608893,2.65293779104511,
56.200667081918844,5.052590312754163,2.64852514546675,
56.30066909120173,5.052263548282319,2.644127084945918,
56.40067110048462,5.051938633611415,2.6397435171240957,
56.50067310976751,5.051615555288805,2.635374350316857,
56.6006751190504,5.051294299989657,2.631019493506782,
56.70067712833329,5.050974854515484,2.6266788563365173,
56.80067913761618,5.050657205792705,2.6223523491018623,
56.90068114689907,5.050341340871213,2.6180398827449625,
57.00068315618196,5.050027246922972,2.6137413688475517,
57.100685165464846,5.0497149112406285,2.6094567196242533,
57.200687174747735,5.049404321236143,2.605185847915994,
57.300689184030624,5.049095464439436,2.6009286671834357,
57.40069119331351,5.04878832849706,2.5966850915005133,
57.5006932025964,5.048482901170881,2.592455035548003,
57.60069521187929,5.048179170336783,2.588238414607197,
57.70069722116218,5.047877123983389,2.584035144553625,
57.80069923044507,5.047576750210792,2.5798451418507993,
57.90070123972796,5.047278037229318,2.575668323544087,
58.00070324901085,5.046980973358286,2.5715046072546075,
58.100705258293736,5.046685547024802,2.567353911173197,
58.200707267576625,5.046391746762558,2.5632161540544196,
58.300709276859514,5.04609956121065,2.5590912552106753,
58.4007112861424,5.045808979112413,2.554979134506329,
58.50071329542529,5.045519989314268,2.550879712351887,
58.60071530470818,5.045232580764589,2.546792909698297,
58.70071731399107,5.044946742512576,2.5427186480312036,
58.80071932327396,5.044662463707157,2.538656849365357,
58.90072133255685,5.044379733595886,2.534607436238991,
59.00072334183974,5.044098541523875,2.5305703317083235,
59.10072535112263,5.043818876932719,2.526545459342057,
59.200727360405516,5.043540729359458,2.522532743215978,
59.300729369688405,5.04326408843553,2.518532107907535,
59.400731378971294,5.042988943885751,2.5145434784905474,
59.50073338825418,5.042715285527309,2.5105667805299205,
59.60073539753707,5.04244310326876,2.5066019400764086,
59.70073740681996,5.04217238710905,2.502648883661422,
59.80073941610285,5.041903127136537,2.4987075382919173,
59.90074142538574,5.0416353135280385,2.494777831445266,
60.00074343466863,5.041368936547878,2.49085969106424,
60.10074544395152,5.041103986546954,2.486953045552002,
60.200747453234406,5.040840453961816,2.4830578237671257,
60.300749462517295,5.040578329313752,2.479173955018707,
60.400751471800184,5.040317603207892,2.4753013690614774,
60.50075348108307,5.040058266332314,2.4714399960909734,
60.60075549036596,5.039800309457172,2.467589766738738,
60.70075749964885,5.0395437234338285,2.463750612067561,
60.80075950893174,5.039288499193996,2.459922463566785,
60.90076151821463,5.039034627748899,2.456105253147629,
61.00076352749752,5.038782100188433,2.452298913138524,
61.10076553678041,5.038530907680346,2.448503376280537,
61.2007675460633,5.038281041469424,2.444718575722815,
61.300769555346186,5.038032492876687,2.4409444450180153,
61.400771564629075,5.037785253298599,2.4371809181178654,
61.500773573911964,5.037539314206281,2.4334279293686567,
61.60077558319485,5.0372946671447405,2.429685413506854,
61.70077759247774,5.037051303732108,2.4259533056547045,
61.80077960176063,5.03680921565888,2.4222315413158384,
61.90078161104352,5.036568394687177,2.4185200563709772,
62.00078362032641,5.036328832650008,2.4148187870736435,
62.1007856296093,5.03609052145054,2.4111276700458655,
62.20078763889219,5.035853453061385,2.4074466422739444,
62.300789648175076,5.035617619523889,2.4037756411042848,
62.400791657457965,5.035383012947432,2.4001146042391697,
62.500793666740854,5.035149625508735,2.3964634697326295,
62.60079567602374,5.034917449451181,2.3928221759863324,
62.70079768530663,5.034686477084137,2.3891906617454706,
62.80079969458952,5.034456700782289,2.3855688660946934,
62.90080170387241,5.03422811298498,2.3819567284540533,
63.0008037131553,5.034000706195568,2.3783541885750132,
63.10080572243819,5.033774472980774,2.374761186536428,
63.20080773172108,5.033549405970055,2.3711776627405787,
63.30080974100397,5.033325497854971,2.3676035579092067,
63.400811750286856,5.033102741388571,2.3640388130796164,
63.500813759569745,5.032881129384779,2.360483369600754,
63.600815768852634,5.0326606547177875,2.356937169129316,
63.70081777813552,5.032441310321464,2.3534001536259046,
63.80081978741841,5.032223089188759,2.3498722653511552,
63.9008217967013,5.032005984371123,2.346353446861944,
64.00082380598418,5.031789988977933,2.3428436410075566,
64.10082581526707,5.031575096175921,2.339342790925906,
64.20082782454996,5.031361299188612,2.335850840039775,
64.30082983383285,5.0311485912957705,2.332367732053021,
64.40083184311574,5.030936965832851,2.3288934109468906,
64.50083385239863,5.030726416190454,2.3254278209762607,
64.60083586168152,5.030516935813794,2.3219709066659284,
64.7008378709644,5.030308518202167,2.3185226128069467,
64.8008398802473,5.0301011569084295,2.315082884452911,
64.90084188953018,5.029894845538481,2.3116516669163167,
65.00084389881307,5.029689577750751,2.3082289057648584,
65.10084590809596,5.029485347255699,2.304814546817843,
65.20084791737885,5.029282147815314,2.3014085361425183,
65.30084992666174,5.029079973242621,2.2980108200504743,
65.40085193594463,5.028878817401193,2.2946213450939714,
65.50085394522752,5.028678674204673,2.2912400580624155,
65.60085595451041,5.028479537616297,2.2878669059787087,
65.7008579637933,5.028281401648425,2.284501836095671,
65.80085997307619,5.028084260362075,2.281144795892438,
65.90086198235907,5.027888107866465,2.277795733070935,
66.00086399164196,5.027692938318561,2.2744545955522377,
66.10086600092485,5.027498745922627,2.2711213314730716,
66.20086801020774,5.027305524929784,2.2677958891821817,
66.30087001949063,5.027113269637572,2.2644782172368387,
66.40087202877352,5.026921974389514,2.261168264399209,
66.50087403805641,5.026731633574695,2.2578659796328697,
66.6008760473393,5.026542241627334,2.2545713120991913,
66.70087805662219,5.026353793026372,2.2512842111538376,
66.80088006590508,5.026166282295053,2.248004626343159,
66.90088207518797,5.025979704000522,2.244732507400677,
67.00088408447085,5.025794052753419,2.241467804243476,
67.10088609375374,5.025609323207481,2.2382104669687046,
67.20088810303663,5.025425510059152,2.2349604458499512,
67.30089011231952,5.0252426080471855,2.2317176913336834,
67.40089212160241,5.025060611952271,2.228482154035699,
67.5008941308853,5.024879516596647,2.225253784737524,
67.60089614016819,5.024699316843727,2.222032534382833,
67.70089814945108,5.024520007597729,2.2188183540737993,
67.80090015873397,5.024341583803309,2.215611195067563,
67.90090216801686,5.024164040445198,2.212411008772568,
68.00090417729974,5.023987372547843,2.2092177467449368,
68.10090618658263,5.0238115751750545,2.2060313606848245,
68.20090819586552,5.023636643429656,2.2028518024327934,
68.30091020514841,5.023462572453137,2.199679023966089,
68.4009122144313,5.0232893574253135,2.19651297739503,
68.50091422371419,5.023116993563989,2.193353614959254,
68.60091623299708,5.022945476124621,2.1902008890240103,
68.70091824227997,5.022774800399988,2.187054752076437,
68.80092025156286,5.022604961719871,2.1839151567218202,
68.90092226084575,5.022435955450723,2.1807820556797726,
69.00092427012864,5.0222677769953545,2.177655401780491,
69.10092627941152,5.0221004217926195,2.174535147960898,
69.20092828869441,5.021933885317102,2.1714212472608145,
69.3009302979773,5.021768163078812,2.1683136528191125,
69.40093230726019,5.021603250622878,2.165212317869802,
69.50093431654308,5.021439143529249,2.1621171957380763,
69.60093632582597,5.021275837412398,2.1590282398364256,
69.70093833510886,5.021113327921029,2.155945403660606,
69.80094034439175,5.020951610737785,2.15286864078566,
69.90094235367464,5.020790681578965,2.149797904861826,
70.00094436295753,5.020630536194238,2.146733149610494,
70.10094637224041,5.020471170366369,2.143674328820099,
70.2009483815233,5.020312579910935,2.1406213963419143,
70.3009503908062,5.02015476067606,2.1375743060859067,
70.40095240008908,5.019997708542139,2.134533012016461,
70.50095440937197,5.019841419421576,2.131497468148128,
70.60095641865486,5.01968588925852,2.128467628541291,
70.70095842793775,5.019531114028604,2.125443447297807,
70.80096043722064,5.019377089738689,2.122424878556571,
70.90096244650353,5.019223812426609,2.1194118764890466,
71.00096445578642,5.019071278160923,2.1164043952947766,
71.1009664650693,5.018919483040666,2.113402389196775,
71.2009684743522,5.018768423195103,2.110405812436917,
71.30097048363508,5.0186180947834895,2.107414619271233,
71.40097249291797,5.018468493994834,2.104428763965187,
71.50097450220086,5.018319617047659,2.101448200788854,
71.60097651148375,5.018171460189771,2.0984728840120246,
71.70097852076664,5.018024019698031,2.095502767899309,
71.80098053004953,5.017877291878126,2.092537806705082,
71.90098253933242,5.017731273064344,2.0895779546684183,
72.0009845486153,5.017585959619358,2.086623166007932,
72.1009865578982,5.017441347934001,2.0836733949165422,
72.20098856718108,5.017297434427056,2.0807285955561268,
72.30099057646397,5.01715421554504,2.077788722052192,
72.40099258574686,5.017011687761994,2.074853728488301,
72.50099459502975,5.016869847579279,2.071923568900581,
72.60099660431264,5.0167286915253655,2.068998197271987,
72.70099861359553,5.016588216155639,2.0660775675265826,
72.80100062287842,5.016448418052194,2.063161633523663,
72.90100263216131,5.016309293823643,2.0602503490517945,
73.0010046414442,5.016170840104919,2.0573436678227344,
73.10100665072709,5.016033053557084,2.054441543465269,
73.20100866000998,5.015895930867146,2.0515439295189126,
73.30101066929286,5.015759468747864,2.048650779427482,
73.40101267857575,5.015623663937571,2.0457620465325523,
73.50101468785864,5.015488513199995,2.042877684066865,
73.60101669714153,5.015354013324073,2.039997645147455,
73.70101870642442,5.015220161123781,2.037121882768758,
73.80102071570731,5.015086953437962,2.034250349795562,
73.9010227249902,5.01495438713015,2.0313829989557757,
74.00102473427309,5.014822459088406,2.0285197828330523,
74.10102674355598,5.014691166225154,2.0256606538593163,
74.20102875283887,5.014560505477012,2.022805564307036,
74.30103076212175,5.014430473804637,2.0199544662814097,
74.40103277140464,5.014301068192566,2.0171073117123233,
74.50103478068753,5.014172285649058,2.014264052346172,
74.60103678997042,5.014044123205943,2.011424639737479,
74.70103879925331,5.013916577918474,2.008589025240287,
74.8010408085362,5.013789646865174,2.005757159999432,
74.90104281781909,5.013663327147693,2.002928994941496,
75.00104482710198,5.013537615890666,2.000104480765647,
75.10104683638487,5.013412510241572,1.997283567934259,
75.20104884566776,5.013288007370596,1.9944662066631718,
75.30105085495065,5.013164104470492,1.9916523469118854,
75.40105286423353,5.013040798756453,1.9888419383733407,
75.50105487351642,5.012918087465979,1.9860349304636349,
75.60105688279931,5.012795967858749,1.983231272311244,
75.7010588920822,5.012674437216496,1.980430912746164,
75.80106090136509,5.012553492842885,1.9776338002886502,
75.90106291064798,5.012433132063392,1.9748398831377214,
76.00106491993087,5.012313352225186,1.9720491091592938,
76.10106692921376,5.012194150697014,1.9692614258740395,
76.20106893849665,5.012075524869092,1.9664767804449288,
76.30107094777954,5.011957472152988,1.9636951196643286,
76.40107295706242,5.011839989981521,1.9609163899408606,
76.50107496634531,5.011723075808655,1.958140537285826,
76.6010769756282,5.011606727109397,1.9553675072992416,
76.70107898491109,5.011490941379695,1.952597245155446,
76.80108099419398,5.011375716136347,1.949829695588371,
76.90108300347687,5.0112610489169,1.9470648028762447,
77.00108501275976,5.011146937279567,1.9443025108259862,
77.10108702204265,5.011033378803134,1.9415427627570372,
77.20108903132554,5.010920371086875,1.938785501484655,
77.30109104060843,5.01080791175047,1.9360306693028337,
77.40109304989132,5.010695998433926,1.93327820796656,
77.5010950591742,5.010584628797502,1.9305280586736093,
77.6010970684571,5.0104738005216305,1.9277801620456483,
77.70109907773998,5.010363511306851,1.9250344581088297,
77.80110108702287,5.010253758873741,1.9222908862737478,
77.90110309630576,5.010144540962853,1.919549385314681,
78.00110510558865,5.01003585533465,1.916809893348201,
78.10110711487154,5.009927699769451,1.914072347811031,
78.20110912415443,5.009820072067374,1.9113366854371634,
78.30111113343732,5.0097129700482865,1.908602842234245,
78.4011131427202,5.009606391551755,1.9058707534590429,
78.5011151520031,5.009500334437003,1.9031403535921694,
78.60111716128598,5.009394796582867,1.9004115763118758,
78.70111917056887,5.009289775887763,1.8976843544668909,
78.80112117985176,5.00918527026965,1.894958620048304,
78.90112318913465,5.0090812776660005,1.8922343041604504,
79.00112519841754,5.0089777960337765,1.8895113369907222,
79.10112720770043,5.008874823349403,1.8867896477782087,
79.20112921698332,5.008772357608757,1.8840691647813173,
79.30113122626621,5.0086703968271475,1.8813498152439943,
79.4011332355491,5.008568939039307,1.8786315253607384,
79.50113524483199,5.008467982299391,1.8759142202403651,
79.60113725411487,5.0083675246809705,1.8731978238681726,
79.70113926339776,5.008267564277042,1.8704822590667887,
79.80114127268065,5.0081680992000335,1.8677674474554105,
79.90114328196354,5.008069127581819,1.865053309407401,
80.00114529124643,5.007970647573737,1.8623397640062063,
80.10114730052932,5.007872657346615,1.8596267289994006,
80.20114930981221,5.007775155090799,1.8569141207509632,
80.3011513190951,5.00767813901619,1.854201854191481,
80.40115332837799,5.0075816073522805,1.8514898427662259,
80.50115533766088,5.007485558348207,1.8487779983811254,
80.60115734694376,5.007389990272799,1.8460662313463445,
80.70115935622665,5.007294901414641,1.8433544503174353,
80.80116136550954,5.007200290082138,1.8406425622339442,
80.90116337479243,5.007106154603589,1.837930472255205,
81.00116538407532,5.007012493327265,1.8352180836933276,
81.10116739335821,5.006919304621499,1.8325052979431455,
81.2011694026411,5.006826586874781,1.829792014408988,
81.30117141192399,5.006734338495863,1.827078130427986,
81.40117342120688,5.0066425579138665,1.824363541189777,
81.50117543048977,5.006551243578408,1.8216481396526012,
81.60117743977266,5.006460393959726,1.818931816455112,
81.70117944905554,5.00637000754882,1.8162144598241166,
81.80118145833843,5.006280082857602,1.8134959554777663,
81.90118346762132,5.006190618419056,1.8107761865239165,
82.00118547690421,5.006101612787404,1.8080550333533612,
82.1011874861871,5.006013064538296,1.8053323735278295,
82.20118949546999,5.0059249722689945,1.8026080816619863,
82.30119150475288,5.005837334598588,1.7998820292995572,
82.40119351403577,5.005750150168207,1.7971540847828518,
82.50119552331866,5.005663417641258,1.7944241131152823,
82.60119753260155,5.005577135703671,1.7916919758166239,
82.70119954188444,5.005491303064163,1.7889575307703065,
82.80120155116732,5.005405918454516,1.7862206320623142,
82.90120356045021,5.005320980629871,1.783481129811092,
83.0012055697331,5.0052364883690466,1.7807388699878612,
83.10120757901599,5.005152440474866,1.777993694226552,
83.20120958829888,5.005068835774512,1.7752454396228128,
83.30121159758177,5.004985673119898,1.7724939385210923,
83.40121360686466,5.004902951388065,1.7697390182891823,
83.50121561614755,5.004820669481599,1.7669805010789748,
83.60121762543044,5.004738826329073,1.7642182035725955,
83.70121963471333,5.004657420885522,1.7614519367128996,
83.80122164399621,5.004576452132933,1.7586815054168201,
83.9012236532791,5.004495919080778,1.7559067082704745,
84.00122566256199,5.004415820766571,1.7531273372045155,
84.10122767184488,5.00433615625646,1.7503431771480589,
84.20122968112777,5.004256924645857,1.747554005659609,
84.30123169041066,5.004178125060103,1.7447595925328003,
84.40123369969355,5.004099756655178,1.7419596993750812,
84.50123570897644,5.004021818618448,1.739154079156991,
84.60123771825933,5.003944310169468,1.7363424757291956,
84.70123972754222,5.0038672305608225,1.7335246233048935,
84.8012417368251,5.003790579079037,1.7307002459041174,
84.901243746108,5.0037143550455285,1.7278690567565314,
85.00124575539088,5.003638557817632,1.725030757658907,
85.10124776467377,5.003563186789686,1.7221850382831145,
85.20124977395666,5.0034882413941935,1.719331575429534,
85.30125178323955,5.003413721103059,1.7164700322208721,
85.40125379252244,5.003339625428911,1.713600057230336,
85.50125580180533,5.003265953926514,1.7107212835374674,
85.60125781108822,5.003192706194279,1.7078333277040998,
85.7012598203711,5.003119881875883,1.7049357886620646,
85.801261829654,5.003047480662002,1.7020282465033918,
85.90126383893688,5.0029755022921725,1.6991102611618056,
86.00126584821977,5.00290394655679,1.6961813709737936,
86.10126785750266,5.002832813299261,1.69324109110528,
86.20126986678555,5.002762102418319,1.690288911828284,
86.30127187606844,5.002691813870518,1.6873242966295925,
86.40127388535133,5.002621947672934,1.6843466801310285,
86.50127589463422,5.002552503906079,1.681355465797826,
86.60127790391711,5.00248348271706,1.6783500234080353,
86.7012799132,5.002414884323007,1.6753296862517244,
86.80128192248289,5.002346709014796,1.6722937480237223,
86.90128393176578,5.002278957161108,1.6692414593680205,
87.00128594104866,5.002211629212848,1.6661720240246316,
87.10128795033155,5.002144725707984,1.663084594521448,
87.20128995961444,5.0020782472768435,1.659978267343634,
87.30129196889733,5.002012194647928,1.6568520775005608,
87.40129397818022,5.001946568654312,1.6537049923960585,
87.50129598746311,5.001881370240709,1.6505359048889958,
87.601297996746,5.001816600471277,1.6473436254093283,
87.70130000602889,5.001752260538289,1.6441268729674396,
87.80130201531178,5.001688351771779,1.6408842648600308,
87.90130402459467,5.001624875650305,1.6376143048334666,
88.00130603387755,5.001561833813015,1.6343153694120405,
88.10130804316044,5.001499228073213,1.6309856920294705,
88.20131005244333,5.001437060433667,1.6276233445155293,
88.30131206172622,5.001375333103978,1.6242262153772153,
88.40131407100911,5.001314048520342,1.6207919841660567,
88.501316080292,5.001253209368193,1.617318091032478,
88.60131808957489,5.001192818608237,1.6138017003101315,
88.70132009885778,5.0011328795065975,1.6102396566307287,
88.80132210814067,5.001073395669923,1.60662843160076,
88.90132411742356,5.001014371086564,1.6029640584270306,
89.00132612670645,5.000955810175228,1.5992420509742535,
89.10132813598933,5.000897717842972,1.59545730245438,
89.20133014527222,5.000840099554951,1.5916039570883853,
89.30133215455511,5.000782961419178,1.5876752453368017,
89.401334163838,5.000726310290742,1.5836632691558754,
89.50133617312089,5.0006701539016145,1.5795587173302599,
89.60133818240378,5.0006145010247804,1.5753504807522591,
89.70134019168667,5.00055936168532,1.5710251208008934,
89.80134220096956,5.000504747437339,1.566566115521725,
89.90134421025245,5.000450671735855,1.5619527577677152,
90.00134621953534,5.0003971504503015,1.5571584850760791,
90.10134822881822,5.000344202597962,1.5521482338421007,
90.20135023810111,5.000291851436484,1.5468740105450138,
90.301352247384,5.000240126181038,1.5412669356351327,
90.40135425666689,5.000189064902821,1.5352215343806543,
90.50135626594978,5.0001387199365555,1.5285602746829086,
90.60135827523267,5.0000891696364755,1.5209349451374121,
90.70136028451556,5.000040552072417,1.5114202485588895,
90.80136229379845,5.0,1.4953487812212205,
