Time,Mass,Radius,Lx
23.0,5.596940043010154,6.41,1.16e+30
23.1,5.591137758718436,6.383481949084146,1.16e+30
23.200000000000003,5.585413693339731,6.357173644087144,1.16e+30
23.300000000000004,5.579766547356131,6.331073315798269,1.16e+30
23.400000000000006,5.574195044460498,6.305179195618267,1.16e+30
23.500000000000007,5.568697931189392,6.279489516327098,1.16e+30
23.60000000000001,5.563273976557554,6.254002512816765,1.16e+30
23.70000000000001,5.557921971694232,6.228716422790285,1.16e+30
23.80000000000001,5.552640729481612,6.2036294874277775,1.16e+30
23.900000000000013,5.547429084195602,6.178739952020722,1.16e+30
24.000000000000014,5.542285891149197,6.154046066575312,1.16e+30
24.100000000000016,5.5372100263386415,6.1295460863859415,1.16e+30
24.200000000000017,5.532200386092568,6.105238272579749,1.16e+30
24.30000000000002,5.527255886724301,6.081120892633162,1.16e+30
24.40000000000002,5.522375464187485,6.057192220861422,1.16e+30
24.50000000000002,5.517558073735178,6.033450538881924,1.16e+30
24.600000000000023,5.512802689582555,6.00989413605234,1.16e+30
24.700000000000024,5.5081083045733275,5.986521309884342,1.16e+30
24.800000000000026,5.503473929849998,5.963330366433832,1.16e+30
24.900000000000027,5.498898594528047,5.9403196206684985,1.16e+30
25.00000000000003,5.494381345374122,5.917487396813497,1.16e+30
25.10000000000003,5.489921246488324,5.894832028676085,1.16e+30
25.20000000000003,5.485517378990642,5.872351859949994,1.16e+30
25.300000000000033,5.481168840711601,5.850045244500265,1.16e+30
25.400000000000034,5.4768747458871605,5.827910546629344,1.16e+30
25.500000000000036,5.472634224857911,5.80594614132508,1.16e+30
25.600000000000037,5.4684464237726,5.7841504144914175,1.16e+30
25.70000000000004,5.464310504296004,5.762521763162399,1.16e+30
25.80000000000004,5.460225643321176,5.741058595700176,1.16e+30
25.90000000000004,5.456191032686064,5.719759331977638,1.16e+30
26.000000000000043,5.452205878894525,5.698622403546338,1.16e+30
26.100000000000044,5.448269402841721,5.67764625379027,1.16e+30
26.200000000000045,5.444380839543889,5.656829338066101,1.16e+30
26.300000000000047,5.440539437872497,5.636170123830436,1.16e+30
26.40000000000005,5.436744460292742,5.615667090754682,1.16e+30
26.50000000000005,5.432995182606396,5.595318730827989,1.16e+30
26.60000000000005,5.429290893698966,5.5751235484488575,1.16e+30
26.700000000000053,5.425630895291144,5.5550800605058335,1.16e+30
26.800000000000054,5.422014501694523,5.5351867964478725,1.16e+30
26.900000000000055,5.418441039571541,5.515442298344729,1.16e+30
27.000000000000057,5.414909847699624,5.4958451209379025,1.16e+30
27.10000000000006,5.411420276739489,5.476393831682554,1.16e+30
27.20000000000006,5.4079716890075655,5.457087010780784,1.16e+30
27.30000000000006,5.404563458252505,5.437923251206739,1.16e+30
27.400000000000063,5.401194969435717,5.418901158723861,1.16e+30
27.500000000000064,5.3978656185159055,5.400019351894713,1.16e+30
27.600000000000065,5.394574812237553,5.3812764620837505,1.16e+30
27.700000000000067,5.391321967923297,5.362671133453315,1.16e+30
27.800000000000068,5.388106513270163,5.34420202295328,1.16e+30
27.90000000000007,5.384927886149602,5.3258678003046205,1.16e+30
28.00000000000007,5.38178553441127,5.307667147977208,1.16e+30
28.100000000000072,5.378678915690513,5.289598761162182,1.16e+30
28.200000000000074,5.375607497219502,5.271661347739142,1.16e+30
28.300000000000075,5.372570755641959,5.2538536282384545,1.16e+30
28.400000000000077,5.36956817683143,5.236174335798939,1.16e+30
28.500000000000078,5.366599255713038,5.21862221612119,1.16e+30
28.60000000000008,5.363663496088689,5.20119602741679,1.16e+30
28.70000000000008,5.360760410465643,5.183894540353636,1.16e+30
28.800000000000082,5.357889519888426,5.166716537997621,1.16e+30
28.900000000000084,5.35505035377401,5.149660815750863,1.16e+30
29.000000000000085,5.35224244975022,5.132726181286723,1.16e+30
29.100000000000087,5.349465353497301,5.115911454481802,1.16e+30
29.200000000000088,5.346718618592609,5.099215467345074,1.16e+30
29.30000000000009,5.344001806358356,5.082637063944407,1.16e+30
29.40000000000009,5.341314485712364,5.066175100330593,1.16e+30
29.500000000000092,5.338656233021784,5.049828444459072,1.16e+30
29.600000000000094,5.336026631959704,5.033595976109509,1.16e+30
29.700000000000095,5.333425273364616,5.017476586803397,1.16e+30
29.800000000000097,5.330851755102691,5.001469179719807,1.16e+30
29.900000000000098,5.328305681932787,4.985572669609457,1.16e+30
30.0000000000001,5.325786665374172,4.969785982707183,1.16e+30
30.1000000000001,5.323294323576884,4.954108056643022,1.16e+30
30.200000000000102,5.320828281194699,4.938537840351932,1.16e+30
30.300000000000104,5.318388169260645,4.923074293982378,1.16e+30
30.400000000000105,5.315973625065021,4.9077163888037765,1.16e+30
30.500000000000107,5.313584292035869,4.892463107113024,1.16e+30
30.600000000000108,5.31121981962186,4.877313442140114,1.16e+30
30.70000000000011,5.3088798631775305,4.862266397953,1.16e+30
30.80000000000011,5.306564083850847,4.847320989361769,1.16e+30
30.900000000000112,5.304272148473032,4.832476241822237,1.16e+30
31.000000000000114,5.302003729450622,4.817731191339021,1.16e+30
31.100000000000115,5.299758504659705,4.803084884368213,1.16e+30
31.200000000000117,5.297536157342299,4.7885363777196615,1.16e+30
31.300000000000118,5.295336376004827,4.7740847384590115,1.16e+30
31.40000000000012,5.293158854318644,4.759729043809519,1.16e+30
31.50000000000012,5.291003291022585,4.745468381053727,1.16e+30
31.600000000000122,5.288869389827476,4.731301847435059,1.16e+30
31.700000000000124,5.286756859322594,4.717228550059401,1.16e+30
31.800000000000125,5.284665412884004,4.703247605796697,1.16e+30
31.900000000000126,5.282594768584763,4.6893581411826375,1.16e+30
32.00000000000013,5.280544649106946,4.675559292320517,1.16e+30
32.10000000000013,5.278514781655438,4.661850204783223,1.16e+30
32.20000000000013,5.276504897873487,4.648230033515486,1.16e+30
32.30000000000013,5.274514733759957,4.634697942736402,1.16e+30
32.400000000000134,5.272544029588259,4.621253105842261,1.16e+30
32.500000000000135,5.270592529826919,4.607894705309722,1.16e+30
32.600000000000136,5.2686599830617515,4.5946219325993605,1.16e+30
32.70000000000014,5.26674614191961,4.581433988059681,1.16e+30
32.80000000000014,5.264850762993668,4.568330080831503,1.16e+30
32.90000000000014,5.262973606770222,4.555309428752908,1.16e+30
33.00000000000014,5.261114437556956,4.542371258264636,1.16e+30
33.10000000000014,5.2592730234126615,4.5295148043160225,1.16e+30
33.200000000000145,5.25744913607837,4.5167393102715225,1.16e+30
33.300000000000146,5.255642550909873,4.504044027817775,1.16e+30
33.40000000000015,5.2538530468115985,4.491428216871302,1.16e+30
33.50000000000015,5.252080406171813,4.478891145486791,1.16e+30
33.60000000000015,5.250324414799132,4.466432089766052,1.16e+30
33.70000000000015,5.248584861860295,4.454050333767592,1.16e+30
33.80000000000015,5.246861539819197,4.4417451694169,1.16e+30
33.900000000000155,5.245154244377132,4.429515896417376,1.16e+30
34.000000000000156,5.243462774414239,4.417361822162,1.16e+30
34.10000000000016,5.2417869319321095,4.405282261645657,1.16e+30
34.20000000000016,5.240126521997555,4.393276537378245,1.16e+30
34.30000000000016,5.238481352687475,4.381343979298456,1.16e+30
34.40000000000016,5.236851235034845,4.369483924688341,1.16e+30
34.50000000000016,5.23523598297576,4.35769571808859,1.16e+30
34.600000000000165,5.233635413297545,4.345978711214597,1.16e+30
34.700000000000166,5.232049345587885,4.334332262873257,1.16e+30
34.80000000000017,5.23047760218497,4.32275573888055,1.16e+30
34.90000000000017,5.228920008128619,4.311248511979888,1.16e+30
35.00000000000017,5.227376391112382,4.299809961761239,1.16e+30
35.10000000000017,5.225846581436577,4.288439474581043,1.16e+30
35.20000000000017,5.224330411962258,4.277136443482892,1.16e+30
35.300000000000175,5.22282771806609,4.265900268118996,1.16e+30
35.400000000000176,5.221338337596107,4.254730354672459,1.16e+30
35.50000000000018,5.219862110828345,4.243626115780309,1.16e+30
35.60000000000018,5.218398880424318,4.232586970457334,1.16e+30
35.70000000000018,5.216948491389337,4.22161234402072,1.16e+30
35.80000000000018,5.21551079103163,4.210701668015438,1.16e+30
35.90000000000018,5.214085628922273,4.199854380140459,1.16e+30
36.000000000000185,5.212672856855898,4.189069924175733,1.16e+30
36.100000000000186,5.211272328812157,4.178347749909943,1.16e+30
36.20000000000019,5.209883900917953,4.167687313069077,1.16e+30
36.30000000000019,5.208507431410384,4.157088075245731,1.16e+30
36.40000000000019,5.20714278060042,4.146549503829235,1.16e+30
36.50000000000019,5.205789810837275,4.136071071936515,1.16e+30
36.60000000000019,5.2044483864734685,4.125652258343761,1.16e+30
36.700000000000195,5.203118373830563,4.115292547418832,1.16e+30
36.800000000000196,5.201799641165556,4.104991429054438,1.16e+30
36.9000000000002,5.2004920586379235,4.094748398602091,1.16e+30
37.0000000000002,5.199195498277294,4.084562956806787,1.16e+30
37.1000000000002,5.197909833951737,4.074434609742466,1.16e+30
37.2000000000002,5.196634941336665,4.064362868748179,1.16e+30
37.3000000000002,5.195370697884325,4.054347250365057,1.16e+30
37.400000000000205,5.194116982793872,4.044387276273952,1.16e+30
37.500000000000206,5.192873676982011,4.034482473233839,1.16e+30
37.60000000000021,5.1916406630542005,4.024632373020961,1.16e+30
37.70000000000021,5.190417825276395,4.014836512368657,1.16e+30
37.80000000000021,5.189205049547328,4.0050944329079226,1.16e+30
37.90000000000021,5.188002223371318,3.9954056811086804,1.16e+30
38.00000000000021,5.186809235831583,3.9857698082217623,1.16e+30
38.100000000000215,5.185625977564063,3.9761863702215687,1.16e+30
38.200000000000216,5.18445234073173,3.966654927749418,1.16e+30
38.30000000000022,5.1832882189993805,3.957175046057605,1.16e+30
38.40000000000022,5.182133507508902,3.947746294954118,1.16e+30
38.50000000000022,5.180988102855001,3.938368248748044,1.16e+30
38.60000000000022,5.179851903061381,3.9290404861956056,1.16e+30
38.70000000000022,5.178724807557369,3.9197625904469136,1.16e+30
38.800000000000225,5.177606717154971,3.9105341489933236,1.16e+30
38.900000000000226,5.176497534026354,3.9013547536154514,1.16e+30
39.00000000000023,5.175397161681752,3.892224000331858,1.16e+30
39.10000000000023,5.174305504947768,3.883141489348329,1.16e+30
39.20000000000023,5.17322246994609,3.874106825007812,1.16e+30
39.30000000000023,5.172147964072583,3.8651196157409475,1.16e+30
39.40000000000023,5.171081895976782,3.8561794740172393,1.16e+30
39.500000000000234,5.170024175541746,3.8472860162968305,1.16e+30
39.600000000000236,5.168974713864293,3.8384388629828536,1.16e+30
39.70000000000024,5.167933423235589,3.82963763837443,1.16e+30
39.80000000000024,5.16690021712209,3.8208819706201864,1.16e+30
39.90000000000024,5.165875010146837,3.8121714916724274,1.16e+30
40.00000000000024,5.164857718071084,3.803505837241821,1.16e+30
40.10000000000024,5.163848257776265,3.7948846467526973,1.16e+30
40.200000000000244,5.162846547246283,3.786307563298894,1.16e+30
40.300000000000246,5.16185250555012,3.7777742336001454,1.16e+30
40.40000000000025,5.16086605282476,3.769284307959052,1.16e+30
40.50000000000025,5.159887110258423,3.760837440218565,1.16e+30
40.60000000000025,5.158915600074092,3.7524332877200166,1.16e+30
40.70000000000025,5.157951445513344,3.7440715112617036,1.16e+30
40.80000000000025,5.156994570820464,3.735751775057956,1.16e+30
40.900000000000254,5.156044901226842,3.7274737466987453,1.16e+30
41.000000000000256,5.155102362935657,3.7192370971098287,1.16e+30
41.10000000000026,5.15416688310682,3.7110415005133524,1.16e+30
41.20000000000026,5.153238389842191,3.702886634388975,1.16e+30
41.30000000000026,5.1523168121710645,3.6947721794355175,1.16e+30
41.40000000000026,5.151402080035894,3.686697819533045,1.16e+30
41.50000000000026,5.1504941242782865,3.6786632417054643,1.16e+30
41.600000000000264,5.14959287662523,3.670668136083603,1.16e+30
41.700000000000266,5.148698269675573,3.6627121958687323,1.16e+30
41.80000000000027,5.1478102368867305,3.65479511729657,1.16e+30
41.90000000000027,5.1469287125616345,3.64691659960176,1.16e+30
42.00000000000027,5.146053631835901,3.639076344982761,1.16e+30
42.10000000000027,5.145184930665228,3.631274058567218,1.16e+30
42.20000000000027,5.14432254581301,3.6235094483777743,1.16e+30
42.300000000000274,5.143466414838167,3.615782225298298,1.16e+30
42.400000000000276,5.142616476083184,3.6080921030405517,1.16e+30
42.50000000000028,5.141772668662361,3.6004387981112917,1.16e+30
42.60000000000028,5.140934932450258,3.592822029779781,1.16e+30
42.70000000000028,5.140103208070348,3.585241520045713,1.16e+30
42.80000000000028,5.139277436883858,3.5776969936075496,1.16e+30
42.90000000000028,5.138457560978801,3.5701881778312607,1.16e+30
43.000000000000284,5.137643523159205,3.562714802719476,1.16e+30
43.100000000000286,5.136835266934511,3.5552766008809957,1.16e+30
43.20000000000029,5.136032736509168,3.5478733075007214,1.16e+30
43.30000000000029,5.135235876772387,3.5405046603099635,1.16e+30
43.40000000000029,5.134444633288087,3.533170399557112,1.16e+30
43.50000000000029,5.133658952284998,3.5258702679787026,1.16e+30
43.60000000000029,5.132878780646937,3.5186040107708374,1.16e+30
43.700000000000294,5.132104065903246,3.5113713755609632,1.16e+30
43.800000000000296,5.131334756219394,3.504172112380026,1.16e+30
43.9000000000003,5.130570800387728,3.4970059736349564,1.16e+30
44.0000000000003,5.129812147818397,3.4898727140815504,1.16e+30
44.1000000000003,5.1290587485304036,3.4827720907976194,1.16e+30
44.2000000000003,5.128310553142826,3.4757038631565518,1.16e+30
44.3000000000003,5.127567512866174,3.46866779280118,1.16e+30
44.400000000000304,5.126829579493896,3.4616636436179737,1.16e+30
44.500000000000306,5.126096705394019,3.454691181711575,1.16e+30
44.60000000000031,5.125368843500933,3.44775017537963,1.16e+30
44.70000000000031,5.124645947307311,3.4408403950879842,1.16e+30
44.80000000000031,5.12392797085616,3.433961613446158,1.16e+30
44.90000000000031,5.123214868733001,3.4271136051831075,1.16e+30
45.00000000000031,5.122506596058184,3.4202961471233713,1.16e+30
45.100000000000314,5.12180310847932,3.413509018163426,1.16e+30
45.200000000000315,5.1211043621638455,3.406751999248417,1.16e+30
45.30000000000032,5.120410313791703,3.40002487334913,1.16e+30
45.40000000000032,5.119720920548143,3.3933274254392796,1.16e+30
45.50000000000032,5.119036140116636,3.3866594424730585,1.16e+30
45.60000000000032,5.118355930671915,3.3800207133630114,1.16e+30
45.70000000000032,5.117680250873113,3.3734110289581443,1.16e+30
45.800000000000324,5.1170090598570255,3.36683018202233,1.16e+30
45.900000000000325,5.116342317231469,3.3602779672129763,1.16e+30
46.00000000000033,5.115679983068758,3.3537541810599696,1.16e+30
46.10000000000033,5.11502201789928,3.3472586219448814,1.16e+30
46.20000000000033,5.114368382705173,3.340791090080412,1.16e+30
46.30000000000033,5.113719038914109,3.3343513874901305,1.16e+30
46.40000000000033,5.11307394839317,3.3279393179884327,1.16e+30
46.500000000000334,5.11243307344283,3.321554687160774,1.16e+30
46.600000000000335,5.111796376791022,3.3151973023441306,1.16e+30
46.70000000000034,5.11116382158731,3.3088669726076976,1.16e+30
46.80000000000034,5.110535371397143,3.3025635087338703,1.16e+30
46.90000000000034,5.1099109901962105,3.29628672319941,1.16e+30
47.00000000000034,5.1092906423648765,3.2900364301568645,1.16e+30
47.10000000000034,5.108674292682707,3.2838124454162227,1.16e+30
47.200000000000344,5.108061906323083,3.2776145864267967,1.16e+30
47.300000000000345,5.107453448847898,3.2714426722593224,1.16e+30
47.40000000000035,5.106848886202332,3.26529652358827,1.16e+30
47.50000000000035,5.106248184709721,3.259175962674414,1.16e+30
47.60000000000035,5.10565131106649,3.2530808133475535,1.16e+30
47.70000000000035,5.105058232337175,3.2470109009894976,1.16e+30
47.80000000000035,5.104468915949522,3.2409660525172557,1.16e+30
47.900000000000354,5.1038833296896575,3.2349460963664005,1.16e+30
48.000000000000355,5.103301441697334,3.2289508624746635,1.16e+30
48.10000000000036,5.102723220461254,3.2229801822657373,1.16e+30
48.20000000000036,5.1021486348144585,3.217033888633239,1.16e+30
48.30000000000036,5.101577653929793,3.211111815924909,1.16e+30
48.40000000000036,5.101010247315438,3.2052137999269914,1.16e+30
48.50000000000036,5.10044638481051,3.199339677848781,1.16e+30
48.600000000000364,5.099886036580732,3.193489288307402,1.16e+30
48.700000000000365,5.099329173114162,3.1876624713127315,1.16e+30
48.80000000000037,5.098775765216996,3.1818590682525194,1.16e+30
48.90000000000037,5.09822578400943,3.1760789218777115,1.16e+30
49.00000000000037,5.097679200921582,3.1703218762879057,1.16e+30
49.10000000000037,5.097135987689482,3.164587776917035,1.16e+30
49.20000000000037,5.096596116351116,3.1588764705191705,1.16e+30
49.300000000000374,5.096059559242535,3.153187805154542,1.16e+30
49.400000000000375,5.095526288994019,3.1475216301757136,1.16e+30
49.50000000000038,5.094996278526297,3.141877796213883,1.16e+30
49.60000000000038,5.09446950104683,3.1362561551654338,1.16e+30
49.70000000000038,5.09394593004614,3.1306565601785454,1.16e+30
49.80000000000038,5.093425539294206,3.125078865640062,1.16e+30
49.90000000000038,5.092908302836898,3.119522927162442,1.16e+30
50.000000000000384,5.0923941949924805,3.113988601570896,1.16e+30
50.100000000000385,5.091883190348153,3.108475746890692,1.16e+30
50.20000000000039,5.091375263756653,3.102984222334573,1.16e+30
50.30000000000039,5.090870390332902,3.0975138882903748,1.16e+30
50.40000000000039,5.090368545450703,3.092064606308745,1.16e+30
50.50000000000039,5.089869704739488,3.086636239091022,1.16e+30
50.60000000000039,5.089373844081111,3.081228650477267,1.16e+30
50.700000000000394,5.088880939606687,3.075841705434434,1.16e+30
50.800000000000395,5.088390967693483,3.07047527004468,1.16e+30
50.9000000000004,5.087903904961847,3.0651292114938054,1.16e+30
51.0000000000004,5.087419728272184,3.059803398059832,1.16e+30
51.1000000000004,5.08693841472198,3.054497699101735,1.16e+30
51.2000000000004,5.086459941642865,3.049211985048271,1.16e+30
51.3000000000004,5.085984286597714,3.043946127386966,1.16e+30
51.400000000000404,5.085511427377804,3.0386999986532226,1.16e+30
51.500000000000405,5.085041341999994,3.033473472419561,1.16e+30
51.600000000000406,5.084574008703961,3.0282664232849665,1.16e+30
51.70000000000041,5.084109405949467,3.0230787268643975,1.16e+30
51.80000000000041,5.083647512413665,3.017910259778371,1.16e+30
51.90000000000041,5.08318830698845,3.012760899642687,1.16e+30
52.00000000000041,5.082731768777839,3.0076305250583095,1.16e+30
52.10000000000041,5.082277877095395,3.0025190156012833,1.16e+30
52.200000000000415,5.081826611461687,2.9974262518128576,1.16e+30
52.300000000000416,5.081377951601782,2.9923521151896675,1.16e+30
52.40000000000042,5.080931877442773,2.987296488174011,1.16e+30
52.50000000000042,5.0804883691113485,2.982259254144317,1.16e+30
52.60000000000042,5.080047406931388,2.9772402974056504,1.16e+30
52.70000000000042,5.079608971421594,2.9722395031803437,1.16e+30
52.80000000000042,5.079173043293162,2.967256757598748,1.16e+30
52.900000000000425,5.078739603447476,2.962291947690109,1.16e+30
53.000000000000426,5.0783086329738385,2.9573449613734786,1.16e+30
53.10000000000043,5.077880113147236,2.952415687448795,1.16e+30
53.20000000000043,5.077454025426131,2.9475040155880547,1.16e+30
53.30000000000043,5.0770303514502855,2.942609836326551,1.16e+30
53.40000000000043,5.076609073038618,2.937733041054256,1.16e+30
53.50000000000043,5.0761901721870855,2.9328735220072506,1.16e+30
53.600000000000435,5.075773631066596,2.9280311722592924,1.16e+30
53.700000000000436,5.075359432020955,2.92320588571347,1.16e+30
53.80000000000044,5.07494755756483,2.918397557093927,1.16e+30
53.90000000000044,5.074537990381756,2.913606081937731,1.16e+30
54.00000000000044,5.0741307133221545,2.9088313565867603,1.16e+30
54.10000000000044,5.073725709401392,2.904073278179749,1.16e+30
54.20000000000044,5.073322961797856,2.8993317446443707,1.16e+30
54.300000000000445,5.072922453851061,2.894606654689466,1.16e+30
54.400000000000446,5.072524169059782,2.8898979077972866,1.16e+30
54.50000000000045,5.072128091080209,2.8852054042158874,1.16e+30
54.60000000000045,5.071734203724133,2.880529044951575,1.16e+30
54.70000000000045,5.071342490957145,2.8758687317614227,1.16e+30
54.80000000000045,5.070952936896874,2.8712243671459197,1.16e+30
54.90000000000045,5.070565525811238,2.866595854341641,1.16e+30
55.000000000000455,5.070180242116723,2.861983097314037,1.16e+30
55.100000000000456,5.069797070376683,2.8573860007503056,1.16e+30
55.20000000000046,5.069415995299664,2.852804470052302,1.16e+30
55.30000000000046,5.069037001737755,2.848238411329583,1.16e+30
55.40000000000046,5.0686600746849475,2.8436877313924724,1.16e+30
55.50000000000046,5.068285199275535,2.8391523377452446,1.16e+30
55.60000000000046,5.067912360782518,2.834632138579349,1.16e+30
55.700000000000465,5.067541544616041,2.830127042766736,1.16e+30
55.800000000000466,5.06717273632184,2.8256369598532265,1.16e+30
55.90000000000047,5.066805921579726,2.8211618000519936,1.16e+30
56.00000000000047,5.06644108620207,2.81670147423707,1.16e+30
56.10000000000047,5.06607821613232,2.8122558939369418,1.16e+30
56.20000000000047,5.065717297443539,2.8078249713282526,1.16e+30
56.30000000000047,5.065358316336951,2.803408619229484,1.16e+30
56.400000000000475,5.065001259140515,2.799006751094785,1.16e+30
56.500000000000476,5.064646112307518,2.794619281007852,1.16e+30
56.60000000000048,5.06429286241518,2.7902461236758347,1.16e+30
56.70000000000048,5.063941496163285,2.78588719442335,1.16e+30
56.80000000000048,5.063592000372823,2.7815424091865415,1.16e+30
56.90000000000048,5.063244361984652,2.77721168450718,1.16e+30
57.00000000000048,5.062898568058179,2.7728949375268797,1.16e+30
57.100000000000485,5.062554605770058,2.7685920859813393,1.16e+30
57.200000000000486,5.0622124624129015,2.764303048194636,1.16e+30
57.30000000000049,5.0618721253940135,2.760027743073607,1.16e+30
57.40000000000049,5.061533582234133,2.7557660901022585,1.16e+30
57.50000000000049,5.061196820566198,2.751518009336266,1.16e+30
57.60000000000049,5.060861828134125,2.747283421397501,1.16e+30
57.70000000000049,5.060528592791603,2.743062247468653,1.16e+30
57.800000000000495,5.060197102500902,2.7388544092878453,1.16e+30
57.900000000000496,5.059867345331698,2.7346598291433892,1.16e+30
58.0000000000005,5.0595393094599155,2.7304784298685165,1.16e+30
58.1000000000005,5.059212983166578,2.7263101348362033,1.16e+30
58.2000000000005,5.05888835483668,2.7221548679540484,1.16e+30
58.3000000000005,5.058565412958068,2.718012553659194,1.16e+30
58.4000000000005,5.058244146120343,2.7138831169132986,1.16e+30
58.500000000000504,5.057924543013764,2.7097664831975647,1.16e+30
58.600000000000506,5.05760659242818,2.7056625785078205,1.16e+30
58.70000000000051,5.057290283251967,2.701571329349634,1.16e+30
58.80000000000051,5.056975604470976,2.6974926627334934,1.16e+30
58.90000000000051,5.056662545167504,2.693426506170048,1.16e+30
59.00000000000051,5.056351094519269,2.6893727876653593,1.16e+30
59.10000000000051,5.056041241798401,2.685331435716245,1.16e+30
59.200000000000514,5.055732976370445,2.6813023793056026,1.16e+30
59.300000000000516,5.055426287693377,2.6772855478978768,1.16e+30
59.40000000000052,5.055121165316635,2.673280871434481,1.16e+30
59.50000000000052,5.0548175988801525,2.6692882803293076,1.16e+30
59.60000000000052,5.054515578113418,2.66530770546429,1.16e+30
59.70000000000052,5.054215092834533,2.6613390781849775,1.16e+30
59.80000000000052,5.053916132949291,2.6573823302961816,1.16e+30
59.900000000000524,5.0536186884502605,2.653437394057648,1.16e+30
60.000000000000526,5.053322749415885,2.6495042021797652,1.16e+30
60.10000000000053,5.053028306009594,2.6455826878193562,1.16e+30
60.20000000000053,5.052735348478917,2.641672784575454,1.16e+30
60.30000000000053,5.0524438671546195,2.6377744264851524,1.16e+30
60.40000000000053,5.052153852449842,2.6338875480195005,1.16e+30
60.50000000000053,5.051865294859252,2.6300120840794134,1.16e+30
60.600000000000534,5.051578184958204,2.626147969991622,1.16e+30
60.700000000000536,5.051292513401917,2.622295141504704,1.16e+30
60.80000000000054,5.051008270924649,2.618453534785112,1.16e+30
60.90000000000054,5.050725448338897,2.6146230864132196,1.16e+30
61.00000000000054,5.050444036534592,2.6108037333794893,1.16e+30
61.10000000000054,5.050164026478315,2.6069954130805613,1.16e+30
61.20000000000054,5.049885409212517,2.603198063315487,1.16e+30
61.300000000000544,5.049608175854747,2.599411622281922,1.16e+30
61.400000000000546,5.049332317596894,2.5956360285723967,1.16e+30
61.50000000000055,5.049057825704437,2.5918712211706048,1.16e+30
61.60000000000055,5.0487846915156975,2.588117139447728,1.16e+30
61.70000000000055,5.048512906441111,2.5843737231587793,1.16e+30
61.80000000000055,5.0482424619625,2.580640912439022,1.16e+30
61.90000000000055,5.047973349632359,2.5769186478003805,1.16e+30
62.000000000000554,5.047705561073146,2.5732068701278994,1.16e+30
62.100000000000556,5.047439087976582,2.569505520676234,1.16e+30
62.20000000000056,5.047173922102965,2.565814541066171,1.16e+30
62.30000000000056,5.046910055280479,2.562133873281178,1.16e+30
62.40000000000056,5.0466474794045295,2.5584634596639924,1.16e+30
62.50000000000056,5.046386186437067,2.554803242913222,1.16e+30
62.60000000000056,5.046126168405934,2.5511531660800086,1.16e+30
62.700000000000564,5.045867417404213,2.5475131725646945,1.16e+30
62.800000000000566,5.045609925589582,2.543883206113512,1.16e+30
62.90000000000057,5.045353685183677,2.5402632108153247,1.16e+30
63.00000000000057,5.045098688471469,2.5366531310983866,1.16e+30
63.10000000000057,5.044844927800634,2.5330529117271285,1.16e+30
63.20000000000057,5.044592395580948,2.5294624977989737,1.16e+30
63.30000000000057,5.0443410842836744,2.525881834741171,1.16e+30
63.400000000000574,5.044090986440965,2.5223108683076676,1.16e+30
63.500000000000576,5.04384209464527,2.5187495445760217,1.16e+30
63.60000000000058,5.043594401548749,2.5151978099442993,1.16e+30
63.70000000000058,5.043347899862692,2.5116556111280306,1.16e+30
63.80000000000058,5.043102582356949,2.508122895157181,1.16e+30
63.90000000000058,5.042858441859362,2.504599609373162,1.16e+30
64.00000000000058,5.042615471255209,2.5010857014258376,1.16e+30
64.10000000000058,5.042373663486643,2.4975811192705546,1.16e+30
64.20000000000057,5.0421330115521545,2.494085811165245,1.16e+30
64.30000000000057,5.0418935085060275,2.49059972566752,1.16e+30
64.40000000000056,5.041655147457803,2.4871228116317488,1.16e+30
64.50000000000055,5.041417921571754,2.4836550182062402,1.16e+30
64.60000000000055,5.041181824066363,2.4801962948303773,1.16e+30
64.70000000000054,5.040946848213803,2.4767465912318167,1.16e+30
64.80000000000054,5.0407129873394325,2.4733058574236924,1.16e+30
64.90000000000053,5.040480234821285,2.469874043701825,1.16e+30
65.00000000000053,5.040248584089574,2.4664511006420096,1.16e+30
65.10000000000052,5.0400180286262,2.463036979097246,1.16e+30
65.20000000000051,5.039788561964261,2.459631630195058,1.16e+30
65.30000000000051,5.03956017768757,2.4562350053347846,1.16e+30
65.4000000000005,5.039332869430184,2.452847056184936,1.16e+30
65.5000000000005,5.0391066308759225,2.4494677346804963,1.16e+30
65.60000000000049,5.038881455757911,2.446096993020345,1.16e+30
65.70000000000049,5.038657337858116,2.442734783664612,1.16e+30
65.80000000000048,5.03843427100689,2.439381059332114,1.16e+30
65.90000000000047,5.0382122490825205,2.4360357729977427,1.16e+30
66.00000000000047,5.037991266010785,2.432698877889941,1.16e+30
66.10000000000046,5.037771315764511,2.4293703274881544,1.16e+30
66.20000000000046,5.037552392363139,2.426050075520299,1.16e+30
66.30000000000045,5.037334489872294,2.422738075960272,1.16e+30
66.40000000000045,5.037117602403357,2.419434283025449,1.16e+30
66.50000000000044,5.036901724113044,2.4161386511742258,1.16e+30
66.60000000000043,5.036686849202991,2.4128511351035686,1.16e+30
66.70000000000043,5.036472971919342,2.409571689746559,1.16e+30
66.80000000000042,5.036260086552341,2.4063002702699943,1.16e+30
66.90000000000042,5.0360481874359255,2.4030368320719364,1.16e+30
67.00000000000041,5.035837268947335,2.3997813307793816,1.16e+30
67.1000000000004,5.035627325506713,2.3965337222458407,1.16e+30
67.2000000000004,5.035418351576714,2.3932939625489738,1.16e+30
67.3000000000004,5.0352103416621246,2.390062007988255,1.16e+30
67.40000000000039,5.035003290309477,2.386837815082643,1.16e+30
67.50000000000038,5.034797192106674,2.3836213405682543,1.16e+30
67.60000000000038,5.034592041682616,2.3804125413960393,1.16e+30
67.70000000000037,5.034387833706833,2.37721137472951,1.16e+30
67.80000000000037,5.034184562889116,2.374017797942454,1.16e+30
67.90000000000036,5.033982223979161,2.370831768616656,1.16e+30
68.00000000000036,5.033780811766207,2.3676532445396274,1.16e+30
68.10000000000035,5.033580321078686,2.364482183702382,1.16e+30
68.20000000000034,5.033380746783873,2.3613185442972084,1.16e+30
68.30000000000034,5.033182083787541,2.35816228471543,1.16e+30
68.40000000000033,5.032984327033619,2.3550133635451953,1.16e+30
68.50000000000033,5.03278747150385,2.35187173956927,1.16e+30
68.60000000000032,5.032591512217465,2.3487373717628826,1.16e+30
68.70000000000032,5.032396444230843,2.3456102192914843,1.16e+30
68.80000000000031,5.032202262637189,2.3424902415086373,1.16e+30
68.9000000000003,5.03200896256621,2.339377397953809,1.16e+30
69.0000000000003,5.031816539183793,2.3362716483502552,1.16e+30
69.10000000000029,5.031624987691687,2.333172952602849,1.16e+30
69.20000000000029,5.031434303327195,2.33008127079597,1.16e+30
69.30000000000028,5.031244481362858,2.326996563191372,1.16e+30
69.40000000000028,5.031055517106149,2.323918790226041,1.16e+30
69.50000000000027,5.0308674058991745,2.3208479125101387,1.16e+30
69.60000000000026,5.030680143118366,2.317783890824833,1.16e+30
69.70000000000026,5.0304937241741925,2.3147266861202787,1.16e+30
69.80000000000025,5.030308144510857,2.311676259513462,1.16e+30
69.90000000000025,5.030123399606015,2.308632572286179,1.16e+30
70.00000000000024,5.029939484970477,2.305595585882906,1.16e+30
70.10000000000024,5.029756396147932,2.3025652619087635,1.16e+30
70.20000000000023,5.029574128714663,2.2995415621274593,1.16e+30
70.30000000000022,5.029392678279267,2.296524448459211,1.16e+30
70.40000000000022,5.029212040482381,2.2935138829787127,1.16e+30
70.50000000000021,5.029032210996409,2.2905098279130667,1.16e+30
70.60000000000021,5.02885318552525,2.2875122456397627,1.16e+30
70.7000000000002,5.028674959804035,2.2845210986846243,1.16e+30
70.8000000000002,5.0284975295988605,2.2815363497198082,1.16e+30
70.90000000000019,5.028320890706526,2.278557961561725,1.16e+30
71.00000000000018,5.028145038954277,2.2755858971690266,1.16e+30
71.10000000000018,5.027969970199548,2.272620119640631,1.16e+30
71.20000000000017,5.027795680329711,2.26966059221363,1.16e+30
71.30000000000017,5.027622165261823,2.2667072782613165,1.16e+30
71.40000000000016,5.027449420942378,2.2637601412911397,1.16e+30
71.50000000000016,5.027277443347063,2.260819144942727,1.16e+30
71.60000000000015,5.027106228480515,2.257884252985841,1.16e+30
71.70000000000014,5.026935772376081,2.25495542931838,1.16e+30
71.80000000000014,5.026766071095579,2.2520326379643563,1.16e+30
71.90000000000013,5.026597120729062,2.249115843071899,1.16e+30
72.00000000000013,5.026428917394589,2.2462050089112147,1.16e+30
72.10000000000012,5.0262614572379904,2.2433000998726085,1.16e+30
72.20000000000012,5.026094736432644,2.2404010804644687,1.16e+30
72.30000000000011,5.025928751179247,2.2375079153112334,1.16e+30
72.4000000000001,5.025763497705593,2.2346205691513825,1.16e+30
72.5000000000001,5.0255989722663506,2.2317390068354297,1.16e+30
72.6000000000001,5.025435171142848,2.228863193323905,1.16e+30
72.70000000000009,5.025272090642855,2.2259930936853385,1.16e+30
72.80000000000008,5.025109727100366,2.2231286730941915,1.16e+30
72.90000000000008,5.024948076875393,2.220269896828895,1.16e+30
73.00000000000007,5.024787136353754,2.2174167302697723,1.16e+30
73.10000000000007,5.024626901946865,2.214569138897038,1.16e+30
73.20000000000006,5.024467370091536,2.2117270882887,1.16e+30
73.30000000000005,5.024308537249767,2.2088905441185998,1.16e+30
73.40000000000005,5.024150399908549,2.206059472154287,1.16e+30
73.50000000000004,5.023992954579661,2.203233838254993,1.16e+30
73.60000000000004,5.02383619779948,2.2004136083695753,1.16e+30
73.70000000000003,5.02368012612878,2.1975987485344524,1.16e+30
73.80000000000003,5.023524736152542,2.194789224871493,1.16e+30
73.90000000000002,5.023370024479763,2.1919850035859754,1.16e+30
74.00000000000001,5.023215987743269,2.189186050964468,1.16e+30
74.10000000000001,5.023062622599525,2.1863923333727326,1.16e+30
74.2,5.022909925728454,2.183603817253628,1.16e+30
74.3,5.022757893833251,2.180820469124974,1.16e+30
74.39999999999999,5.0226065236402055,2.1780422555774455,1.16e+30
74.49999999999999,5.022455811898519,2.175269143272409,1.16e+30
74.59999999999998,5.022305755380129,2.1725010989397626,1.16e+30
74.69999999999997,5.022156350879538,2.1697380893758247,1.16e+30
74.79999999999997,5.022007595213632,2.166980081441096,1.16e+30
74.89999999999996,5.021859485221516,2.1642270420581275,1.16e+30
74.99999999999996,5.021712017764343,2.161478938209267,1.16e+30
75.09999999999995,5.021565189725141,2.158735736934482,1.16e+30
75.19999999999995,5.021418998008655,2.1559974053291286,1.16e+30
75.29999999999994,5.021273439541175,2.1532639105416798,1.16e+30
75.39999999999993,5.021128511270378,2.1505352197714958,1.16e+30
75.49999999999993,5.0209842101651665,2.147811300266537,1.16e+30
75.59999999999992,5.020840533215506,2.1450921193210415,1.16e+30
75.69999999999992,5.020697477432273,2.1423776442732683,1.16e+30
75.79999999999991,5.020555039847093,2.139667842503125,1.16e+30
75.8999999999999,5.020413217512191,2.136962681429831,1.16e+30
75.9999999999999,5.020272007500238,2.1342621285095587,1.16e+30
76.0999999999999,5.020131406904198,2.1315661512330104,1.16e+30
76.19999999999989,5.019991412837179,2.1288747171230398,1.16e+30
76.29999999999988,5.019852022432289,2.1261877937322278,1.16e+30
76.39999999999988,5.019713232842486,2.123505348640379,1.16e+30
76.49999999999987,5.019575041240435,2.1208273494520915,1.16e+30
76.59999999999987,5.019437444818363,2.1181537637942145,1.16e+30
76.69999999999986,5.019300440787923,2.1154845593133427,1.16e+30
76.79999999999986,5.019164026380047,2.112819703673263,1.16e+30
76.89999999999985,5.019028198844815,2.1101591645523543,1.16e+30
76.99999999999984,5.01889295545131,2.107502909640973,1.16e+30
77.09999999999984,5.018758293487491,2.1048509066388377,1.16e+30
77.19999999999983,5.018624210260054,2.1022031232523335,1.16e+30
77.29999999999983,5.018490703094299,2.099559527191812,1.16e+30
77.39999999999982,5.018357769334004,2.096920086168864,1.16e+30
77.49999999999982,5.0182254063412906,2.0942847678935768,1.16e+30
77.59999999999981,5.0180936114965,2.0916535400716874,1.16e+30
77.6999999999998,5.017962382198064,2.0890263704017866,1.16e+30
77.7999999999998,5.01783171586238,2.0864032265724077,1.16e+30
77.89999999999979,5.017701609923688,2.083784076259138,1.16e+30
77.99999999999979,5.017572061833949,2.081168887121681,1.16e+30
78.09999999999978,5.017443069062723,2.0785576268008477,1.16e+30
78.19999999999978,5.01731462909705,2.075950262915539,1.16e+30
78.29999999999977,5.017186739441332,2.073346763059649,1.16e+30
78.39999999999976,5.017059397617215,2.070747094798958,1.16e+30
78.49999999999976,5.016932601163478,2.0681512256679975,1.16e+30
78.59999999999975,5.016806347635913,2.065559123166816,1.16e+30
78.69999999999975,5.016680634607216,2.0629707547576936,1.16e+30
78.79999999999974,5.016555459666875,2.0603860878618785,1.16e+30
78.89999999999974,5.016430820421061,2.0578050898562212,1.16e+30
78.99999999999973,5.016306714492517,2.055227728069731,1.16e+30
79.09999999999972,5.016183139520454,2.052653969780141,1.16e+30
79.19999999999972,5.0160600931604415,2.05008378221037,1.16e+30
79.29999999999971,5.015937573084305,2.0475171325249213,1.16e+30
79.39999999999971,5.015815576980024,2.0449539878262795,1.16e+30
79.4999999999997,5.015694102551624,2.0423943151511708,1.16e+30
79.5999999999997,5.015573147519084,2.0398380814668164,1.16e+30
79.69999999999969,5.01545270961823,2.0372852536670654,1.16e+30
79.79999999999968,5.015332786600641,2.034735798568553,1.16e+30
79.89999999999968,5.015213376233553,2.032189682906676,1.16e+30
79.99999999999967,5.015094476299757,2.0296468733315582,1.16e+30
80.09999999999967,5.014976084597512,2.0271073364039167,1.16e+30
80.19999999999966,5.014858198940447,2.0245710385908966,1.16e+30
80.29999999999966,5.014740817157471,2.02203794626178,1.16e+30
80.39999999999965,5.014623937092685,2.0195080256836118,1.16e+30
80.49999999999964,5.0145075566052855,2.0169812430167595,1.16e+30
80.59999999999964,5.014391673569485,2.014457564310405,1.16e+30
80.69999999999963,5.01427628587442,2.011936955497879,1.16e+30
80.79999999999963,5.014161391424066,2.0094193823920055,1.16e+30
80.89999999999962,5.014046988137156,2.0069048106802314,1.16e+30
80.99999999999962,5.0139330739470935,2.0043932059197633,1.16e+30
81.09999999999961,5.013819646801874,2.001884533532495,1.16e+30
81.1999999999996,5.013706704664003,1.9993787587999374,1.16e+30
81.2999999999996,5.013594245510417,1.9968758468579955,1.16e+30
81.3999999999996,5.013482267332405,1.994375762691563,1.16e+30
81.49999999999959,5.013370768135534,1.9918784711291475,1.16e+30
81.59999999999958,5.01325974593957,1.9893839368372133,1.16e+30
81.69999999999958,5.013149198778408,1.9868921243145459,1.16e+30
81.79999999999957,5.013039124699995,1.9844029978863615,1.16e+30
81.89999999999957,5.012929521766262,1.9819165216983963,1.16e+30
81.99999999999956,5.012820388053049,1.9794326597107275,1.16e+30
82.09999999999955,5.0127117216500405,1.976951375691602,1.16e+30
82.19999999999955,5.012603520660697,1.9744726332110352,1.16e+30
82.29999999999954,5.012495783202185,1.9719963956342021,1.16e+30
82.39999999999954,5.012388507405316,1.9695226261148067,1.16e+30
82.49999999999953,5.012281691414478,1.967051287588198,1.16e+30
82.59999999999953,5.01217533338758,1.9645823427643299,1.16e+30
82.69999999999952,5.0120694314959815,1.9621157541205556,1.16e+30
82.79999999999951,5.01196398392444,1.9596514838942551,1.16e+30
82.89999999999951,5.01185898887105,1.9571894940752634,1.16e+30
82.9999999999995,5.011754444547183,1.9547297463980797,1.16e+30
83.0999999999995,5.011650349177434,1.9522722023339225,1.16e+30
83.19999999999949,5.011546700999568,1.949816823082572,1.16e+30
83.29999999999949,5.011443498264464,1.9473635695639857,1.16e+30
83.39999999999948,5.011340739236067,1.9449124024096793,1.16e+30
83.49999999999947,5.01123842219133,1.94246328195387,1.16e+30
83.59999999999947,5.011136545420176,1.9400161682244708,1.16e+30
83.69999999999946,5.01103510722544,1.9375710209337018,1.16e+30
83.79999999999946,5.010934105922828,1.935127799468558,1.16e+30
83.89999999999945,5.010833539840872,1.9326864628809792,1.16e+30
83.99999999999945,5.0107334073208865,1.9302469698776674,1.16e+30
84.09999999999944,5.010633706716924,1.927809278809773,1.16e+30
84.19999999999943,5.01053443639574,1.9253733476621462,1.16e+30
84.29999999999943,5.010435594736748,1.92293913404237,1.16e+30
84.39999999999942,5.010337180131988,1.9205065951694182,1.16e+30
84.49999999999942,5.010239190986088,1.9180756878620095,1.16e+30
84.59999999999941,5.010141625716228,1.9156463685266198,1.16e+30
84.6999999999994,5.010044482752114,1.913218593145147,1.16e+30
84.7999999999994,5.0099477605359395,1.9107923172621843,1.16e+30
84.8999999999994,5.0098514575223625,1.9083674959718882,1.16e+30
84.99999999999939,5.009755572178475,1.9059440839045179,1.16e+30
85.09999999999938,5.009660102983777,1.9035220352125142,1.16e+30
85.19999999999938,5.009565048430155,1.90110130355608,1.16e+30
85.29999999999937,5.009470407021858,1.8986818420884894,1.16e+30
85.39999999999937,5.0093761772754775,1.8962636034407268,1.16e+30
85.49999999999936,5.009282357719929,1.893846539705793,1.16e+30
85.59999999999935,5.009188946896437,1.8914306024224141,1.16e+30
85.69999999999935,5.009095943358518,1.8890157425582608,1.16e+30
85.79999999999934,5.009003345671969,1.8866019104925909,1.16e+30
85.89999999999934,5.00891115241486,1.8841890559984058,1.16e+30
85.99999999999933,5.008819362177518,1.8817771282238414,1.16e+30
86.09999999999933,5.00872797356253,1.8793660756731336,1.16e+30
86.19999999999932,5.008636985184729,1.8769558461867661,1.16e+30
86.29999999999932,5.008546395671203,1.874546386921089,1.16e+30
86.39999999999931,5.008456203661285,1.872137644327082,1.16e+30
86.4999999999993,5.0083664078065615,1.8697295641285276,1.16e+30
86.5999999999993,5.008277006770877,1.8673220912993047,1.16e+30
86.69999999999929,5.00818799923034,1.8649151700399313,1.16e+30
86.79999999999929,5.008099383873334,1.8625087437532497,1.16e+30
86.89999999999928,5.008011159400529,1.8601027550192313,1.16e+30
86.99999999999928,5.0079233245249,1.8576971455689162,1.16e+30
87.09999999999927,5.007835877971742,1.8552918562572933,1.16e+30
87.19999999999926,5.0077488184786905,1.852886827035292,1.16e+30
87.29999999999926,5.007662144795749,1.8504819969205966,1.16e+30
87.39999999999925,5.007575855685312,1.8480773039675187,1.16e+30
87.49999999999925,5.007489949922198,1.8456726852355396,1.16e+30
87.59999999999924,5.0074044262936805,1.8432680767567717,1.16e+30
87.69999999999924,5.007319283599525,1.8408634135021407,1.16e+30
87.79999999999923,5.00723452065203,1.8384586293461926,1.16e+30
87.89999999999922,5.007150136276071,1.8360536570305372,1.16e+30
87.99999999999922,5.007066129309142,1.8336484281257979,1.16e+30
88.09999999999921,5.006982498601416,1.8312428729921255,1.16e+30
88.1999999999992,5.006899243015792,1.8288369207379866,1.16e+30
88.2999999999992,5.006816361427957,1.8264304991772722,1.16e+30
88.3999999999992,5.006733852726447,1.8240235347847311,1.16e+30
88.49999999999919,5.00665171581272,1.8216159526494067,1.16e+30
88.59999999999918,5.00656994960122,1.8192076764261538,1.16e+30
88.69999999999918,5.00648855301946,1.8167986282851207,1.16e+30
88.79999999999917,5.0064075250081,1.8143887288589602,1.16e+30
88.89999999999917,5.006326864521038,1.8119778971878175,1.16e+30
88.99999999999916,5.006246570525496,1.809566050661818,1.16e+30
89.09999999999916,5.006166642002123,1.807153104961117,1.16e+30
89.19999999999915,5.006087077945094,1.8047389739930497,1.16e+30
89.29999999999914,5.006007877362222,1.8023235698266207,1.16e+30
89.39999999999914,5.005929039275074,1.799906802623868,1.16e+30
89.49999999999913,5.005850562719089,1.7974885805680594,1.16e+30
89.59999999999913,5.005772446743712,1.7950688097885754,1.16e+30
89.69999999999912,5.0056946904125255,1.792647394282094,1.16e+30
89.79999999999912,5.005617292803396,1.7902242358301135,1.16e+30
89.89999999999911,5.005540253008623,1.7877992339124564,1.16e+30
89.9999999999991,5.005463570135099,1.7853722856164365,1.16e+30
90.0999999999991,5.005387243304479,1.78294328554167,1.16e+30
90.1999999999991,5.005311271653352,1.7805121256999081,1.16e+30
90.29999999999909,5.005235654333435,1.778078695410024,1.16e+30
90.39999999999908,5.005160390511762,1.7756428811873435,1.16e+30
90.49999999999908,5.005085479370892,1.773204566627465,1.16e+30
90.59999999999907,5.005010920109128,1.770763632283788,1.16e+30
90.69999999999906,5.004936711940744,1.7683199555386127,1.16e+30
90.79999999999906,5.004862854096227,1.7658734104672789,1.16e+30
90.89999999999905,5.004789345822527,1.7634238676949159,1.16e+30
90.99999999999905,5.004716186383326,1.7609711942451622,1.16e+30
91.09999999999904,5.0046433750593184,1.758515253380608,1.16e+30
91.19999999999904,5.004570911148506,1.7560559044340596,1.16e+30
91.29999999999903,5.004498793966508,1.7535930026301614,1.16e+30
91.39999999999903,5.004427022846892,1.751126398896725,1.16e+30
91.49999999999902,5.004355597141514,1.7486559396647965,1.16e+30
91.59999999999901,5.0042845162208875,1.746181466656921,1.16e+30
91.69999999999901,5.004213779474563,1.7437028166625583,1.16e+30
91.799999999999,5.004143386311534,1.7412198212996501,1.16e+30
91.899999999999,5.004073336160663,1.738732306761517,1.16e+30
91.99999999999899,5.004003628471132,1.7362400935476487,1.16e+30
92.09999999999899,5.003934262712917,1.7337429961773323,1.16e+30
92.19999999999898,5.00386523837729,1.7312408228846607,1.16e+30
92.29999999999897,5.003796554977347,1.7287333752935499,1.16e+30
92.39999999999897,5.003728212048572,1.7262204480708658,1.16e+30
92.49999999999896,5.003660209149426,1.7237018285561292,1.16e+30
92.59999999999896,5.003592545861975,1.7211772963657346,1.16e+30
92.69999999999895,5.0035252217925565,1.718646622969281,1.16e+30
92.79999999999895,5.003458236572478,1.7161095712359904,1.16e+30
92.89999999999894,5.003391589858767,1.7135658949481525,1.16e+30
92.99999999999893,5.003325281334959,1.7110153382789939,1.16e+30
93.09999999999893,5.0032593107119405,1.70845763523141,1.16e+30
93.19999999999892,5.00319367772884,1.7058925090342012,1.16e+30
93.29999999999892,5.003128382153976,1.7033196714915178,1.16e+30
93.39999999999891,5.00306342378587,1.7007388222812008,1.16e+30
93.4999999999989,5.00299880245432,1.6981496481969829,1.16e+30
93.5999999999989,5.002934518021546,1.695551822328919,1.16e+30
93.6999999999989,5.00287057038342,1.692945003175705,1.16e+30
93.79999999999889,5.002806959470768,1.6903288336820068,1.16e+30
93.89999999999888,5.002743685250771,1.6877029401926564,1.16e+30
93.99999999999888,5.002680747728464,1.6850669313150348,1.16e+30
94.09999999999887,5.002618146948335,1.682420396679217,1.16e+30
94.19999999999887,5.002555882996055,1.6797629055848102,1.16e+30
94.29999999999886,5.002493956000321,1.6770940055212,1.16e+30
94.39999999999885,5.002432366134854,1.6744132205467324,1.16e+30
94.49999999999885,5.002371113620538,1.6717200495095024,1.16e+30
94.59999999999884,5.002310198727739,1.6690139640909682,1.16e+30
94.69999999999884,5.002249621778803,1.6662944066499197,1.16e+30
94.79999999999883,5.002189383150765,1.6635607878413825,1.16e+30
94.89999999999883,5.002129483278285,1.660812483981016,1.16e+30
94.99999999999882,5.002069922656834,1.6580488341208452,1.16e+30
95.09999999999881,5.002010701846165,1.655269136796691,1.16e+30
95.19999999999881,5.001951821474092,1.652472646401004,1.16e+30
95.2999999999988,5.00189328224063,1.649658569126846,1.16e+30
95.3999999999988,5.001835084922511,1.6468260584192236,1.16e+30
95.49999999999879,5.0017772303781545,1.6439742098585184,1.16e+30
95.59999999999879,5.001719719553132,1.6411020553867044,1.16e+30
95.69999999999878,5.001662553486188,1.6382085567696605,1.16e+30
95.79999999999878,5.001605733315906,1.6352925981685318,1.16e+30
95.89999999999877,5.001549260288103,1.6323529776662624,1.16e+30
95.99999999999876,5.001493135764048,1.629388397563586,1.16e+30
96.09999999999876,5.001437361229647,1.6263974532184218,1.16e+30
96.19999999999875,5.001381938305721,1.623378620151138,1.16e+30
96.29999999999875,5.0013268687595716,1.6203302390743808,1.16e+30
96.39999999999874,5.001272154518027,1.6172504984220764,1.16e+30
96.49999999999874,5.0012177976822425,1.6141374138465825,1.16e+30
96.59999999999873,5.001163800544547,1.6109888040127156,1.16e+30
96.69999999999872,5.001110165607734,1.6078022618351324,1.16e+30
96.79999999999872,5.001056895607257,1.6045751200610077,1.16e+30
96.89999999999871,5.001003993536921,1.6013044097733153,1.16e+30
96.9999999999987,5.000951462678819,1.597986809943613,1.16e+30
97.0999999999987,5.000899306638442,1.594618585547442,1.16e+30
97.1999999999987,5.000847529386186,1.5911955108940918,1.16e+30
97.29999999999869,5.0007961353068335,1.5877127735940835,1.16e+30
97.39999999999868,5.000745129259094,1.5841648528092693,1.16e+30
97.49999999999868,5.0006945166479975,1.5805453628005663,1.16e+30
97.59999999999867,5.000644303513954,1.5768468488136347,1.16e+30
97.69999999999867,5.000594496643768,1.5730605161841433,1.16e+30
97.79999999999866,5.000545103711118,1.5691758637330346,1.16e+30
97.89999999999866,5.000496133457411,1.5651801763793896,1.16e+30
97.99999999999865,5.000447595929356,1.561057804344214,1.16e+30
98.09999999999864,5.000399502798468,1.5567891072241695,1.16e+30
98.19999999999864,5.000351867803077,1.5523488491788902,1.16e+30
98.29999999999863,5.000304707381131,1.547703648091483,1.16e+30
98.39999999999863,5.000258041615659,1.5428076876933101,1.16e+30
98.49999999999862,5.000211895726762,1.5375949716384285,1.16e+30
98.59999999999862,5.000166302604044,1.531963911786119,1.16e+30
98.69999999999861,5.000121307569918,1.5257421409863976,1.16e+30
98.7999999999986,5.000076978875381,1.5185867825836288,1.16e+30
98.8999999999986,5.000033438647995,1.5095557356428224,1.16e+30
98.9999999999986,5.0,1.4953487812212205,1.16e+30
