Time,Mass,Radius,Lx
23.0,26.391246598963903,5.59,1.16e+30
24.0,26.38470769303356,5.589123363280897,9.606285320880294e+29
25.0,26.379197536273967,5.588384583631002,8.016723076895298e+29
26.0,26.374521734202794,5.587757626468664,6.737826406610642e+29
36.0,26.351437856455885,5.5846618154995324,1.593202369514804e+29
46.0,26.34416208327127,5.583685845118175,7.059993629280636e+28
56.0,26.33895850815066,5.582987778173303,6.533760886596016e+28
66.0,26.334082818977045,5.582333651648266,6.1244119882221e+28
76.0,26.329468644846774,5.581714569253155,5.79345138591184e+28
86.0,26.32506995175483,5.581124360804935,5.51819585585502e+28
96.0,26.320853176853223,5.580558527812838,5.28426924473052e+28
106.0,26.316792907800913,5.580013664297818,5.082045790264482e+28
116.0,26.312869324935267,5.579487113922298,4.904797489409723e+28
126.0,26.30906659696234,5.578976754939702,4.7476563842005865e+28
136.0,26.305371827278933,5.578480858955622,4.6069987794922585e+28
146.0,26.30177433540053,5.577997994609063,4.480062239388877e+28
156.0,26.29826515131184,5.577526959795105,4.3646978638758686e+28
166.0,26.29483665007652,5.577066732688537,4.25920467591952e+28
176.0,26.291482281718046,5.576616435537924,4.16221571952851e+28
186.0,26.288196367545428,5.576175307366065,4.072617773704372e+28
196.0,26.284973943897256,5.575742683026408,3.98949353047791e+28
206.0,26.28181064041639,5.575317976887936,3.9120791528334553e+28
216.0,26.27870258392429,5.574900669951368,3.839732590619804e+28
226.0,26.27564632157946,5.574490299550125,3.771909566787321e+28
236.0,26.272638758772178,5.574086451026498,3.7081451271502306e+28
246.0,26.269677108427036,5.57368875093684,3.648039288543154e+28
256.0,26.266758849240883,5.573296861454392,3.5912457488058846e+28
266.0,26.263881690995042,5.572910475720308,3.5374629136872245e+28
276.0,26.261043545523467,5.5725293139527174,3.4864266976628724e+28
286.0,26.25824250224384,5.572153120167386,3.437904697633001e+28
296.0,26.25547680740049,5.571781659395853,3.3916914397336214e+28
306.0,26.252744846350186,5.5714147153113895,3.347604472690755e+28
316.0,26.25004512836011,5.57105208819167,3.305481134699522e+28
326.0,26.24737627349387,5.570693593161284,3.265175860437833e+28
336.0,26.244737001243653,5.570339058668274,3.226557924457342e+28
346.0,26.24212612063116,5.569988325157531,3.1895095395716084e+28
356.0,26.23954252155071,5.569641243910652,3.153924245914928e+28
366.0,26.236985167168257,5.569297676027333,3.119705539453529e+28
376.0,26.23445308722224,5.568957491527606,3.0867656988878514e+28
386.0,26.23194537209825,5.5686205685578,3.0550247778146836e+28
396.0,26.229461167570424,5.568286792685839,3.024409735253505e+28
406.0,26.226999670119678,5.5679560562738555,2.9948536825777264e+28
416.0,26.22456012275287,5.567628257917938,2.9662952288241506e+28
426.0,26.2221418112586,5.567303301946391,2.938677909506022e+28
436.0,26.21974406084487,5.566981097969169,2.911949686595755e+28
446.0,26.21736623311186,5.5666615604722205,2.886062509402662e+28
456.0,26.215007723319612,5.566344608451354,2.860971927748479e+28
466.0,26.212667957916135,5.56603016508101,2.8366367502168087e+28
476.0,26.210346392296042,5.565718157413913,2.813018741382112e+28
486.0,26.208042508763825,5.565408516108159,2.790082352857049e+28
496.0,26.205755814679303,5.565101175178709,2.7677944837712328e+28
506.0,26.203485840765588,5.564796071770667,2.746124266939449e+28
516.0,26.201232139562407,5.564493145952026,2.7250428775168543e+28
526.0,26.198994284009743,5.564192340523894,2.70452336139151e+28
536.0,26.196771866148534,5.56389360084639,2.6845404809461223e+28
546.0,26.194564495926763,5.56359687467867,2.665070576143381e+28
556.0,26.192371800100613,5.5633021120317,2.646091439162858e+28
566.0,26.19019342122158,5.563009265032528,2.6275822010501833e+28
576.0,26.18802901670137,5.562718287798999,2.6095232290378855e+28
586.0,26.18587825794741,5.562429136323922,2.59189603336733e+28
596.0,26.183740829562513,5.562141768367832,2.5746831825871652e+28
606.0,26.18161642860292,5.561856143359585,2.557868226429351e+28
616.0,26.179504763889614,5.561572222304079,2.541435625472277e+28
626.0,26.17740555536826,5.561289967696498,2.5253706868943107e+28
636.0,26.17531853351358,5.5610093434425085,2.509659505702508e+28
646.0,26.173243438774495,5.5607303147839175,2.494288910891977e+28
656.0,26.171180021056625,5.560452848229341,2.47924641605304e+28
666.0,26.16912803923907,5.560176911489457,2.4645201739972147e+28
676.0,26.167087260722802,5.559902473416502,2.4500989350201443e+28
686.0,26.16505746100808,5.559629503947655,2.4359720084609813e+28
696.0,26.16303842329867,5.559357974052012,2.4221292272540305e+28
706.0,26.161029938130817,5.559087855680872,2.408560915200489e+28
716.0,26.159031803025062,5.558819121721096,2.3952578567163196e+28
726.0,26.157043822159228,5.5585517459512905,2.3822112688372587e+28
736.0,26.155065806061,5.5582857030006245,2.3694127752840565e+28
746.0,26.153097571318675,5.558020968310075,2.3568543824106343e+28
756.0,26.15113894030878,5.557757518095936,2.3445284568752606e+28
766.0,26.149189740939374,5.557495329315434,2.332427704890352e+28
776.0,26.147249806407924,5.557234379634281,2.3205451529203004e+28
786.0,26.14531897497276,5.556974647396062,2.308874129709082e+28
796.0,26.14339708973719,5.556716111593315,2.2974082495304147e+28
806.0,26.14148399844539,5.556458751840184,2.286141396563108e+28
816.0,26.139579553289366,5.556202548346558,2.275067710303115e+28
826.0,26.13768361072614,5.555947481893581,2.2641815719317315e+28
836.0,26.135796031304622,5.55569353381046,2.2534775915665456e+28
846.0,26.133916679501485,5.555440685952476,2.242950596328183e+28
856.0,26.132045423565465,5.55518892068013,2.232595619161694e+28
866.0,26.130182135369576,5.554938220839339,2.2224078883566573e+28
876.0,26.128326690270782,5.554688569742643,2.2123828177148375e+28
886.0,26.12647896697661,5.554439951151335,2.202515997318491e+28
896.0,26.124638847418325,5.554192349258469,2.192803184856317e+28
906.0,26.122806216630266,5.553945748672699,2.183240297467566e+28
916.0,26.120980962634988,5.553700134402892,2.173823404068012e+28
926.0,26.119162976333843,5.55345549184347,2.1645487181244087e+28
936.0,26.117352151402713,5.553211806760444,2.1554125908466947e+28
946.0,26.1155483841926,5.552969065278096,2.1464115047696186e+28
956.0,26.113751573634776,5.552727253866272,2.137542067697653e+28
966.0,26.111961621150257,5.552486359328261,2.1288010069890846e+28
976.0,26.110178430563362,5.552246368789211,2.120185164156979e+28
986.0,26.108401908019115,5.552007269685065,2.1116914897664166e+28
996.0,26.106631961904302,5.551769049751991,2.1033170386089153e+28
1006.0,26.104871676575414,5.551532124199541,2.080238534050367e+28
1016.0,26.10313533740799,5.551298415934374,2.047970320826778e+28
1026.0,26.101423622560358,5.551068016474327,2.0165113907848677e+28
1036.0,26.099735946569343,5.550840847251201,1.985833853020707e+28
1046.0,26.09807174339113,5.550616832300052,1.9559110345853038e+28
1056.0,26.096430465578333,5.550395898148973,1.9267174162990732e+28
1066.0,26.094811583499386,5.550177973714548,1.8982285725176503e+28
1076.0,26.093214584597668,5.549962990202613,1.8704211145714307e+28
1086.0,26.091638972688038,5.549750881014029,1.8432726376230965e+28
1096.0,26.090084267288507,5.549541581655159,1.8167616707073525e+28
1106.0,26.088550002985038,5.549335029652778,1.7908676297353471e+28
1116.0,26.08703572882751,5.549131164473149,1.7655707732629234e+28
1126.0,26.085541007755094,5.548929927445045,1.7408521608371218e+28
1136.0,26.08406541604932,5.548731261686472,1.7166936137493276e+28
1146.0,26.082608542813297,5.548535112034891,1.6930776780362817e+28
1156.0,26.0811699894756,5.548341424980753,1.6699875895819163e+28
1166.0,26.079749369317486,5.5481501486041385,1.647407241183789e+28
1176.0,26.078346307022098,5.547961232514366,1.6253211514577818e+28
1186.0,26.076960438244516,5.547774627792367,1.6037144354638651e+28
1196.0,26.075591409201476,5.5475902869357085,1.58257277694411e+28
1206.0,26.07423887627974,5.547408163806112,1.5618824020718504e+28
1216.0,26.07290250566209,5.547228213579327,1.5416300546180216e+28
1226.0,26.071581972970023,5.5470503926972485,1.5218029724472542e+28
1236.0,26.070276962922296,5.546874658822147,1.5023888652623675e+28
1246.0,26.068987169008466,5.546700970792917,1.4833758935214826e+28
1256.0,26.06771229317666,5.546529288583226,1.4647526484571544e+28
1266.0,26.066452045534845,5.546359573261473,1.4465081331316832e+28
1276.0,26.065206144064945,5.546191786952462,1.4286317444671937e+28
1286.0,26.063974314349085,5.546025892800712,1.4111132561931504e+28
1296.0,26.06275628930744,5.5458618549353105,1.3939428026577673e+28
1306.0,26.061551808947048,5.545699638436241,1.377110863453287e+28
1316.0,26.06036062012108,5.545539209302108,1.3606082488083443e+28
1326.0,26.05918247629807,5.5453805344192,1.3444260857036612e+28
1336.0,26.058017137340553,5.54522358153181,1.3285558046701256e+28
1346.0,26.056864369292754,5.545068319213771,1.3129891272308992e+28
1356.0,26.055723944176822,5.544914716841131,1.297718053951633e+28
1366.0,26.054595639797235,5.544762744565931,1.2827348530651153e+28
1376.0,26.053479239552985,5.544612373291021,1.268032049638773e+28
1386.0,26.05237453225718,5.544463574645866,1.2536024152554e+28
1396.0,26.051281311963727,5.544316320963308,1.2394389581792988e+28
1406.0,26.050199377800748,5.544170585257223,1.2255349139817228e+28
1416.0,26.04912853381044,5.544026341201054,1.2118837366010765e+28
1426.0,26.048068588795086,5.543883563107149,1.198479089814816e+28
1436.0,26.04701935616894,5.543742225906901,1.1853148391013531e+28
1446.0,26.045980653815686,5.543602305131637,1.172385043871566e+28
1456.0,26.044952303951302,5.543463776894215,1.1596839500507073e+28
1466.0,26.043934132992,5.543326617871317,1.147205982992629e+28
1476.0,26.042925971427096,5.5431908052863985,1.13494574070929e+28
1486.0,26.04192765369653,5.5430563168932565,1.1228979873994956e+28
1496.0,26.04093901807289,5.542923130960206,1.1110576472617342e+28
1506.0,26.039959906547722,5.542791226254833,1.09941979857684e+28
1516.0,26.03899016472192,5.542660582029284,1.0879796680470157e+28
1526.0,26.038029641700067,5.542531178006099,1.0767326253785032e+28
1536.0,26.03707818998854,5.54240299436454,1.0656741780959038e+28
1546.0,26.036135665397214,5.542276011727403,1.0547999665768057e+28
1556.0,26.035201926944612,5.542150211148296,1.0441057592960117e+28
1566.0,26.0342768367664,5.542025574099356,1.0335874482692366e+28
1576.0,26.033360260027013,5.541902082459406,1.0232410446866979e+28
1586.0,26.03245206483438,5.541779718502497,1.0130626747275404e+28
1596.0,26.031552122157535,5.541658464886865,1.003048575546525e+28
1606.0,26.03066030574704,5.541538304644254,9.931950914248564e+27
1616.0,26.029776492058126,5.541419221169598,9.834986700774765e+27
1626.0,26.02890056017638,5.541301198211049,9.7395585910953e+27
1636.0,26.028032391745953,5.541184219860355,9.64563302615111e+27
1646.0,26.027171870900137,5.541068270543526,9.553177379117452e+27
1656.0,26.026318884194232,5.540953335011845,9.462159924044078e+27
1666.0,26.02547332054063,5.540839398333141,9.372549805731906e+27
1676.0,26.024635071146,5.540726445883369,9.284317010790384e+27
1686.0,26.02380402945053,5.540614463338452,9.197432339822534e+27
1696.0,26.022980091069115,5.5405034366663894,9.111867380687356e+27
1706.0,26.02216315373443,5.540393352119619,9.027594482791838e+27
1716.0,26.021353117241826,5.540284196227619,8.9445867323671e+27
1726.0,26.020549883395972,5.540175955789747,8.862817928685596e+27
1736.0,26.019753355959168,5.540068617868306,8.782262561178295e+27
1746.0,26.01896344060128,5.539962169781819,8.702895787412863e+27
1756.0,26.01818004485124,5.539856599098525,8.624693411895728e+27
1766.0,26.017403078050048,5.53975189363007,8.547631865662721e+27
1776.0,26.016632451305217,5.539648041425387,8.471688186624687e+27
1786.0,26.01586807744661,5.539545030764778,8.396840000636091e+27
1796.0,26.01510987098362,5.5394428501541535,8.323065503256128e+27
1806.0,26.014357748063663,5.539341488319473,8.250343442173336e+27
1816.0,26.01361162643191,5.539240934201333,8.17865310026605e+27
1826.0,26.01287142539221,5.539141176949721,8.107974279272351e+27
1836.0,26.012137065769203,5.539042205918935,8.038287284044374e+27
1846.0,26.01140846987154,5.538944010662637,7.96957290736302e+27
1856.0,26.010685561456192,5.538846580929071,7.901812415290236e+27
1866.0,26.0099682656938,5.538749906656404,7.834987533037026e+27
1876.0,26.009256509135035,5.538653977968217,7.769080431326421e+27
1886.0,26.00855021967794,5.53855878516911,7.704073713231512e+27
1896.0,26.007849326536206,5.538464318740456,7.639950401469611e+27
1906.0,26.007153760208364,5.5383705693362515,7.576693926134409e+27
1916.0,26.006463452447857,5.53827752777911,7.514288112848826e+27
1926.0,26.005778336233945,5.538185185056346,7.452717171322038e+27
1936.0,26.00509834574346,5.538093532316189,7.391965684294853e+27
1946.0,26.004423416323327,5.538002560864093,7.332018596858367e+27
1956.0,26.00375348446387,5.537912262159146,7.272861206131409e+27
1966.0,26.00308848777286,5.537822627810596,7.214479151283005e+27
1976.0,26.002428364950266,5.53773364957445,7.156858403886614e+27
1986.0,26.001773055763714,5.537645319350187,7.099985258593509e+27
1996.0,26.00112250102462,5.537557629177547,7.043846324113192e+27
2006.0,26.00047664256497,5.537470571233418,6.988428514489258e+27
2016.0,25.999835423214716,5.537384137828797,6.933719040659615e+27
2026.0,25.999198786779807,5.537298321405839,6.879705402290438e+27
2036.0,25.99856667802079,5.537213114534987,6.826375379873673e+27
2046.0,25.997939042631995,5.537128509912176,6.773717027078361e+27
2056.0,25.997315827221257,5.537044500356106,6.721718663346397e+27
2066.0,25.996696979290203,5.536961078805599,6.670368866723815e+27
2076.0,25.996082447215016,5.536878238317012,6.619656466918973e+27
2086.0,25.995472180227754,5.536795972061733,6.56957053857943e+27
2096.0,25.99486612839811,5.5367142733237245,6.520100394779596e+27
2106.0,25.994264242615674,5.536633135497146,6.471235580711595e+27
2116.0,25.99366647457264,5.53655255208403,6.422965867572066e+27
2126.0,25.99307277674696,5.536472516692023,6.375281246637913e+27
2136.0,25.99248310238594,5.536393023032173,6.328171923524333e+27
2146.0,25.99189740549023,5.536314064916788,6.281628312618668e+27
2156.0,25.991315640798252,5.536235636257341,6.235641031683915e+27
2166.0,25.990737763770984,5.536157731062427,6.190200896625976e+27
2176.0,25.99016373057716,5.536080343435772,6.145298916418929e+27
2186.0,25.989593498078815,5.5360034675742975,6.100926288182867e+27
2196.0,25.989027023817208,5.535927097766223,6.057074392409042e+27
2206.0,25.988464265999077,5.535851228389224,6.013734788327242e+27
2216.0,25.987905183483253,5.53577585390863,5.970899209410571e+27
2226.0,25.987349735767577,5.535700968875674,5.92855955901293e+27
2236.0,25.98679788297616,5.535626567925772,5.886707906134728e+27
2246.0,25.986249585846945,5.53555264577686,5.845336481312483e+27
2256.0,25.985704805719564,5.535479197227755,5.804437672628175e+27
2266.0,25.985163504523495,5.535406217156574,5.764004021834329e+27
2276.0,25.984625644766503,5.535333700519169,5.724028220590995e+27
2286.0,25.98409118952335,5.535261642347625,5.684503106810909e+27
2296.0,25.98356010242479,5.535190037748764,5.645421661109278e+27
2306.0,25.983032347646795,5.535118881902714,5.606777003354735e+27
2316.0,25.982507889900074,5.535048170061491,5.568562389318185e+27
2326.0,25.98198669441981,5.534977897547621,5.530771207416329e+27
2336.0,25.981468726955644,5.534908059752798,5.493396975546813e+27
2346.0,25.980953953761894,5.5348386521365684,5.456433338012039e+27
2356.0,25.980442341588006,5.534769670225048,5.419874062528792e+27
2366.0,25.97993385766921,5.534701109609662,5.383713037320936e+27
2376.0,25.97942846971741,5.534632965945931,5.347944268292523e+27
2386.0,25.978926145912265,5.534565234952262,5.312561876278791e+27
2396.0,25.978426854892493,5.534497912408787,5.277560094372544e+27
2406.0,25.977930565747354,5.534430994156215,5.242933265323592e+27
2416.0,25.97743724800833,5.534364476094717,5.208675839008921e+27
2426.0,25.976946871640994,5.5342983541828294,5.174782369971414e+27
2436.0,25.97645940703708,5.5342326244363935,5.141247515024973e+27
2446.0,25.97597482500669,5.534167282927503,5.108066030923993e+27
2456.0,25.975493096770712,5.534102325783488,5.075232772095216e+27
2466.0,25.975014193953385,5.534037749185917,5.042742688430023e+27
2476.0,25.974538088575027,5.53397354936962,5.010590823135349e+27
2486.0,25.97406475304495,5.533909722621728,4.978772310641401e+27
2496.0,25.973594160154487,5.53384626528075,4.9472823745644894e+27
2506.0,25.973126283070215,5.533783173735651,4.916116325723273e+27
2516.0,25.972661095327283,5.533720444424961,4.88526956020685e+27
2526.0,25.97219857082292,5.533658073835899,4.8547375574931044e+27
2536.0,25.97173868381006,5.53359605850352,4.8245158786158183e+27
2546.0,25.971281408891123,5.533534395009878,4.794600164379124e+27
2556.0,25.970826721011903,5.5334730799831995,4.764986133617852e+27
2566.0,25.970374595455613,5.533412110097093,4.735669581502454e+27
2576.0,25.969925007837034,5.5333514820697545,4.706646377887174e+27
2586.0,25.96947793409681,5.533291192663203,4.677912465700207e+27
2596.0,25.96903335049583,5.533231238682528,4.6494638593746184e+27
2606.0,25.968591233609782,5.533171616975154,4.6212966433188403e+27
2616.0,25.968151560323754,5.533112324430117,4.5934069704256056e+27
2626.0,25.967714307827,5.533053357977359,4.56579106061819e+27
2636.0,25.96727945360778,5.532994714587038,4.5384451994329284e+27
2646.0,25.96684697544834,5.5329363912688505,4.5113657366369186e+27
2656.0,25.966416851419964,5.532878385071366,4.484549084879961e+27
2666.0,25.96598905987814,5.53282069308138,4.457991718379715e+27
2676.0,25.965563579457832,5.532763312423274,4.431690171639168e+27
2686.0,25.96514038906884,5.532706240258398,4.405641038195483e+27
2696.0,25.96471946789124,5.532649473784453,4.3798409693993563e+27
2706.0,25.964300795370953,5.532593010234894,4.354286673224023e+27
2716.0,25.96388435121537,5.53253684687835,4.328974913103094e+27
2726.0,25.96347011538907,5.532480981018038,4.3039025067964126e+27
2736.0,25.963058068109643,5.532425409991207,4.2790663252831594e+27
2746.0,25.962648189843566,5.532370131168587,4.2544632916814594e+27
2756.0,25.962240461302194,5.532315141953842,4.2300903801937524e+27
2766.0,25.961834863437797,5.532260439783043,4.2059446150772347e+27
2776.0,25.961431377439705,5.532206022124147,4.1820230696386727e+27
2786.0,25.961029984730505,5.532151886476491,4.1583228652529415e+27
2796.0,25.960630666962324,5.532098030370284,4.134841170404635e+27
2806.0,25.960233406013185,5.532044451366121,4.111575199752125e+27
2816.0,25.95983818398343,5.531991147054508,4.0885222132134794e+27
2826.0,25.95944498319221,5.531938115055379,4.06567951507363e+27
2836.0,25.95905378617405,5.531885353017643,4.0430444531122483e+27
2846.0,25.95866457567547,5.531832858618726,4.020614417751757e+27
2856.0,25.958277334651683,5.5317806295641265,3.998386841224957e+27
2866.0,25.957892046263343,5.531728663586981,3.976359196761746e+27
2876.0,25.95750869387336,5.531676958447635,3.954528997794424e+27
2886.0,25.957127261043787,5.531625511933221,3.932893797181104e+27
2896.0,25.956747731532744,5.531574321857251,3.911451186446752e+27
2906.0,25.956370089291408,5.531523386059207,3.890198795041391e+27
2916.0,25.955994318461073,5.531472702404146,3.869134289615032e+27
2926.0,25.955620403370244,5.531422268782314,3.848255373308898e+27
2936.0,25.955248328531802,5.531372083108758,3.8275597850625135e+27
2946.0,25.954878078640213,5.5313221433229565,3.807045298936256e+27
2956.0,25.954509638568783,5.531272447388447,3.7867097234489793e+27
2966.0,25.954142993366975,5.531222993292467,3.7665509009303117e+27
2976.0,25.953778128257774,5.531173779045597,3.746566706887267e+27
2986.0,25.953415028635096,5.5311248026814175,3.726755049384797e+27
2996.0,25.953053680061238,5.531076062256161,3.70711386843994e+27
3006.0,25.95269406826439,5.531027555848379,3.687641135429216e+27
3016.0,25.952336179136175,5.530979281558613,3.6683348525089405e+27
3026.0,25.951979998729254,5.530931237509069,3.6491930520481335e+27
3036.0,25.951625513254946,5.5308834218433,3.6302137960737066e+27
3046.0,25.95127270908092,5.530835832725898,3.6113951757276255e+27
3056.0,25.950921572728912,5.530788468342179,3.5927353107357526e+27
3066.0,25.950572090872477,5.530741326897889,3.574232348888073e+27
3076.0,25.950224250334795,5.530694406618906,3.5558844655300344e+27
3086.0,25.949878038086517,5.53064770575095,3.537689863064726e+27
3096.0,25.949533441243627,5.530601222559295,3.5196467704656205e+27
3106.0,25.949190447065376,5.530554955328491,3.501753442799633e+27
3116.0,25.94884904295221,5.530508902362088,3.4840081607602497e+27
3126.0,25.94850921644378,5.530463061982366,3.466409230210462e+27
3136.0,25.94817095521695,5.530417432530067,3.448954981735298e+27
3146.0,25.947834247083847,5.5303720123641344,3.4316437702036904e+27
3156.0,25.947499079989974,5.530326799861459,3.4144739743394823e+27
3166.0,25.947165442012313,5.530281793416621,3.3974439963013364e+27
3176.0,25.946833321357484,5.5302369914416465,3.3805522612713427e+27
3186.0,25.946502706359933,5.530192392365761,3.3637972170521103e+27
3196.0,25.946173585480153,5.530147994635152,3.347177333672156e+27
3206.0,25.94584594730293,5.530103796712733,3.330691102999377e+27
3216.0,25.94551978053562,5.530059797077906,3.314337038362432e+27
3226.0,25.94519507400645,5.530015994226347,3.2981136741798326e+27
3236.0,25.944871816662868,5.529972386669766,3.282019565596575e+27
3246.0,25.94454999756989,5.5299289729357,3.26605328812813e+27
3256.0,25.944229605908504,5.5298857515672895,3.2502134373116224e+27
3266.0,25.94391063097408,5.5298427211230665,3.2344986283640285e+27
3276.0,25.94359306217482,5.52979988017675,3.21890749584724e+27
3286.0,25.943276889030216,5.529757227317032,3.2034386933398244e+27
3296.0,25.942962101169563,5.5297147611473845,3.1880908931153344e+27
3306.0,25.942648688330465,5.529672480285852,3.1728627858270147e+27
3316.0,25.942336640357386,5.52963038336486,3.1577530801987597e+27
3326.0,25.942025947200214,5.529588469031023,3.142760502722182e+27
3336.0,25.941716598912862,5.5295467359449555,3.127883797359651e+27
3346.0,25.94140858565187,5.52950518278108,3.113121725253161e+27
3356.0,25.941101897675054,5.529463808227451,3.0984730644389166e+27
3366.0,25.940796525340158,5.529422610985572,3.083936609567475e+27
3376.0,25.940492459103535,5.529381589770216,3.069511171629353e+27
3386.0,25.940189689518856,5.529340743309252,3.055195577685957e+27
3396.0,25.939888207235825,5.529300070343476,3.04098867060572e+27
3406.0,25.93958800299893,5.529259569626439,3.026889308805337e+27
3416.0,25.939289067646204,5.529219239924282,3.012896365995977e+27
3426.0,25.938991392108,5.529179080015571,2.9990087309343674e+27
3436.0,25.938694967405816,5.52913908869114,2.985225307178641e+27
3446.0,25.938399784651086,5.529099264753924,2.9715450128488417e+27
3456.0,25.93810583504405,5.529059607018814,2.957966780391986e+27
3466.0,25.93781310987259,5.529020114312494,2.944489556351583e+27
3476.0,25.937521600511126,5.528980785473298,2.931112301141512e+27
3486.0,25.937231298419487,5.528941619351053,2.9178339888241644e+27
3496.0,25.93694219514185,5.528902614806938,2.9046536068927605e+27
3506.0,25.93665428230564,5.52886377071334,2.891570156057749e+27
3516.0,25.936367551620496,5.528825085953708,2.878582650037197e+27
3526.0,25.936081994877227,5.528786559422419,2.8656901153510934e+27
3536.0,25.93579760394678,5.528748190024634,2.8528915911194754e+27
3546.0,25.93551437077925,5.528709976676168,2.8401861288642944e+27
3556.0,25.93523228740287,5.528671918303353,2.827572792314953e+27
3566.0,25.934951345923047,5.52863401384291,2.815050657217421e+27
3576.0,25.934671538521396,5.528596262241816,2.802618811146866e+27
3586.0,25.9343928574548,5.528558662457179,2.790276353323714e+27
3596.0,25.934115295054465,5.528521213456112,2.778022394433079e+27
3606.0,25.933838843725013,5.52848391421561,2.765856056447481e+27
3616.0,25.93356349594357,5.528446763722427,2.7537764724527927e+27
3626.0,25.933289244258884,5.5284097609729566,2.741782786477333e+27
3636.0,25.933016081290436,5.528372904973115,2.729874153324064e+27
3646.0,25.932743999727585,5.528336194738225,2.7180497384058014e+27
3656.0,25.932472992328712,5.528299629292897,2.7063087175833986e+27
3666.0,25.932203051920386,5.528263207670925,2.6946502770068264e+27
3676.0,25.93193417139653,5.528226928915164,2.683073612959101e+27
3686.0,25.931666343717616,5.5281907920774325,2.671577931702988e+27
3696.0,25.931399561909853,5.528154796218392,2.660162449330446e+27
3706.0,25.931133819064403,5.528118940407454,2.6488263916147267e+27
3716.0,25.930869108336605,5.528083223722665,2.6375689938651044e+27
3726.0,25.930605422945202,5.528047645250606,2.626389500784163e+27
3736.0,25.930342756171587,5.528012204086294,2.6152871663275944e+27
3746.0,25.93008110135906,5.527976899333079,2.6042612535664613e+27
3756.0,25.92982045191209,5.527941730102544,2.5933110345518694e+27
3766.0,25.929560801295594,5.527906695514411,2.5824357901820007e+27
3776.0,25.92930214303422,5.527871794696441,2.571634810071467e+27
3786.0,25.929044470711656,5.527837026784346,2.560907392422926e+27
3796.0,25.928787777969923,5.527802390921687,2.5502528439009273e+27
3806.0,25.9285320585087,5.527767886259791,2.5396704795079345e+27
3816.0,25.92827730608465,5.527733511957651,2.5291596224624844e+27
3826.0,25.92802351451075,5.527699267181846,2.51871960407944e+27
3836.0,25.927770677655648,5.527665151106447,2.508349763652297e+27
3846.0,25.927518789443013,5.527631162912933,2.498049448337503e+27
3856.0,25.9272678438509,5.527597301790106,2.4878180130407447e+27
3866.0,25.92701783491112,5.527563566934002,2.4776548203051775e+27
3876.0,25.92676875670863,5.527529957547813,2.4675592402015438e+27
3886.0,25.926520603380915,5.527496472841804,2.457530650220153e+27
3896.0,25.926273369117393,5.527463112033232,2.447568435164687e+27
3906.0,25.926027048158822,5.527429874346262,2.4376719870477912e+27
3916.0,25.925781634796714,5.5273967590118955,2.4278407049884168e+27
3926.0,25.92553712337276,5.527363765267888,2.418073995110888e+27
3936.0,25.925293508278266,5.527330892358678,2.4083712704456495e+27
3946.0,25.925050783953587,5.527298139535302,2.398731950831673e+27
3956.0,25.924808944887577,5.52726550605533,2.3891554628204808e+27
3966.0,25.92456798561705,5.527232991182788,2.379641239581766e+27
3976.0,25.924327900726233,5.527200594188087,2.3701887208105699e+27
3986.0,25.924088684846243,5.527168314347947,2.3607973526359917e+27
3996.0,25.92385033265456,5.527136150945335,2.3514665875314004e+27
4006.0,25.923612838874515,5.527104103269387,2.342195884226122e+27
4016.0,25.923376198274784,5.527072170615348,2.33298470761857e+27
4026.0,25.923140405668878,5.527040352284495,2.323832528690797e+27
4036.0,25.922905455914655,5.527008647584081,2.3147388244244372e+27
4046.0,25.92267134391383,5.526977055827261,2.3057030777180166e+27
4056.0,25.92243806461149,5.526945576333028,2.2967247773056017e+27
4066.0,25.92220561299563,5.526914208426154,2.287803417676766e+27
4076.0,25.921973984096667,5.526882951437126,2.278938498997844e+27
4086.0,25.921743172986993,5.526851804702077,2.270129527034459e+27
4096.0,25.921513174780515,5.526820767562734,2.261376013075289e+27
4106.0,25.921283984632193,5.526789839366349,2.2526774738570538e+27
4116.0,25.921055597737617,5.526759019465645,2.2440334314907047e+27
4126.0,25.920828009332546,5.526728307218755,2.235443413388785e+27
4136.0,25.920601214692493,5.526697701989164,2.2269069521939523e+27
4146.0,25.920375209132292,5.52666720314565,2.218423585708626e+27
4156.0,25.92014998800567,5.5266368100622305,2.2099928568257553e+27
4166.0,25.91992554670484,5.526606522118104,2.2016143134606772e+27
4176.0,25.919701880660085,5.526576338697595,2.1932875084840457e+27
4186.0,25.919478985339364,5.5265462591901,2.185011999655818e+27
4196.0,25.919256856247895,5.526516282990034,2.1767873495602734e+27
4206.0,25.919035488927772,5.526486409496777,2.1686131255420475e+27
4216.0,25.918814878957573,5.526456638114623,2.160488899643167e+27
4226.0,25.918595021951976,5.526426968252723,2.1524142485410605e+27
4236.0,25.918375913561377,5.526397399325043,2.1443887534875348e+27
4246.0,25.91815754947152,5.526367930750303,2.1364120002486937e+27
4256.0,25.91793992540312,5.526338561951938,2.1284835790457884e+27
4266.0,25.91772303711151,5.5263092923580395,2.1206030844969753e+27
4276.0,25.917506880386266,5.526280121401313,2.112770115559974e+27
4286.0,25.91729145105086,5.526251048519027,2.104984275475602e+27
4296.0,25.91707674496231,5.526222073152969,2.0972451717121744e+27
4306.0,25.91686275801082,5.526193194749393,2.0895524159107552e+27
4316.0,25.916649486119457,5.526164412758979,2.0819056238312375e+27
4326.0,25.9164369252438,5.526135726636786,2.0743044152992493e+27
4336.0,25.916225071371613,5.526107135842207,2.0667484141538597e+27
4346.0,25.916013920522502,5.526078639838922,2.05923724819608e+27
4356.0,25.915803468747608,5.526050238094858,2.0517705491381404e+27
4366.0,25.915593712129276,5.526021930082145,2.0443479525535303e+27
4376.0,25.91538464678073,5.525993715277068,2.03696909782779e+27
4386.0,25.915176268845777,5.525965593160036,2.0296336281100417e+27
4396.0,25.91496857449848,5.525937563215528,2.022341190265243e+27
4406.0,25.914761559942868,5.5259096249320585,2.0150914348271546e+27
4416.0,25.914555221412613,5.5258817778021365,2.0078840159520072e+27
4426.0,25.91434955517076,5.525854021322224,2.000718591372859e+27
4436.0,25.914144557509402,5.525826354992698,1.9935948223546277e+27
4446.0,25.913940224749414,5.525798778317808,1.9865123736497886e+27
4456.0,25.913736553240152,5.5257712908056416,1.9794709134547253e+27
4466.0,25.91353353935917,5.525743891968082,1.972470113366726e+27
4476.0,25.913331179511946,5.525716581320774,1.9655096483416085e+27
4486.0,25.913129470131597,5.525689358383085,1.9585891966519675e+27
4496.0,25.91292840767861,5.525662222678067,1.9517084398460337e+27
4506.0,25.91272798864057,5.5256351737324225,1.9448670627071318e+27
4516.0,25.91252820953189,5.525608211076467,1.9380647532137296e+27
4526.0,25.912329066893555,5.5255813342440945,1.931301202500067e+27
4536.0,25.91213055729286,5.525554542772741,1.9245761048173573e+27
4546.0,25.911932677323136,5.52552783620335,1.9178891574955482e+27
4556.0,25.911735423603524,5.525501214080342,1.9112400609056348e+27
4566.0,25.911538792778696,5.525474675951575,1.904628518422517e+27
4576.0,25.911342781518623,5.525448221368313,1.8980542363883886e+27
4586.0,25.911147386518323,5.525421849885194,1.8915169240766524e+27
4596.0,25.91095260449762,5.525395561060199,1.8850162936563527e+27
4606.0,25.910758432200904,5.5253693544546145,1.878552060157113e+27
4616.0,25.910564866396896,5.525343229633005,1.8721239414345766e+27
4626.0,25.91037190387841,5.525317186163182,1.8657316581363348e+27
4636.0,25.910179541462128,5.5252912236161675,1.859374933668342e+27
4646.0,25.909987775988363,5.525265341566168,1.8530534941618026e+27
4656.0,25.909796604320835,5.525239539590545,1.8467670684405294e+27
4666.0,25.909606023346456,5.52521381726978,1.8405153879887588e+27
4676.0,25.909416029975098,5.525188174187448,1.8342981869194218e+27
4686.0,25.909226621139382,5.525162609930188,1.8281152019428557e+27
4696.0,25.909037793794457,5.525137124087674,1.8219661723359592e+27
4706.0,25.908849544917793,5.525111716252587,1.8158508399117752e+27
4716.0,25.90866187150897,5.525086386020582,1.8097689489894985e+27
4726.0,25.908474770589457,5.525061132990266,1.8037202463649023e+27
4736.0,25.908288239202427,5.525035956763167,1.797704481281172e+27
4746.0,25.90810227441254,5.52501085694371,1.7917214054001472e+27
4756.0,25.907916873305737,5.524985833139184,1.7857707727739585e+27
4766.0,25.90773203298906,5.524960884959719,1.7798523398170564e+27
4776.0,25.907547750590435,5.5249360120182605,1.7739658652786262e+27
4786.0,25.90736402325849,5.52491121393054,1.768111110215382e+27
4796.0,25.907180848162362,5.524886490315055,1.7622878379647307e+27
4806.0,25.9069982224915,5.524861840793034,1.756495814118308e+27
4816.0,25.906816143455483,5.52483726498842,1.750734806495872e+27
4826.0,25.906634608283838,5.524812762527843,1.7450045851195547e+27
4836.0,25.906453614225846,5.5247883330405925,1.7393049221884624e+27
4846.0,25.906273158550366,5.524763976158595,1.7336355920536216e+27
4856.0,25.906093238545658,5.524739691516391,1.7279963711932644e+27
4866.0,25.905913851519205,5.52471547875111,1.7223870381884462e+27
4876.0,25.90573499479753,5.524691337502446,1.716807373698994e+27
4886.0,25.90555666572603,5.524667267412636,1.7112571604397792e+27
4896.0,25.905378861668808,5.524643268126434,1.7057361831573058e+27
4906.0,25.90520158000849,5.524619339291093,1.700244228606616e+27
4916.0,25.90502481814607,5.5245954805563375,1.6947810855285034e+27
4926.0,25.90484857350074,5.5245716915743435,1.689346544627028e+27
4936.0,25.904672843509715,5.5245479719997155,1.6839403985473368e+27
4946.0,25.904497625628093,5.524524321489466,1.678562441853772e+27
4956.0,25.904322917328678,5.524500739702993,1.673212471008276e+27
4966.0,25.90414871610182,5.524477226302059,1.6678902843490773e+27
4976.0,25.90397501945527,5.524453780950768,1.662595682069663e+27
4986.0,25.90380182491402,5.524430403315548,1.657328466198024e+27
4996.0,25.903629130020136,5.524407093065127,1.6520884405761774e+27
5006.0,25.90345693233263,5.524383849870516,1.6468754108399539e+27
