Time,Mass,Radius,Lx
23.0,53.47334005120631,8.74,1.3000000000000013e+30
33.0,53.46687274010593,8.73933096255142,8.759343917516788e+29
43.0,53.46214921958615,8.738842299879533,6.557671060380727e+29
53.0,53.458427662318506,8.738457282213652,5.217188931022641e+29
63.0,53.4553572595376,8.738139623020308,4.318578393882565e+29
73.0,53.45274414029885,8.737869268409586,3.6759150940485624e+29
83.0,53.4504698320457,8.737633963402335,3.194389126529449e+29
93.0,53.44845662878248,8.73742566983336,2.8206900230836446e+29
103.0,53.44665080555257,8.737238830130995,2.5225893519864866e+29
113.0,53.44501366916362,8.737069441628707,2.2794814836921138e+29
123.0,53.44351642842426,8.73691452594904,2.0775905468556818e+29
133.0,53.442137081001235,8.736771806980107,1.9073648039537867e+29
143.0,53.4408584347071,8.736639506195282,1.7619773519404638e+29
153.0,53.43966680077361,8.73651620748247,1.636421961955088e+29
163.0,53.43855110264414,8.736400764954734,1.5269458788322928e+29
173.0,53.437502251199774,8.736292238321093,1.4306818240352996e+29
183.0,53.43651269622455,8.73618984648787,1.3454021997232546e+29
193.0,53.43557609763766,8.736092933549042,1.2693506973591002e+29
203.0,53.43468708006237,8.736000943397263,1.2011243297960343e+29
213.0,53.43384104660613,8.735913400459932,1.1395891336703854e+29
223.0,53.43303403549971,8.735829894868813,1.0838188555919484e+29
233.0,53.43226260827986,8.735750070892708,1.0330496397327944e+29
243.0,53.431523761538635,8.735673617807995,9.866460552511942e+28
253.0,53.430814856520456,8.735600262615472,9.440752903044585e+28
263.0,53.43013356240438,8.735529764172895,9.04887314097118e+28
273.0,53.42947781019899,8.73546190842537,8.686994590295373e+28
283.0,53.428845754953265,8.735396504496018,8.351843169368205e+28
293.0,53.42823574454629,8.735333381457222,8.040601484089326e+28
303.0,53.42764629372785,8.735272385645061,7.750832177973375e+28
313.0,53.42707606238434,8.735213378410876,7.480416181645057e+28
323.0,53.42652383723097,8.735156234227253,7.227502594537858e+28
333.0,53.42598851630181,8.73510083908348,6.990467724507181e+28
343.0,53.42546909574,8.735047089118936,6.767881394083151e+28
353.0,53.42496465849055,8.734994889453313,6.5584790551217375e+28
363.0,53.4244743645762,8.734944153180612,6.361138578312497e+28
373.0,53.423997442697555,8.734894800500125,6.17486082964407e+28
383.0,53.42353318294701,8.734846757962666,5.998753333322625e+28
393.0,53.423080930463684,8.734799957814127,5.832016464725311e+28
403.0,53.42264007988728,8.734754337421696,5.673931728584031e+28
413.0,53.4222100704932,8.734709838770565,5.523851764661653e+28
423.0,53.42179038191079,8.734666408020933,5.381191791553448e+28
433.0,53.421380530342915,8.734623995116914,5.245422253274643e+28
443.0,53.42098006521802,8.734582553440164,5.116062476244546e+28
453.0,53.4205885662166,8.734542039502237,4.992675178614844e+28
463.0,53.42020564062303,8.734502412670619,4.874861701489704e+28
473.0,53.419830920960834,8.734463634924076,4.762257853884672e+28
483.0,53.419464062875875,8.734425670633652,4.654530281376442e+28
493.0,53.419104743236836,8.734388486366147,4.551373283164409e+28
503.0,53.41875265842682,8.734352050707365,4.45250601436629e+28
513.0,53.418407522803385,8.734316334102795,4.3576700203283276e+28
523.0,53.4180690673076,8.734281308713703,4.266627057958954e+28
533.0,53.41773703820498,8.734246948286863,4.1791571659205815e+28
543.0,53.41741119594374,8.734213228036444,4.095056951197836e+28
553.0,53.41709131411736,8.734180124536664,4.014138064310417e+28
563.0,53.4167771785203,8.73414761562411,3.936225839422058e+28
573.0,53.41646858628703,8.734115680308639,3.86115807894876e+28
583.0,53.41616534510565,8.73408429869204,3.7887839650987714e+28
593.0,53.41586727249846,8.734053451893585,3.7189630831725785e+28
603.0,53.41557419516289,8.734023121981856,3.651564543485951e+28
613.0,53.41528594836662,8.733993291912144,3.5864661905122504e+28
623.0,53.41500237539182,8.733963945468968,3.523553889320583e+28
633.0,53.41472332702363,8.73393506721314,3.462720880654244e+28
643.0,53.41444866107887,8.73390664243301,3.4038671970825973e+28
653.0,53.41417824197115,8.733878657099464,3.3468991335967104e+28
663.0,53.41391194030906,8.733851097824365,3.291728766827835e+28
673.0,53.413649632524546,8.733823951822087,3.238273517767337e+28
683.0,53.41339120052866,8.733797206873914,3.1864557534731505e+28
693.0,53.41313653139244,8.733770851295011,3.1362024237748e+28
703.0,53.41288551705067,8.733744873903781,3.08744472944781e+28
713.0,53.41263805402656,8.733719263993372,3.0401178187287192e+28
723.0,53.412394043175674,8.733694011305191,2.994160509391896e+28
733.0,53.412153389447454,8.733669106004228,2.9495150339160146e+28
743.0,53.41191600166294,8.733644538656055,2.906126805537154e+28
753.0,53.411681792307334,8.733620300205365,2.8639442032221334e+28
763.0,53.41145067733634,8.733596381955937,2.822918373804159e+28
773.0,53.411222575995055,8.733572775551895,2.7830030497067953e+28
783.0,53.41099741064857,8.733549472960185,2.7441543808448876e+28
793.0,53.41077510662331,8.733526466454155,2.7063307794350126e+28
803.0,53.410555592058365,8.73350374859817,2.6694927765757184e+28
813.0,53.41033879776598,8.733481312233195,2.633602889571198e+28
823.0,53.41012465710063,8.733459150463222,2.598625499072933e+28
833.0,53.409913105836,8.733437256642565,2.5645267352036986e+28
843.0,53.40970408204931,8.733415624363877,2.531274371908521e+28
853.0,53.409497526012494,8.733394247446899,2.4988377288487874e+28
863.0,53.409293380089686,8.73337311992785,2.4671875802198384e+28
873.0,53.40909158864067,8.733352236049436,2.4362960699297563e+28
883.0,53.4088920979298,8.733331590251431,2.4061366326286093e+28
893.0,53.40869485604007,8.733311177161779,2.3766839201236405e+28
903.0,53.40849981279199,8.733290991588206,2.34791373275754e+28
913.0,53.40830691966689,8.733271028510288,2.3198029553643783e+28
923.0,53.40811612973448,8.73325128307194,2.2923294974515703e+28
933.0,53.40792739758423,8.733231750574337,2.2654722372867254e+28
943.0,53.407740679260506,8.733212426469189,2.2392109695957916e+28
953.0,53.40755593220104,8.733193306352378,2.2135263566038155e+28
963.0,53.4073731151787,8.733174385957932,2.188399882172219e+28
973.0,53.407192188246206,8.73315566115231,2.163813808806949e+28
983.0,53.40701311268373,8.733137127928972,2.1397511373304293e+28
993.0,53.40683585094909,8.733118782403233,2.1161955690271127e+28
1003.0,53.406660405425924,8.733100624822473,2.090081135351165e+28
1013.0,53.40648727752778,8.73308270708082,2.057564507998924e+28
1023.0,53.40631660333541,8.73306504326273,2.0258657787155107e+28
1033.0,53.40614832449958,8.73304762733027,1.9949566780668547e+28
1043.0,53.40598238460763,8.733030453445888,1.9648101746444167e+28
1053.0,53.40581872910135,8.733013515963925,1.9354004096365916e+28
1063.0,53.405657305199036,8.732996809422541,1.90670263543932e+28
1073.0,53.40549806182159,8.732980328536073,1.8786931580213176e+28
1083.0,53.405340949522284,8.732964068187766,1.851349282781836e+28
1093.0,53.405185920420095,8.732948023422875,1.824649263659377e+28
1103.0,53.40503292813631,8.73293218944211,1.7985722552685233e+28
1113.0,53.404881927734245,8.732916561595394,1.7730982678592005e+28
1123.0,53.40473287566194,8.732901135375934,1.748208124908331e+28
1133.0,53.404585729697565,8.732885906414575,1.723883423168225e+28
1143.0,53.40444044889748,8.732870870474418,1.700106495009184e+28
1153.0,53.40429699354674,8.732856023445713,1.6768603729058693e+28
1163.0,53.40415532511191,8.732841361340961,1.6541287559280541e+28
1173.0,53.404015406196145,8.732826880290277,1.6318959781065499e+28
1183.0,53.403877200496254,8.732812576536942,1.6101469785544454e+28
1193.0,53.40374067276181,8.732798446433172,1.588867273232399e+28
1203.0,53.40360578875608,8.732784486436083,1.5680429282546348e+28
1213.0,53.40347251521871,8.732770693103815,1.5476605346395964e+28
1223.0,53.4033408198301,8.732757063091862,1.5277071844159233e+28
1233.0,53.40321067117736,8.732743593149536,1.5081704480006252e+28
1243.0,53.40308203872175,8.73273028011661,1.4890383527720523e+28
1253.0,53.40295489276752,8.732717120920082,1.4702993627655415e+28
1263.0,53.40282920443215,8.732704112571106,1.4519423594245204e+28
1273.0,53.40270494561785,8.732691252162034,1.433956623344352e+28
1283.0,53.402582088984225,8.732678536863595,1.41633181695041e+28
1293.0,53.402460607922166,8.732665963922187,1.3990579680557288e+28
1303.0,53.40234047652879,8.732653530657293,1.3821254542471741e+28
1313.0,53.40222166958347,8.732641234458988,1.3655249880524102e+28
1323.0,53.40210416252477,8.732629072785562,1.3492476028430196e+28
1333.0,53.40198793142844,8.732617043161243,1.333284639432007e+28
1343.0,53.40187295298618,8.732605143173995,1.3176277333265775e+28
1353.0,53.401759204485415,8.732593370473422,1.3022688025995552e+28
1363.0,53.401646663789705,8.732581722768757,1.2872000363451093e+28
1373.0,53.40153530932008,8.732570197826908,1.272413883686598e+28
1383.0,53.40142512003705,8.732558793470618,1.257903043306326e+28
1393.0,53.40131607542329,8.732547507576655,1.2436604534688825e+28
1403.0,53.40120815546709,8.732536338074116,1.2296792825114366e+28
1413.0,53.401101340646356,8.732525282942758,1.2159529197759997e+28
1423.0,53.40099561191328,8.732514340211418,1.2024749669601522e+28
1433.0,53.40089095067956,8.732503507956485,1.1892392298641452e+28
1443.0,53.40078733880221,8.732492784300426,1.1762397105136008e+28
1453.0,53.400684758569874,8.732482167410378,1.1634705996382474e+28
1463.0,53.40058319268967,8.732471655496779,1.1509262694882854e+28
1473.0,53.400482624274545,8.73246124681206,1.1386012669710393e+28
1483.0,53.400383036831016,8.732450939649384,1.1264903070915544e+28
1493.0,53.400284414247466,8.732440732341429,1.114588266681745e+28
1503.0,53.40018674078278,8.732430623259209,1.102890178403556e+28
1513.0,53.40009000105544,8.732420610810951,1.0913912250124469e+28
1523.0,53.39999418003298,8.73241069344101,1.0800867338682597e+28
1533.0,53.39989926302183,8.732400869628798,1.0689721716812628e+28
1543.0,53.39980523565755,8.732391137887795,1.058043139481841e+28
1553.0,53.39971208389535,8.732381496764555,1.0472953678029298e+28
1563.0,53.39961979400098,8.732371944837768,1.036724712064904e+28
1573.0,53.39952835254191,8.732362480717349,1.0263271481531739e+28
1583.0,53.39943774637886,8.732353103043554,1.0160987681792809e+28
1593.0,53.39934796265757,8.732343810486137,1.0060357764167797e+28
1603.0,53.39925898880089,8.73233460174353,9.961344854036515e+27
1613.0,53.39917081250108,8.732325475542039,9.863913122034388e+27
1623.0,53.39908342171247,8.732316430635093,9.768027748177005e+27
1633.0,53.398996804644234,8.732307465802494,9.67365488742779e+27
1643.0,53.398910949753535,8.7322985798497,9.580761636642259e+27
1653.0,53.3988258457388,8.732289771607148,9.489316002825918e+27
1663.0,53.398741481533264,8.73228103992956,9.399286872645987e+27
1673.0,53.39865784629871,8.732272383695319,9.310643983140233e+27
1683.0,53.39857492941942,8.732263801805825,9.223357893569133e+27
1693.0,53.39849272049629,8.732255293184902,9.137399958360179e+27
1703.0,53.39841120934121,8.7322468567782,9.05274230109589e+27
1713.0,53.398330385971526,8.73223849155264,8.96935778949935e+27
1723.0,53.39825024060473,8.732230196495845,8.887220011373481e+27
1733.0,53.39817076365334,8.732221970615624,8.806303251452434e+27
1743.0,53.398091945719884,8.732213812939452,8.726582469125438e+27
1753.0,53.398013777592084,8.732205722513967,8.648033276995488e+27
1763.0,53.39793625023816,8.732197698404482,8.570631920237025e+27
1773.0,53.39785935480231,8.732189739694523,8.49435525671848e+27
1783.0,53.39778308260028,8.732181845485371,8.419180737857249e+27
1793.0,53.39770742511514,8.73217401489562,8.345086390176169e+27
1803.0,53.397632373993105,8.732166247060748,8.272050797532034e+27
1813.0,53.397557921039564,8.732158541132703,8.200053083988135e+27
1823.0,53.39748405821515,8.732150896279501,8.129072897304038e+27
1833.0,53.397410777632,8.732143311684833,8.059090393017164e+27
1843.0,53.39733807155006,8.732135786547692,7.990086219091827e+27
1853.0,53.397265932373564,8.732128320081998,7.922041501112572e+27
1863.0,53.39719435264754,8.732120911516237,7.854937827999701e+27
1873.0,53.397123325054494,8.732113560093133,7.788757238225886e+27
1883.0,53.39705284241114,8.732106265069287,7.723482206513706e+27
1893.0,53.396982897665254,8.732099025714872,7.659095630994922e+27
1903.0,53.39691348389258,8.732091841313299,7.595580820813075e+27
1913.0,53.396844594293874,8.732084711160915,7.532921484151906e+27
1923.0,53.39677622219198,8.732077634566707,7.471101716672822e+27
1933.0,53.396708361029056,8.732070610852002,7.410105990345382e+27
1943.0,53.396641004363794,8.732063639350192,7.349919142655515e+27
1953.0,53.39657414586878,8.732056719406454,7.290526366176811e+27
1963.0,53.396507779327926,8.732049850377486,7.231913198490886e+27
1973.0,53.39644189863392,8.732043031631237,7.174065512443448e+27
1983.0,53.396376497785795,8.732036262546673,7.116969506723222e+27
1993.0,53.396311570886574,8.732029542513509,7.060611696751503e+27
2003.0,53.39624711214092,8.732022870931988,7.004978905870561e+27
2013.0,53.396183115852914,8.732016247212636,6.9500582568197e+27
2023.0,53.39611957642386,8.73200967077604,6.895837163488174e+27
2033.0,53.396056488350126,8.73200314105263,6.842303322934677e+27
2043.0,53.395993846221124,8.731996657482458,6.78944470766351e+27
2053.0,53.39593164471724,8.731990219514996,6.737249558147974e+27
2063.0,53.39586987860789,8.731983826608928,6.685706375591914e+27
2073.0,53.39580854274961,8.73197747823195,6.634803914920715e+27
2083.0,53.3957476320842,8.731971173860588,6.584531177993409e+27
2093.0,53.39568714163688,8.731964912979995,6.534877407027916e+27
2103.0,53.395627066514535,8.73195869508378,6.485832078231711e+27
2113.0,53.39556740190402,8.731952519673824,6.437384895630586e+27
2123.0,53.39550814307043,8.731946386260107,6.389525785088442e+27
2133.0,53.395449285355525,8.731940294360545,6.342244888511314e+27
2143.0,53.39539082417609,8.731934243500811,6.295532558229129e+27
2153.0,53.3953327550224,8.731928233214191,6.24937935154897e+27
2163.0,53.39527507345671,8.731922263041415,6.203776025473794e+27
2173.0,53.39521777511177,8.731916332530513,6.158713531580889e+27
2183.0,53.39516085568938,8.731910441236655,6.114183011054509e+27
2193.0,53.395104310959034,8.73190458872202,6.070175789867359e+27
2203.0,53.39504813675647,8.731898774555644,6.026683374105825e+27
2213.0,53.39499232898241,8.731892998313285,5.983697445434027e+27
2223.0,53.39493688360122,8.731887259577286,5.941209856691981e+27
2233.0,53.394881796639645,8.73188155793645,5.899212627623287e+27
2243.0,53.394827064185584,8.731875892985906,5.857697940728021e+27
2253.0,53.394772682386865,8.731870264326988,5.816658137236578e+27
2263.0,53.39471864745008,8.731864671567102,5.776085713200457e+27
2273.0,53.394664955639406,8.731859114319628,5.735973315696062e+27
2283.0,53.39461160327553,8.731853592203782,5.696313739137784e+27
2293.0,53.3945585867345,8.731848104844513,5.65709992169678e+27
2303.0,53.394505902446674,8.731842651872395,5.618324941821917e+27
2313.0,53.39445354689569,8.731837232923507,5.579982014859597e+27
2323.0,53.39440151661742,8.73183184763934,5.5420644897692e+27
2333.0,53.39434980819899,8.731826495666688,5.504565845931068e+27
2343.0,53.39429841827779,8.731821176657549,5.467479690044014e+27
2353.0,53.39424734354055,8.73181589026902,5.430799753109507e+27
2363.0,53.39419658072236,8.731810636163209,5.394519887499714e+27
2373.0,53.39414612660582,8.73180541400714,5.358634064106775e+27
2383.0,53.39409597802011,8.731800223472655,5.323136369570685e+27
2393.0,53.394046131840156,8.731795064236332,5.288021003583316e+27
2403.0,53.39399658498575,8.731789935979391,5.253282276266181e+27
2413.0,53.39394733442074,8.731784838387615,5.218914605619628e+27
2423.0,53.39389837715221,8.731779771151256,5.184912515041214e+27
2433.0,53.39384971022971,8.731774733964965,5.151270630911126e+27
2443.0,53.39380133074445,8.7317697265277,5.117983680242569e+27
2453.0,53.393753235828584,8.731764748542663,5.085046488395105e+27
2463.0,53.39370542265442,8.731759799717203,5.052453976849009e+27
2473.0,53.39365788843374,8.73175487976276,5.020201161038791e+27
2483.0,53.39361063041706,8.731749988394784,4.98828314824405e+27
2493.0,53.393563645892975,8.731745125332662,4.956695135535962e+27
2503.0,53.39351693218744,8.731740290299644,4.925432407777659e+27
2513.0,53.39347048666314,8.73173548302279,4.8944903356769395e+27
2523.0,53.39342430671882,8.731730703232888,4.863864373889693e+27
2533.0,53.39337838978867,8.731725950664389,4.833550059172542e+27
2543.0,53.39333273334169,8.731721225055354,4.803543008583241e+27
2553.0,53.39328733488107,8.731716526147379,4.773838917727393e+27
2563.0,53.39324219194365,8.731711853685542,4.7444335590501514e+27
2573.0,53.39319730209927,8.731707207418339,4.7153227801715404e+27
2583.0,53.39315266295024,8.731702587097622,4.686502502264155e+27
2593.0,53.39310827213079,8.731697992478548,4.657968718471975e+27
2603.0,53.39306412730648,8.73169342331952,4.629717492369114e+27
2613.0,53.39302022617372,8.731688879382128,4.601744956457332e+27
2623.0,53.3929765664592,8.7316843604311,4.574047310701211e+27
2633.0,53.392933145919415,8.731679866234247,4.546620821099889e+27
2643.0,53.392889962340135,8.731675396562407,4.51946181829432e+27
2653.0,53.392847013535935,8.731670951189404,4.4925666962090457e+27
2663.0,53.39280429734969,8.731666529891987,4.4659319107274855e+27
2673.0,53.392761811652136,8.731662132449792,4.439553978399809e+27
2683.0,53.39271955434137,8.731657758645282,4.4134294751824675e+27
2693.0,53.39267752334242,8.731653408263709,4.3875550352084826e+27
2703.0,53.39263571660681,8.73164908109307,4.361927349587651e+27
2713.0,53.3925941321121,8.731644776924051,4.3365431652358174e+27
2723.0,53.392552767861474,8.731640495549996,4.3113992837324027e+27
2733.0,53.39251162188332,8.731636236766853,4.28649256020542e+27
2743.0,53.39247069223084,8.731632000373137,4.2618199022432046e+27
2753.0,53.3924299769816,8.73162778616989,4.2373782688321333e+27
2763.0,53.3923894742372,8.731623593960636,4.213164669319616e+27
2773.0,53.392349182122835,8.731619423551344,4.1891761624016685e+27
2783.0,53.392309098786946,8.731615274750387,4.165409855134403e+27
2793.0,53.39226922240084,8.731611147368506,4.1418629019687787e+27
2803.0,53.392229551158344,8.73160704121877,4.118532503807997e+27
2813.0,53.39219008327541,8.73160295611654,4.095415907086919e+27
2823.0,53.392150816989805,8.731598891879433,4.072510402872924e+27
2833.0,53.39211175056075,8.73159484832729,4.0498133259876243e+27
2843.0,53.392072882268586,8.731590825282135,4.0273220541488994e+27
2853.0,53.392034210414444,8.73158682256814,4.0050340071326904e+27
2863.0,53.39199573331993,8.731582840011603,3.982946645954044e+27
2873.0,53.391957449326796,8.731578877440903,3.961057472066896e+27
2883.0,53.39191935679663,8.731574934686472,3.939364026582101e+27
2893.0,53.39188145411056,8.731571011580765,3.917863889503228e+27
2903.0,53.39184373966895,8.731567107958229,3.896554678979668e+27
2913.0,53.3918062118911,8.731563223655266,3.8754340505765916e+27
2923.0,53.39176886921497,8.731559358510214,3.8544996965613276e+27
2933.0,53.391731710096884,8.731555512363311,3.8337493452057357e+27
2943.0,53.391694733011256,8.731551685056663,3.8131807601041674e+27
2953.0,53.39165793645032,8.731547876434226,3.792791739506602e+27
2963.0,53.39162131892387,8.731544086341769,3.7725801156665846e+27
2973.0,53.391584878958966,8.731540314626852,3.7525437542035844e+27
2983.0,53.39154861509972,8.731536561138794,3.732680553479397e+27
2993.0,53.39151252590702,8.731532825728655,3.7129884439882546e+27
3003.0,53.39147660995827,8.731529108249202,3.6934653877602815e+27
3013.0,53.39144086584716,8.731525408554889,3.674109377777966e+27
3023.0,53.391405292183435,8.73152172650183,3.654918437405324e+27
3033.0,53.39136988759264,8.731518061947776,3.635890619829437e+27
3043.0,53.3913346507159,8.731514414752088,3.617024007514053e+27
3053.0,53.39129958020969,8.731510784775717,3.5983167116649533e+27
3063.0,53.391264674745614,8.73150717188118,3.5797668717067947e+27
3073.0,53.39122993301018,8.731503575932537,3.5613726547711475e+27
3083.0,53.391195353704596,8.731499996795367,3.5431322551954445e+27
3093.0,53.39116093554455,8.73149643433675,3.5250438940325866e+27
3103.0,53.39112667725999,8.73149288842524,3.507105818570932e+27
3113.0,53.391092577594954,8.73148935893085,3.489316301864428e+27
3123.0,53.39105863530734,8.731485845725029,3.471673642272632e+27
3133.0,53.391024849168716,8.731482348680636,3.454176163010385e+27
3143.0,53.39099121796413,8.731478867671932,3.4368222117069026e+27
3153.0,53.39095774049192,8.731475402574548,3.4196101599740676e+27
3163.0,53.390924415563525,8.731471953265471,3.402538402983684e+27
3173.0,53.390891242003306,8.731468519623029,3.3856053590535004e+27
3183.0,53.39085821864835,8.731465101526863,3.368809469241778e+27
3193.0,53.39082534434831,8.731461698857919,3.352149196950212e+27
3203.0,53.39079261796522,8.73145831149842,3.335623027534996e+27
3213.0,53.39076003837333,8.731454939331856,3.3192294679258525e+27
3223.0,53.39072760445894,8.731451582242961,3.302967046252831e+27
3233.0,53.39069531512022,8.731448240117702,3.2868343114806943e+27
3243.0,53.39066316926706,8.731444912843255,3.2708298330507214e+27
3253.0,53.3906311658209,8.731441600307994,3.2549522005297456e+27
3263.0,53.39059930371459,8.731438302401472,3.239200023266266e+27
3273.0,53.390567581892206,8.731435019014404,3.223571930053467e+27
3283.0,53.39053599930893,8.731431750038656,3.208066568798985e+27
3293.0,53.39050455493087,8.731428495367224,3.192682606201272e+27
3303.0,53.390473247734946,8.73142525489422,3.177418727432395e+27
3313.0,53.3904420767087,8.731422028514862,3.1622736358271376e+27
3323.0,53.39041104085021,8.73141881612545,3.147246052578246e+27
3333.0,53.390380139167895,8.731415617623362,3.1323347164376943e+27
3343.0,53.39034937068041,8.731412432907032,3.117538383423817e+27
3353.0,53.39031873441651,8.731409261875935,3.102855826534189e+27
3363.0,53.390288229414885,8.731406104430585,3.0882858354641207e+27
3373.0,53.39025785472408,8.731402960472504,3.073827216330632e+27
3383.0,53.39022760940231,8.731399829904223,3.059478791401804e+27
3393.0,53.39019749251738,8.73139671262926,3.0452393988313605e+27
3403.0,53.390167503146536,8.731393608552116,3.031107892398391e+27
3413.0,53.39013764037634,8.731390517578252,3.017083141252077e+27
3423.0,53.39010790330255,8.73138743961408,3.003164029661331e+27
3433.0,53.39007829103002,8.731384374566955,2.989349456769218e+27
3443.0,53.39004880267256,8.731381322345161,2.9756383363520846e+27
3453.0,53.39001943735283,8.731378282857895,2.962029596583257e+27
3463.0,53.38999019420221,8.731375256015257,2.9485221798012355e+27
3473.0,53.38996107236074,8.731372241728243,2.9351150422822746e+27
3483.0,53.38993207097693,8.731369239908728,2.921807154017258e+27
3493.0,53.38990318920773,8.731366250469456,2.9085974984927695e+27
3503.0,53.389874426218356,8.73136327332403,2.8954850724762775e+27
3513.0,53.38984578118223,8.731360308386904,2.882468885805339e+27
3523.0,53.389817253280874,8.731357355573364,2.8695479611807346e+27
3533.0,53.38978884170378,8.731354414799528,2.856721333963461e+27
3543.0,53.389760545648336,8.731351485982323,2.8439880519754775e+27
3553.0,53.38973236431971,8.73134856903949,2.831347175304157e+27
3563.0,53.38970429693077,8.731345663889561,2.818797776110331e+27
3573.0,53.389676342701975,8.731342770451857,2.806338938439876e+27
3583.0,53.389648500861284,8.731339888646472,2.793969758038752e+27
3593.0,53.38962077064406,8.73133701839427,2.78168934217143e+27
3603.0,53.389593151292985,8.731334159616868,2.7694968094426294e+27
3613.0,53.38956564205797,8.731331312236632,2.7573912896223036e+27
3623.0,53.38953824219605,8.731328476176673,2.7453719234737977e+27
3633.0,53.38951095097134,8.731325651360825,2.733437862585118e+27
3643.0,53.38948376765489,8.731322837713641,2.7215882692032513e+27
3653.0,53.389456691524636,8.731320035160392,2.7098223160714554e+27
3663.0,53.38942972186531,8.73131724362705,2.698139186269483e+27
3673.0,53.38940285796836,8.73131446304028,2.6865380730566553e+27
3683.0,53.38937609913187,8.731311693327434,2.675018179717748e+27
3693.0,53.38934944466047,8.731308934416544,2.6635787194116096e+27
3703.0,53.38932289386525,8.73130618623631,2.6522189150224764e+27
3713.0,53.38929644606372,8.731303448716094,2.6409379990139167e+27
3723.0,53.389270100579694,8.731300721785914,2.6297352132853547e+27
3733.0,53.38924385674324,8.731298005376432,2.618609809031123e+27
3743.0,53.389217713890595,8.731295299418951,2.607561046601993e+27
3753.0,53.389191671364074,8.7312926038454,2.596588195369125e+27
3763.0,53.38916572851204,8.731289918588338,2.5856905335904005e+27
3773.0,53.389139884688795,8.731287243580937,2.574867348279084e+27
3783.0,53.38911413925453,8.731284578756974,2.564117935074767e+27
3793.0,53.38908849157525,8.731281924050835,2.5534415981165473e+27
3803.0,53.38906294102271,8.731279279397496,2.5428376499184034e+27
3813.0,53.389037486974324,8.731276644732523,2.5323054112467183e+27
3823.0,53.38901212881315,8.73127401999206,2.521844210999908e+27
3833.0,53.38898686592778,8.731271405112832,2.511453386090116e+27
3843.0,53.38896169771228,8.731268800032122,2.501132281326932e+27
3853.0,53.38893662356616,8.73126620468778,2.490880249303095e+27
3863.0,53.388911642894264,8.731263619018211,2.480696650282143e+27
3873.0,53.388886755106746,8.731261042962366,2.4705808520879673e+27
3883.0,53.388861959618986,8.731258476459738,2.4605322299962407e+27
3893.0,53.388837255851556,8.731255919450355,2.450550166627677e+27
3903.0,53.388812643230125,8.731253371874777,2.44063405184309e+27
3913.0,53.388788121185435,8.731250833674085,2.4307832826402154e+27
3923.0,53.38876368915323,8.731248304789881,2.4209972630522625e+27
3933.0,53.38873934657419,8.731245785164276,2.411275404048163e+27
3943.0,53.38871509289389,8.731243274739885,2.4016171234344798e+27
3953.0,53.38869092756274,8.731240773459831,2.3920218457589527e+27
3963.0,53.388666850035925,8.731238281267721,2.38248900221564e+27
3973.0,53.38864285977336,8.731235798107662,2.373018030551633e+27
3983.0,53.38861895623963,8.731233323924236,2.363608374975309e+27
3993.0,53.388595138903945,8.731230858662508,2.3542594860660962e+27
4003.0,53.388571407240086,8.731228402268016,2.344970820685719e+27
4013.0,53.38854776072635,8.731225954686762,2.3357418418909012e+27
4023.0,53.388524198845495,8.731223515865214,2.3265720188474928e+27
4033.0,53.388500721084725,8.731221085750297,2.3174608267459975e+27
4043.0,53.388477326935586,8.731218664289386,2.308407746718476e+27
4053.0,53.38845401589397,8.73121625143031,2.2994122657567958e+27
4063.0,53.38843078746003,8.731213847121332,2.2904738766322043e+27
4073.0,53.38840764113816,8.73121145131116,2.2815920778162e+27
4083.0,53.38838457643692,8.731209063948926,2.272766373402681e+27
4093.0,53.388361592869025,8.731206684984201,2.2639962730313385e+27
4103.0,53.38833868995128,8.731204314366972,2.2552812918122858e+27
4113.0,53.38831586720454,8.73120195204765,2.2466209502518836e+27
4123.0,53.388293124153655,8.731199597977056,2.2380147741797563e+27
4133.0,53.38827046032744,8.731197252106423,2.2294622946769636e+27
4143.0,53.38824787525864,8.731194914387391,2.2209630480053176e+27
4153.0,53.38822536848387,8.731192584772002,2.2125165755378122e+27
4163.0,53.38820293954358,8.731190263212689,2.2041224236901585e+27
4173.0,53.38818058798201,8.731187949662283,2.195780143853395e+27
4183.0,53.38815831334717,8.731185644074003,2.1874892923275578e+27
4193.0,53.38813611519077,8.731183346401453,2.179249430256391e+27
4203.0,53.3881139930682,8.731181056598615,2.1710601235630806e+27
4213.0,53.388091946538495,8.731178774619849,2.162920942886989e+27
4223.0,53.38806997516428,8.731176500419886,2.1548314635213748e+27
4233.0,53.38804807851174,8.731174233953832,2.1467912653520822e+27
4243.0,53.38802625615058,8.731171975177144,2.1387999327971793e+27
4253.0,53.38800450765402,8.731169724045655,2.1308570547475294e+27
4263.0,53.38798283259868,8.731167480515547,2.1229622245082784e+27
4273.0,53.38796123056464,8.731165244543355,2.115115039741246e+27
4283.0,53.38793970113533,8.731163016085965,2.107315102408197e+27
4293.0,53.38791824389754,8.73116079510061,2.0995620187149845e+27
4303.0,53.38789685844136,8.731158581544866,2.0918553990565467e+27
4313.0,53.387875544360156,8.731156375376646,2.0841948579627403e+27
4323.0,53.38785430125055,8.731154176554199,2.0765800140449996e+27
4333.0,53.387833128712344,8.731151985036105,2.0690104899438047e+27
4343.0,53.38781202634854,8.731149800781278,2.0614859122769458e+27
4353.0,53.38779099376527,8.73114762374895,2.054005911588567e+27
4363.0,53.38777003057179,8.731145453898678,2.0465701222989805e+27
4373.0,53.38774913638041,8.731143291190339,2.0391781826552347e+27
4383.0,53.38772831080651,8.731141135584124,2.031829734682423e+27
4393.0,53.38770755346848,8.731138987040538,2.024524424135723e+27
4403.0,53.3876868639877,8.73113684552039,2.017261900453151e+27
4413.0,53.387666241988505,8.731134710984803,2.0100418167090202e+27
4423.0,53.38764568709815,8.731132583395194,2.002863829568093e+27
4433.0,53.38762519894679,8.731130462713288,1.9957275992404108e+27
4443.0,53.38760477716746,8.731128348901102,1.9886327894367942e+27
4453.0,53.387584421396014,8.731126241920947,1.9815790673249993e+27
4463.0,53.387564131271134,8.731124141735426,1.97456610348652e+27
4473.0,53.387543906434274,8.731122048307432,1.967593571874028e+27
4483.0,53.38752374652966,8.731119961600141,1.9606611497694318e+27
4493.0,53.38750365120423,8.731117881577012,1.953768517742556e+27
4503.0,53.38748362010762,8.73111580820178,1.946915359610418e+27
4513.0,53.387463652892166,8.731113741438463,1.9401013623971028e+27
4523.0,53.38744374921283,8.73111168125135,1.9333262162942188e+27
4533.0,53.3874239087272,8.731109627605003,1.9265896146219276e+27
4543.0,53.38740413109547,8.731107580464249,1.9198912537905384e+27
4553.0,53.38738441598041,8.731105539794186,1.9132308332626568e+27
4563.0,53.3873647630473,8.73110350556017,1.9066080555158793e+27
4573.0,53.38734517196399,8.731101477727824,1.9000226260060245e+27
4583.0,53.3873256424008,8.731099456263026,1.8934742531308902e+27
4593.0,53.387306174030535,8.731097441131912,1.8869626481945325e+27
4603.0,53.38728676652843,8.731095432300867,1.880487525372053e+27
4613.0,53.38726741957217,8.731093429736534,1.874048601674889e+27
4623.0,53.38724813284182,8.731091433405796,1.8676455969165943e+27
4633.0,53.38722890601984,8.731089443275792,1.8612782336791138e+27
4643.0,53.38720973879105,8.731087459313896,1.854946237279525e+27
4653.0,53.38719063084258,8.73108548148773,1.848649335737259e+27
4663.0,53.387171581863896,8.731083509765151,1.8423872597417768e+27
4673.0,53.387152591546744,8.731081544114256,1.8361597426207058e+27
4683.0,53.38713365958514,8.731079584503373,1.8299665203084206e+27
4693.0,53.38711478567534,8.73107763090107,1.8238073313150648e+27
4703.0,53.387095969515826,8.731075683276133,1.8176819166960057e+27
4713.0,53.3870772108073,8.73107374159759,1.8115900200217174e+27
4723.0,53.387058509252626,8.731071805834684,1.80553138734808e+27
4733.0,53.38703986455684,8.731069875956889,1.7995057671870937e+27
4743.0,53.38702127642712,8.731067951933895,1.7935129104779976e+27
4753.0,53.387002744572776,8.731066033735615,1.7875525705587892e+27
4763.0,53.386984268705206,8.731064121332182,1.7816245031381374e+27
4773.0,53.3869658485379,8.731062214693939,1.7757284662676815e+27
4783.0,53.3869474837864,8.731060313791446,1.7698642203147102e+27
4793.0,53.38692917416831,8.731058418595476,1.7640315279352188e+27
4803.0,53.38691091940325,8.731056529077005,1.7582301540473313e+27
4813.0,53.386892719212845,8.731054645207227,1.752459865805089e+27
4823.0,53.38687457332071,8.73105276695753,1.7467204325725947e+27
4833.0,53.38685648145243,8.731050894299516,1.7410116258985086e+27
4843.0,53.386838443335556,8.731049027204985,1.7353332194908917e+27
4853.0,53.38682045869955,8.731047165645938,1.729684989192389e+27
4863.0,53.38680252727581,8.73104530959457,1.7240667129557497e+27
4873.0,53.386784648797615,8.731043459023281,1.718478170819675e+27
4883.0,53.38676682300014,8.731041613904656,1.7129191448849958e+27
4893.0,53.38674904962041,8.731039774211482,1.7073894192911658e+27
4903.0,53.386731328397325,8.73103793991673,1.701888780193072e+27
4913.0,53.38671365907158,8.731036110993566,1.6964170157381567e+27
4923.0,53.38669604138572,8.731034287415339,1.6909739160438435e+27
4933.0,53.386678475084054,8.731032469155588,1.6855592731752644e+27
4943.0,53.3866609599127,8.731030656188036,1.680172881123284e+27
4953.0,53.38664349561953,8.731028848486586,1.674814535782815e+27
4963.0,53.38662608195417,8.731027046025325,1.6694840349314214e+27
4973.0,53.38660871866797,8.731025248778517,1.6641811782082042e+27
4983.0,53.38659140551401,8.731023456720603,1.658905767092966e+27
4993.0,53.38657414224707,8.731021669826209,1.6536576048856497e+27
5003.0,53.38655692862362,8.731019888070124,1.6484364966860487e+27
