Time,Mass,Radius,Lx
23.0,53.47334005120631,8.74,1.3e+30
33.0,53.46941848012631,8.739594320585239,2.6254430769169112e+29
43.0,53.46835288125793,8.739484084428101,8.125000000000072e+28
53.0,53.467772411231074,8.739424034489456,7.426368236754493e+28
63.0,53.46723388980417,8.739368323942195,6.894438694426062e+28
73.0,53.46672822702911,8.739316012465808,6.471228435906223e+28
83.0,53.46624926700998,8.739266463257017,6.123675431864401e+28
93.0,53.46579260266475,8.739219220420951,5.831338311530708e+28
103.0,53.46535494522099,8.739173943747693,5.580794683491194e+28
113.0,53.464933760056816,8.739130371041329,5.3628105282020245e+28
123.0,53.46452704275765,8.739088294953838,5.17079246256987e+28
133.0,53.46413317440248,8.739047548014984,4.999887250044112e+28
143.0,53.463750824211324,8.739007992561563,4.846430887058217e+28
153.0,53.46337888183462,8.738969513733005,4.707597256923129e+28
163.0,53.46301640891766,8.738932014460891,4.581166083794146e+28
173.0,53.462662603611385,8.738895411797738,4.465365033814804e+28
183.0,53.462316774023535,8.738859634170632,4.358759462810436e+28
193.0,53.46197831799439,8.738824619289096,4.260173679432677e+28
203.0,53.46164670744205,8.738790312525682,4.168633588358353e+28
213.0,53.46132147607157,8.738756665644532,4.0833241655996765e+28
223.0,53.46100220960167,8.738723635790365,4.003557430124117e+28
233.0,53.46068853790421,8.738691184675343,3.928747977000493e+28
243.0,53.46038012861616,8.738659277918256,3.8583940460351e+28
253.0,53.46007668189945,8.738627884502453,3.7920627020956535e+28
263.0,53.459777926105296,8.73859697632733,3.729378110248499e+28
273.0,53.459483614158565,8.738566527834308,3.6700121686874417e+28
283.0,53.45919352052075,8.738536515692678,3.613676958017682e+28
293.0,53.45890743862185,8.73850691853392,3.5601186041825752e+28
303.0,53.45862517867529,8.738477716725686,3.509112252060391e+28
313.0,53.45834656580807,8.738448892178361,3.4604579193734174e+28
323.0,53.45807143845201,8.73842042817865,3.413977054036594e+28
333.0,53.45779964695279,8.73839230924568,3.3695096578945346e+28
343.0,53.45753105236169,8.738364521006028,3.3269118697439627e+28
353.0,53.45726552538125,8.738337050084636,3.286053923273607e+28
363.0,53.45700294544174,8.738309884009293,3.2468184129650017e+28
373.0,53.456743199888734,8.738283011126578,3.2090988144421355e+28
383.0,53.45648618326616,8.738256420527703,3.172798216220018e+28
393.0,53.456231796681074,8.738230101982806,3.1378282280030335e+28
403.0,53.455979947239314,8.738204045882563,3.10410803715654e+28
413.0,53.45573054754231,8.738178243186141,3.0715635901170065e+28
423.0,53.4554835152373,8.738152685374667,3.0401268796158984e+28
433.0,53.45523877261405,8.738127364409516,3.0097353218967007e+28
443.0,53.45499624624237,8.738102272694803,2.9803312107757257e+28
453.0,53.454755866645385,8.738077403043603,2.951861237568172e+28
463.0,53.45451756800448,8.738052748647405,2.924276067673974e+28
473.0,53.454281287892066,8.73802830304849,2.897529966073044e+28
483.0,53.4540469670291,8.738004060114832,2.8715804651790665e+28
493.0,53.45381454906464,8.737980014017307,2.8463880694941838e+28
503.0,53.45358398037491,8.737956159208895,2.821915992332692e+28
513.0,53.45335520987991,8.73793249040572,2.7981299205711427e+28
523.0,53.45312818887566,8.737909002569685,2.7749978039597874e+28
533.0,53.452902870880486,8.737885690892584,2.752489666016021e+28
543.0,53.45267921149399,8.737862550781504,2.730577433930342e+28
553.0,53.4524571682673,8.737839577845406,2.709234785262432e+28
563.0,53.452236700583725,8.737816767882778,2.688437009499774e+28
573.0,53.45201776954858,8.737794116870244,2.6681608828024535e+28
583.0,53.4518003378875,8.737771620952033,2.648384554472521e+28
593.0,53.45158436985238,8.737749276430263,2.6290874438703195e+28
603.0,53.45136983113427,8.73772707975592,2.6102501466583766e+28
613.0,53.451156688782596,8.737705027520509,2.5918543493897874e+28
623.0,53.450944911130144,8.737683116448286,2.573882751575808e+28
633.0,53.45073446772334,8.737661343389055,2.5563189944694234e+28
643.0,53.45052532925736,8.73763970531145,2.5391475958902273e+28
653.0,53.45031746751561,8.737618199296673,2.522353890493091e+28
663.0,53.45011085531337,8.737596822532671,2.5059239749503273e+28
673.0,53.449905466445045,8.737575572308671,2.4898446575758708e+28
683.0,53.44970127563495,8.737554446010098,2.474103411971505e+28
693.0,53.4494982584912,8.737533441113795,2.458688334320379e+28
703.0,53.449296391462504,8.737512555183564,2.44358810399283e+28
713.0,53.449095651797734,8.737491785865977,2.4287919471645745e+28
723.0,53.44889601750787,8.737471130886439,2.4142896031782987e+28
733.0,53.44869746733033,8.737450588045503,2.4000712934070193e+28
743.0,53.44849998069541,8.737430155215394,2.3861276924018707e+28
753.0,53.448303537694706,8.737409830336748,2.3724499011284936e+28
763.0,53.448108119051376,8.737389611415527,2.359029422115335e+28
773.0,53.44791370609208,8.737369496520122,2.3458581363542326e+28
783.0,53.44772028072058,8.737349483778624,2.332928281808844e+28
793.0,53.447527825392754,8.737329571376234,2.3202324334000776e+28
803.0,53.44733632309302,8.73730975755283,2.3077634843498247e+28
813.0,53.44714575731203,8.737290040600652,2.2955146287751747e+28
823.0,53.4469561120256,8.737270418862133,2.2834793454350823e+28
833.0,53.446767371674746,8.737250890727822,2.2716513825402087e+28
843.0,53.44657952114674,8.737231454634433,2.260024743544564e+28
853.0,53.44639254575719,8.737212109062988,2.2485936738446955e+28
863.0,53.44620643123306,8.737192852537058,2.2373526483185693e+28
873.0,53.446021163696464,8.737173683621098,2.2262963596420952e+28
883.0,53.445836729649386,8.737154600918847,2.215419707326484e+28
893.0,53.44565311595909,8.737135603071838,2.20471778742436e+28
903.0,53.44547030984425,8.73711668875795,2.1941858828568587e+28
913.0,53.44528829886177,8.737097856690053,2.1838194543178387e+28
923.0,53.445107070894245,8.737079105614704,2.17361413171487e+28
933.0,53.444926614138005,8.737060434310916,2.163565706109901e+28
943.0,53.44474691709171,8.737041841588978,2.1536701221254196e+28
953.0,53.44456796854551,8.737023326289322,2.1439234707846077e+28
963.0,53.44438975757065,8.73700488728147,2.1343219827564263e+28
973.0,53.444212273509585,8.736986523462992,2.124862021978793e+28
983.0,53.44403550596658,8.736968233758539,2.1155400796350374e+28
993.0,53.44385944479864,8.736950017118907,2.106352768460707e+28
1003.0,53.44368417192084,8.736931882019945,2.090081135351165e+28
1013.0,53.44351095058691,8.736913959168259,2.057564507998924e+28
1023.0,53.44334018428293,8.73689629031255,2.0258657787155107e+28
1033.0,53.44317181462819,8.736878869413163,1.9949566780668547e+28
1043.0,53.44300578517958,8.736861690630885,1.9648101746444167e+28
1053.0,53.442842041349444,8.73684474831844,1.9354004096365916e+28
1063.0,53.4426805303276,8.736828037012435,1.90670263543932e+28
1073.0,53.44252120100738,8.736811551425696,1.8786931580213176e+28
1083.0,53.44236400391539,8.736795286440014,1.851349282781836e+28
1093.0,53.442208891144745,8.736779237099228,1.824649263659377e+28
1103.0,53.44205581629171,8.736763398602681,1.7985722552685233e+28
1113.0,53.441904734395365,8.736747766298969,1.7730982678592005e+28
1123.0,53.44175560188023,8.736732335680012,1.748208124908331e+28
1133.0,53.441608376501705,8.736717102375412,1.723883423168225e+28
1143.0,53.44146301729404,8.73670206214706,1.700106495009184e+28
1153.0,53.44131948452086,8.736687210884034,1.6768603729058693e+28
1163.0,53.441177739627946,8.736672544597699,1.6541287559280541e+28
1173.0,53.441037745198265,8.736658059417065,1.6318959781065499e+28
1183.0,53.44089946490904,8.736643751584344,1.6101469785544454e+28
1193.0,53.44076286349081,8.73662961745071,1.588867273232399e+28
1203.0,53.44062790668837,8.736615653472267,1.5680429282546348e+28
1213.0,53.44049456122342,8.736601856206176,1.5476605346395964e+28
1223.0,53.44036279475892,8.736588222306978,1.5277071844159233e+28
1233.0,53.440232575865025,8.736574748523056,1.5081704480006252e+28
1243.0,53.44010387398651,8.73656143169328,1.4890383527720523e+28
1253.0,53.439976659411606,8.736548268743777,1.4702993627655415e+28
1263.0,53.43985090324221,8.736535256684844,1.4519423594245204e+28
1273.0,53.439726577365356,8.736522392608006,1.433956623344352e+28
1283.0,53.4396036544259,8.736509673683182,1.41633181695041e+28
1293.0,53.43948210780038,8.736497097155992,1.3990579680557288e+28
1303.0,53.43936191157193,8.736484660345145,1.3821254542471741e+28
1313.0,53.439243040506305,8.73647236063998,1.3655249880524102e+28
1323.0,53.43912547002883,8.736460195498056,1.3492476028430196e+28
1333.0,53.43900917620232,8.7364481624429,1.333284639432007e+28
1343.0,53.43889413570593,8.736436259061783,1.3176277333265775e+28
1353.0,53.4387803258148,8.736424483003645,1.3022688025995552e+28
1363.0,53.43866772438055,8.736412831977061,1.2872000363451093e+28
1373.0,53.43855630981257,8.736401303748304,1.272413883686598e+28
1383.0,53.438446061060006,8.736389896139492,1.257903043306326e+28
1393.0,53.43833695759447,8.736378607026795,1.2436604534688825e+28
1403.0,53.43822897939346,8.736367434338714,1.2296792825114366e+28
1413.0,53.43812210692433,8.736356376054433,1.2159529197759997e+28
1423.0,53.438016321129005,8.736345430202224,1.2024749669601522e+28
1433.0,53.43791160340914,8.736334594857926,1.1892392298641452e+28
1443.0,53.437807935611964,8.736323868143478,1.1762397105136008e+28
1453.0,53.43770530001656,8.736313248225485,1.1634705996382474e+28
1463.0,53.43760367932072,8.73630273331388,1.1509262694882854e+28
1473.0,53.43750305662827,8.736292321660596,1.1386012669710393e+28
1483.0,53.43740341543684,8.736282011558309,1.1264903070915544e+28
1493.0,53.43730473962611,8.73627180133922,1.114588266681745e+28
1503.0,53.43720701344646,8.736261689373878,1.102890178403556e+28
1513.0,53.43711022150808,8.736251674070058,1.0913912250124469e+28
1523.0,53.43701434877038,8.736241753871667,1.0800867338682597e+28
1533.0,53.43691938053189,8.736231927257691,1.0689721716812628e+28
1543.0,53.436825302420395,8.736222192741181,1.058043139481841e+28
1553.0,53.43673210038352,8.736212548868277,1.0472953678029298e+28
1563.0,53.43663976067961,8.736202994217262,1.036724712064904e+28
1573.0,53.436548269868894,8.736193527397656,1.0263271481531739e+28
1583.0,53.436457614805,8.736184147049332,1.0160987681792809e+28
1593.0,53.436367782626725,8.736174851841659,1.0060357764167797e+28
1603.0,53.43627876075013,8.736165640472697,9.961344854036515e+27
1613.0,53.43619053686084,8.736156511668394,9.863913122034388e+27
1623.0,53.43610309890668,8.736147464181819,9.768027748177005e+27
1633.0,53.43601643509046,8.736138496792426,9.67365488742779e+27
1643.0,53.435930533863115,8.736129608305339,9.580761636642259e+27
1653.0,53.43584538391697,8.736120797550651,9.489316002825918e+27
1663.0,53.435760974179296,8.736112063382764,9.399286872645987e+27
1673.0,53.435677293806016,8.73610340467974,9.310643983140233e+27
1683.0,53.43559433217568,8.736094820342666,9.223357893569133e+27
1693.0,53.4355120788836,8.736086309295057,9.137399958360179e+27
1703.0,53.43543052373614,8.73607787048227,9.05274230109589e+27
1713.0,53.43534965674526,8.736069502870917,8.96935778949935e+27
1723.0,53.43526946812318,8.736061205448344,8.887220011373481e+27
1733.0,53.43518994827725,8.736052977222077,8.806303251452434e+27
1743.0,53.43511108780491,8.736044817219307,8.726582469125438e+27
1753.0,53.43503287748893,8.736036724486402,8.648033276995488e+27
1763.0,53.43495530829264,8.736028698088413,8.570631920237025e+27
1773.0,53.43487837135547,8.7360207371086,8.49435525671848e+27
1783.0,53.43480205798846,8.736012840647989,8.419180737857249e+27
1793.0,53.4347263596701,8.736005007824923,8.345086390176169e+27
1803.0,53.4346512680421,8.735997237774633,8.272050797532034e+27
1813.0,53.434576774905416,8.735989529648826,8.200053083988135e+27
1823.0,53.43450287221635,8.73598188261528,8.129072897304038e+27
1833.0,53.434429552082776,8.735974295857455,8.059090393017164e+27
1843.0,53.434356806760476,8.73596676857411,7.990086219091827e+27
1853.0,53.434284628649564,8.735959299978946,7.922041501112572e+27
1863.0,53.43421301029106,8.73595188930023,7.854937827999701e+27
1873.0,53.43414194436352,8.735944535780465,7.788757238225886e+27
1883.0,53.434071423679775,8.735937238676048,7.723482206513706e+27
1893.0,53.434001441183796,8.735929997256934,7.659095630994922e+27
1903.0,53.43393198994759,8.735922810806334,7.595580820813075e+27
1913.0,53.43386306316824,8.735915678620398,7.532921484151906e+27
1923.0,53.433794654165,8.735908600007908,7.471101716672822e+27
1933.0,53.43372675637647,8.735901574290004,7.410105990345382e+27
1943.0,53.43365936335788,8.735894600799888,7.349919142655515e+27
1953.0,53.43359246877841,8.735887678882545,7.290526366176811e+27
1963.0,53.433526066418594,8.735880807894493,7.231913198490886e+27
1973.0,53.43346015016783,8.735873987203501,7.174065512443448e+27
1983.0,53.43339471402193,8.735867216188357,7.116969506723222e+27
1993.0,53.433329752080716,8.735860494238604,7.060611696751503e+27
2003.0,53.43326525854573,8.73585382075431,7.004978905870561e+27
2013.0,53.43320122771798,8.735847195145835,6.9500582568197e+27
2023.0,53.43313765399574,8.735840616833602,6.895837163488174e+27
2033.0,53.43307453187243,8.735834085247879,6.842303322934677e+27
2043.0,53.43301185593452,8.735827599828555,6.78944470766351e+27
2053.0,53.432949620859524,8.735821160024948,6.737249558147974e+27
2063.0,53.43288782141405,8.735814765295583,6.685706375591914e+27
2073.0,53.432826452451856,8.73580841510801,6.634803914920715e+27
2083.0,53.432765508912,8.735802108938604,6.584531177993409e+27
2093.0,53.43270498581702,8.735795846272369,6.534877407027916e+27
2103.0,53.43264487827117,8.73578962660277,6.485832078231711e+27
2113.0,53.43258518145869,8.735783449431548,6.437384895630586e+27
2123.0,53.43252589064215,8.735777314268542,6.389525785088442e+27
2133.0,53.43246700116077,8.73577122063153,6.342244888511314e+27
2143.0,53.432408508428864,8.735765168046052,6.295532558229129e+27
2153.0,53.43235040793429,8.73575915604526,6.24937935154897e+27
2163.0,53.43229269523689,8.735753184169752,6.203776025473794e+27
2173.0,53.43223536596706,8.735747251967428,6.158713531580889e+27
2183.0,53.432178415824296,8.735741358993334,6.114183011054509e+27
2193.0,53.43212184057578,8.735735504809522,6.070175789867359e+27
2203.0,53.43206563605503,8.735729688984906,6.026683374105825e+27
2213.0,53.432009798160536,8.73572391109512,5.983697445434027e+27
2223.0,53.431954322854494,8.735718170722393,5.941209856691981e+27
2233.0,53.43189920616151,8.735712467455409,5.899212627623287e+27
2243.0,53.43184444416737,8.735706800889181,5.857697940728021e+27
2253.0,53.43179003301782,8.735701170624926,5.816658137236578e+27
2263.0,53.4317359689174,8.735695576269947,5.776085713200457e+27
2273.0,53.43168224812829,8.735690017437504,5.735973315696062e+27
2283.0,53.43162886696917,8.73568449374671,5.696313739137784e+27
2293.0,53.431575821814135,8.735679004822407,5.65709992169678e+27
2303.0,53.43152310909163,8.735673550295058,5.618324941821917e+27
2313.0,53.43147072528338,8.735668129800645,5.579982014859597e+27
2323.0,53.4314186669234,8.735662742980557,5.5420644897692e+27
2333.0,53.431366930596965,8.735657389481482,5.504565845931068e+27
2343.0,53.431315512939655,8.735652068955318,5.467479690044014e+27
2353.0,53.4312644106364,8.735646781059069,5.430799753109507e+27
2363.0,53.43121362042055,8.735641525454747,5.394519887499714e+27
2373.0,53.43116313907295,8.735636301809278,5.358634064106775e+27
2383.0,53.43111296342108,8.735631109794411,5.323136369570685e+27
2393.0,53.43106309033817,8.735625949086632,5.288021003583316e+27
2403.0,53.431013516742354,8.735620819367073,5.253282276266181e+27
2413.0,53.43096423959584,8.73561572032142,5.218914605619628e+27
2423.0,53.430915255904104,8.735610651639844,5.184912515041214e+27
2433.0,53.430866562715096,8.735605613016904,5.151270630911126e+27
2443.0,53.43081815711846,8.735600604151479,5.117983680242569e+27
2453.0,53.430770036244795,8.735595624746678,5.085046488395105e+27
2463.0,53.43072219726489,8.735590674509771,5.052453976849009e+27
2473.0,53.430674637389025,8.735585753152117,5.020201161038791e+27
2483.0,53.43062735386623,8.73558086038908,4.98828314824405e+27
2493.0,53.43058034398363,8.73557599593997,4.956695135535962e+27
2503.0,53.43053360506574,8.735571159527959,4.925432407777659e+27
2513.0,53.43048713447383,8.73556635088003,4.8944903356769395e+27
2523.0,53.43044092960523,8.735561569726888,4.863864373889693e+27
2533.0,53.430394987892754,8.735556815802916,4.833550059172542e+27
2543.0,53.430349306804025,8.735552088846095,4.803543008583241e+27
2553.0,53.43030388384091,8.73554738859795,4.773838917727393e+27
2563.0,53.43025871653888,8.735542714803486,4.7444335590501514e+27
2573.0,53.4302138024665,8.735538067211126,4.7153227801715404e+27
2583.0,53.430169139224766,8.735533445572651,4.686502502264155e+27
2593.0,53.43012472444663,8.735528849643151,4.657968718471975e+27
2603.0,53.4300805557964,8.735524279180957,4.629717492369114e+27
2613.0,53.43003663096924,8.735519733947593,4.601744956457332e+27
2623.0,53.42999294769062,8.735515213707718,4.574047310701211e+27
2633.0,53.42994950371582,8.735510718229076,4.546620821099889e+27
2643.0,53.429906296829415,8.735506247282446,4.51946181829432e+27
2653.0,53.429863324844796,8.73550180064158,4.4925666962090457e+27
2663.0,53.42982058560368,8.735497378083169,4.4659319107274855e+27
2673.0,53.429778076975644,8.73549297938678,4.439553978399809e+27
2683.0,53.42973579685766,8.73548860433482,4.4134294751824675e+27
2693.0,53.429693743173644,8.735484252712478,4.3875550352084826e+27
2703.0,53.429651913874,8.735479924307688,4.361927349587651e+27
2713.0,53.42961030693519,8.73547561891108,4.3365431652358174e+27
2723.0,53.42956892035934,8.735471336315934,4.3113992837324027e+27
2733.0,53.42952775217376,8.735467076318145,4.28649256020542e+27
2743.0,53.4294868004306,8.735462838716167,4.2618199022432046e+27
2753.0,53.429446063206406,8.735458623310988,4.2373782688321333e+27
2763.0,53.429405538601735,8.735454429906074,4.213164669319616e+27
2773.0,53.42936522474078,8.73545025830734,4.1891761624016685e+27
2783.0,53.42932511977098,8.735446108323103,4.165409855134403e+27
2793.0,53.429285221862656,8.735441979764051,4.1418629019687787e+27
2803.0,53.42924552920866,8.735437872443198,4.118532503807997e+27
2813.0,53.42920604002398,8.735433786175856,4.095415907086919e+27
2823.0,53.42916675254543,8.735429720779589,4.072510402872924e+27
2833.0,53.429127665031295,8.735425676074184,4.0498133259876243e+27
2843.0,53.42908877576099,8.735421651881612,4.0273220541488994e+27
2853.0,53.429050083034724,8.735417648026004,4.0050340071326904e+27
2863.0,53.4290115851732,8.735413664333601,3.982946645954044e+27
2873.0,53.42897328051727,8.735409700632735,3.961057472066896e+27
2883.0,53.428935167427646,8.73540575675379,3.939364026582101e+27
2893.0,53.42889724428458,8.735401832529172,3.917863889503228e+27
2903.0,53.428859509487566,8.73539792779328,3.896554678979668e+27
2913.0,53.428821961455064,8.735394042382474,3.8754340505765916e+27
2923.0,53.428784598624176,8.735390176135041,3.8544996965613276e+27
2933.0,53.4287474194504,8.735386328891176,3.8337493452057357e+27
2943.0,53.42871042240733,8.735382500492939,3.8131807601041674e+27
2953.0,53.428673605986376,8.735378690784241,3.792791739506602e+27
2963.0,53.42863696869653,8.735374899610811,3.7725801156665846e+27
2973.0,53.42860050906407,8.735371126820159,3.7525437542035844e+27
2983.0,53.428564225632314,8.735367372261564,3.732680553479397e+27
2993.0,53.42852811696137,8.735363635786046,3.7129884439882546e+27
3003.0,53.428492181627874,8.735359917246326,3.6934653877602815e+27
3013.0,53.42845641822477,8.73535621649682,3.674109377777966e+27
3023.0,53.42842082536104,8.735352533393598,3.654918437405324e+27
3033.0,53.42838540166149,8.735348867794373,3.635890619829437e+27
3043.0,53.42835014576651,8.735345219558464,3.617024007514053e+27
3053.0,53.428315056331854,8.735341588546785,3.5983167116649533e+27
3063.0,53.428280132028405,8.73533797462181,3.5797668717067947e+27
3073.0,53.42824537154197,8.735334377647563,3.5613726547711475e+27
3083.0,53.42821077357304,8.735330797489581,3.5431322551954445e+27
3093.0,53.42817633683662,8.73532723401491,3.5250438940325866e+27
3103.0,53.42814206006198,8.735323687092066,3.507105818570932e+27
3113.0,53.42810794199247,8.735320156591024,3.489316301864428e+27
3123.0,53.428073981385324,8.735316642383196,3.471673642272632e+27
3133.0,53.42804017701144,8.735313144341408,3.454176163010385e+27
3143.0,53.428006527655214,8.73530966233988,3.4368222117069026e+27
3153.0,53.42797303211434,8.73530619625421,3.4196101599740676e+27
3163.0,53.427939689199604,8.73530274596135,3.402538402983684e+27
3173.0,53.42790649773474,8.735299311339594,3.3856053590535004e+27
3183.0,53.427873456556206,8.73529589226855,3.368809469241778e+27
3193.0,53.42784056451303,8.735292488629124,3.352149196950212e+27
3203.0,53.42780782046665,8.735289100303511,3.335623027534996e+27
3213.0,53.42777522329069,8.735285727175164,3.3192294679258525e+27
3223.0,53.42774277187085,8.73528236912879,3.302967046252831e+27
3233.0,53.4277104651047,8.735279026050316,3.2868343114806943e+27
3243.0,53.42767830190156,8.735275697826891,3.2708298330507214e+27
3253.0,53.42764628118228,8.735272384346855,3.2549522005297456e+27
3263.0,53.427614401879126,8.73526908549973,3.239200023266266e+27
3273.0,53.42758266293561,8.735265801176201,3.223571930053467e+27
3283.0,53.42755106330636,8.735262531268102,3.208066568798985e+27
3293.0,53.42751960195692,8.7352592756684,3.192682606201272e+27
3303.0,53.42748827786364,8.735256034271174,3.177418727432395e+27
3313.0,53.42745709001354,8.735252806971612,3.1622736358271376e+27
3323.0,53.427426037404146,8.735249593665989,3.147246052578246e+27
3333.0,53.42739511904335,8.73524639425165,3.1323347164376943e+27
3343.0,53.427364333949264,8.735243208626999,3.117538383423817e+27
3353.0,53.427333681150124,8.735240036691488,3.102855826534189e+27
3363.0,53.42730315968411,8.735236878345594,3.0882858354641207e+27
3373.0,53.42727276859924,8.735233733490817,3.073827216330632e+27
3383.0,53.42724250695323,8.73523060202966,3.059478791401804e+27
3393.0,53.427212373813376,8.735227483865613,3.0452393988313605e+27
3403.0,53.427182368256425,8.735224378903146,3.031107892398391e+27
3413.0,53.42715248936845,8.735221287047697,3.017083141252077e+27
3423.0,53.42712273624473,8.735218208205652,3.003164029661331e+27
3433.0,53.42709310798963,8.73521514228434,2.989349456769218e+27
3443.0,53.42706360371647,8.735212089192013,2.9756383363520846e+27
3453.0,53.42703422254744,8.735209048837845,2.962029596583257e+27
3463.0,53.42700496361347,8.735206021131916,2.9485221798012355e+27
3473.0,53.42697582605411,8.735203005985188,2.9351150422822746e+27
3483.0,53.42694680901743,8.735200003309515,2.921807154017258e+27
3493.0,53.426917911659906,8.735197013017617,2.9085974984927695e+27
3503.0,53.426889133146325,8.735194035023072,2.8954850724762775e+27
3513.0,53.42686047264966,8.735191069240308,2.882468885805339e+27
3523.0,53.426831929350975,8.735188115584588,2.8695479611807346e+27
3533.0,53.426803502439334,8.735185173972004,2.856721333963461e+27
3543.0,53.426775191111695,8.735182244319464,2.8439880519754775e+27
3553.0,53.426746994572795,8.735179326544682,2.831347175304157e+27
3563.0,53.42671891203507,8.735176420566168,2.818797776110331e+27
3573.0,53.426690942718565,8.735173526303218,2.806338938439876e+27
3583.0,53.42666308585082,8.735170643675904,2.793969758038752e+27
3593.0,53.426635340666785,8.735167772605067,2.78168934217143e+27
3603.0,53.42660770640874,8.735164913012303,2.7694968094426294e+27
3613.0,53.426580182326184,8.73516206481996,2.7573912896223036e+27
3623.0,53.426552767675766,8.73515922795112,2.7453719234737977e+27
3633.0,53.42652546172118,8.735156402329595,2.733437862585118e+27
3643.0,53.42649826373309,8.735153587879923,2.7215882692032513e+27
3653.0,53.42647117298905,8.735150784527349,2.7098223160714554e+27
3663.0,53.4264441887734,8.735147992197826,2.698139186269483e+27
3673.0,53.42641731037721,8.735145210817993,2.6865380730566553e+27
3683.0,53.42639053709818,8.73514244031519,2.675018179717748e+27
3693.0,53.426363868240564,8.735139680617422,2.6635787194116096e+27
3703.0,53.42633730311509,8.73513693165337,2.6522189150224764e+27
3713.0,53.42631084103889,8.735134193352378,2.6409379990139167e+27
3723.0,53.42628448133542,8.735131465644441,2.6297352132853547e+27
3733.0,53.426258223334386,8.735128748460202,2.618609809031123e+27
3743.0,53.426232066371654,8.735126041730945,2.607561046601993e+27
3753.0,53.4262060097892,8.735123345388581,2.596588195369125e+27
3763.0,53.426180052935024,8.735120659365647,2.5856905335904005e+27
3773.0,53.426154195163086,8.735117983595297,2.574867348279084e+27
3783.0,53.42612843583323,8.735115318011289,2.564117935074767e+27
3793.0,53.42610277431112,8.735112662547992,2.5534415981165473e+27
3803.0,53.42607720996816,8.735110017140363,2.5428376499184034e+27
3813.0,53.42605174218146,8.735107381723946,2.5323054112467183e+27
3823.0,53.426026370333716,8.735104756234874,2.521844210999908e+27
3833.0,53.42600109381319,8.735102140609843,2.511453386090116e+27
3843.0,53.42597591201364,8.73509953478613,2.501132281326932e+27
3853.0,53.42595082433423,8.73509693870156,2.490880249303095e+27
3863.0,53.425925830179494,8.735094352294523,2.480696650282143e+27
3873.0,53.42590092895927,8.73509177550395,2.4705808520879673e+27
3883.0,53.425876120088624,8.735089208269319,2.4605322299962407e+27
3893.0,53.4258514029878,8.735086650530642,2.450550166627677e+27
3903.0,53.42582677708218,8.735084102228459,2.44063405184309e+27
3913.0,53.42580224180219,8.735081563303838,2.4307832826402154e+27
3923.0,53.425777796583255,8.73507903369836,2.4209972630522625e+27
3933.0,53.42575344086577,8.735076513354123,2.411275404048163e+27
3943.0,53.425729174095004,8.735074002213725,2.4016171234344798e+27
3953.0,53.42570499572107,8.735071500220268,2.3920218457589527e+27
3963.0,53.42568090519886,8.735069007317351,2.38248900221564e+27
3973.0,53.425656901988,8.73506652344906,2.373018030551633e+27
3983.0,53.42563298555278,8.735064048559963,2.363608374975309e+27
3993.0,53.42560915536213,8.735061582595106,2.3542594860660962e+27
4003.0,53.425585410889546,8.735059125500015,2.344970820685719e+27
4013.0,53.42556175161304,8.735056677220676,2.3357418418909012e+27
4023.0,53.4255381770151,8.735054237703542,2.3265720188474928e+27
4033.0,53.42551468658264,8.735051806895521,2.3174608267459975e+27
4043.0,53.42549127980694,8.735049384743977,2.308407746718476e+27
4053.0,53.42546795618362,8.735046971196718,2.2994122657567958e+27
4063.0,53.42544471521255,8.735044566201996,2.2904738766322043e+27
4073.0,53.425421556397865,8.735042169708503,2.2815920778162e+27
4083.0,53.425398479247875,8.73503978166536,2.272766373402681e+27
4093.0,53.42537548327502,8.735037402022119,2.2639962730313385e+27
4103.0,53.42535256799584,8.735035030728756,2.2552812918122858e+27
4113.0,53.425329732930926,8.735032667735666,2.2466209502518836e+27
4123.0,53.42530697760488,8.735030312993658,2.2380147741797563e+27
4133.0,53.42528430154628,8.735027966453949,2.2294622946769636e+27
4143.0,53.42526170428759,8.735025628068167,2.2209630480053176e+27
4153.0,53.42523918536519,8.735023297788334,2.2125165755378122e+27
4163.0,53.42521674431928,8.73502097556688,2.2041224236901585e+27
4173.0,53.42519438069385,8.735018661356616,2.195780143853395e+27
4183.0,53.42517209403667,8.735016355110748,2.1874892923275578e+27
4193.0,53.4251498838992,8.735014056782868,2.179249430256391e+27
4203.0,53.425127749836605,8.735011766326945,2.1710601235630806e+27
4213.0,53.42510569140767,8.735009483697326,2.162920942886989e+27
4223.0,53.42508370817479,8.735007208848728,2.1548314635213748e+27
4233.0,53.42506179970391,8.735004941736241,2.1467912653520822e+27
4243.0,53.425039965564515,8.735002682315319,2.1387999327971793e+27
4253.0,53.42501820532957,8.735000430541774,2.1308570547475294e+27
4263.0,53.4249965185755,8.734998186371776,2.1229622245082784e+27
4273.0,53.42497490488213,8.734995949761851,2.115115039741246e+27
4283.0,53.42495336383268,8.734993720668871,2.107315102408197e+27
4293.0,53.424931895013714,8.73499149905006,2.0995620187149845e+27
4303.0,53.4249104980151,8.734989284862976,2.0918553990565467e+27
4313.0,53.42488917242999,8.734987078065524,2.0841948579627403e+27
4323.0,53.424867917854776,8.73498487861594,2.0765800140449996e+27
4333.0,53.424846733889055,8.734982686472794,2.0690104899438047e+27
4343.0,53.42482562013561,8.734980501594984,2.0614859122769458e+27
4353.0,53.42480457620036,8.734978323941732,2.054005911588567e+27
4363.0,53.42478360169234,8.734976153472587,2.0465701222989805e+27
4373.0,53.424762696223674,8.734973990147413,2.0391781826552347e+27
4383.0,53.42474185940952,8.734971833926386,2.031829734682423e+27
4393.0,53.42472109086807,8.734969684770002,2.024524424135723e+27
4403.0,53.42470039022049,8.734967542639062,2.017261900453151e+27
4413.0,53.42467975709091,8.73496540749467,2.0100418167090202e+27
4423.0,53.424659191106386,8.734963279298242,2.002863829568093e+27
4433.0,53.42463869189689,8.734961158011483,1.9957275992404108e+27
4443.0,53.42461825909523,8.734959043596406,1.9886327894367942e+27
4453.0,53.42459789233709,8.734956936015308,1.9815790673249993e+27
4463.0,53.42457759126094,8.734954835230782,1.97456610348652e+27
4473.0,53.42455735550806,8.73495274120571,1.967593571874028e+27
4483.0,53.42453718472246,8.734950653903258,1.9606611497694318e+27
4493.0,53.4245170785509,8.734948573286873,1.953768517742556e+27
4503.0,53.42449703664283,8.734946499320284,1.946915359610418e+27
4513.0,53.424477058650396,8.734944431967493,1.9401013623971028e+27
4523.0,53.42445714422837,8.734942371192783,1.9333262162942188e+27
4533.0,53.42443729303416,8.734940316960705,1.9265896146219276e+27
4543.0,53.42441750472777,8.734938269236075,1.9198912537905384e+27
4553.0,53.42439777897179,8.73493622798398,1.9132308332626568e+27
4563.0,53.424378115431324,8.734934193169769,1.9066080555158793e+27
4573.0,53.42435851377404,8.734932164759055,1.9000226260060245e+27
4583.0,53.424338973670075,8.734930142717703,1.8934742531308902e+27
4593.0,53.42431949479206,8.734928127011841,1.8869626481945325e+27
4603.0,53.424300076815065,8.734926117607849,1.880487525372053e+27
4613.0,53.424280719416586,8.734924114472351,1.874048601674889e+27
4623.0,53.42426142227653,8.734922117572228,1.8676455969165943e+27
4633.0,53.424242185077176,8.734920126874608,1.8612782336791138e+27
4643.0,53.424223007503166,8.734918142346855,1.854946237279525e+27
4653.0,53.42420388924148,8.734916163956582,1.848649335737259e+27
4663.0,53.42418482998141,8.734914191671637,1.8423872597417768e+27
4673.0,53.42416582941453,8.734912225460107,1.8361597426207058e+27
4683.0,53.424146887234684,8.734910265290313,1.8299665203084206e+27
4693.0,53.42412800313798,8.73490831113081,1.8238073313150648e+27
4703.0,53.42410917682273,8.734906362950381,1.8176819166960057e+27
4713.0,53.424090407989475,8.734904420718038,1.8115900200217174e+27
4723.0,53.42407169634092,8.734902484403023,1.80553138734808e+27
4733.0,53.42405304158194,8.734900553974795,1.7995057671870937e+27
4743.0,53.424034443419565,8.73489862940304,1.7935129104779976e+27
4753.0,53.42401590156293,8.73489671065766,1.7875525705587892e+27
4763.0,53.42399741572329,8.734894797708778,1.7816245031381374e+27
4773.0,53.42397898561397,8.734892890526732,1.7757284662676815e+27
4783.0,53.423960610950374,8.734890989082071,1.7698642203147102e+27
4793.0,53.42394229144994,8.734889093345558,1.7640315279352188e+27
4803.0,53.42392402683214,8.734887203288167,1.7582301540473313e+27
4813.0,53.423905816818454,8.734885318881078,1.752459865805089e+27
4823.0,53.42388766113235,8.734883440095675,1.7467204325725947e+27
4833.0,53.42386955949926,8.734881566903551,1.7410116258985086e+27
4843.0,53.423851511646575,8.734879699276494,1.7353332194908917e+27
4853.0,53.42383351730363,8.7348778371865,1.729684989192389e+27
4863.0,53.42381557620166,8.734875980605757,1.7240667129557497e+27
4873.0,53.42379768807382,8.734874129506654,1.718478170819675e+27
4883.0,53.42377985265513,8.734872283861773,1.7129191448849958e+27
4893.0,53.42376206968248,8.734870443643887,1.7073894192911658e+27
4903.0,53.42374433889462,8.734868608825964,1.701888780193072e+27
4913.0,53.423726660032116,8.73486677938116,1.6964170157381567e+27
4923.0,53.42370903283736,8.73486495528282,1.6909739160438435e+27
4933.0,53.42369145705454,8.734863136504472,1.6855592731752644e+27
4943.0,53.42367393242962,8.734861323019832,1.680172881123284e+27
4953.0,53.42365645871035,8.734859514802794,1.674814535782815e+27
4963.0,53.423639035646204,8.734857711827441,1.6694840349314214e+27
4973.0,53.42362166298842,8.734855914068028,1.6641811782082042e+27
4983.0,53.42360434048993,8.734854121498993,1.658905767092966e+27
4993.0,53.42358706790539,8.734852334094946,1.6536576048856497e+27
5003.0,53.42356984499113,8.734850551830675,1.6484364966860487e+27
