Time,Mass,Radius,Lx
23.0,5.4008044830316075,5.59,1.16e+30
23.1,5.393763328054114,5.549701281064404,1.16e+30
23.200000000000003,5.386894272501762,5.510006663737659,1.16e+30
23.300000000000004,5.3801918749715565,5.470904385462071,1.16e+30
23.400000000000006,5.373650895126753,5.432382887352998,1.16e+30
23.500000000000007,5.3672662857253455,5.394430815919101,1.16e+30
23.60000000000001,5.361033184950762,5.357037024166953,1.16e+30
23.70000000000001,5.354946909037107,5.32019057214996,1.16e+30
23.80000000000001,5.349002945180929,5.283880727016843,1.16e+30
23.900000000000013,5.343196944731247,5.248096962610815,1.16e+30
24.000000000000014,5.3375247166493605,5.212828958666281,1.16e+30
24.100000000000016,5.331982221229893,5.1780665996464315,1.16e+30
24.200000000000017,5.326565564074448,5.143799973261361,1.16e+30
24.30000000000002,5.321270990309269,5.110019368703126,1.16e+30
24.40000000000002,5.316094879038355,5.076715274631221,1.16e+30
24.50000000000002,5.311033738023539,5.043878376938955,1.16e+30
24.600000000000023,5.306084198583204,5.011499556328737,1.16e+30
24.700000000000024,5.301243010701399,4.979569885721747,1.16e+30
24.800000000000026,5.296507038339336,4.948080627525324,1.16e+30
24.900000000000027,5.291873254941395,4.9170232307791935,1.16e+30
25.00000000000003,5.2873387391279785,4.886389328199858,1.16e+30
25.10000000000003,5.282900670567766,4.856170733140646,1.16e+30
25.20000000000003,5.278556326022129,4.826359436483314,1.16e+30
25.300000000000033,5.274303075554684,4.796947603475509,1.16e+30
25.400000000000034,5.270138378899199,4.767927570527137,1.16e+30
25.500000000000036,5.266059781979295,4.739291841977369,1.16e+30
25.600000000000037,5.262064913573584,4.711033086842749,1.16e+30
25.70000000000004,5.25815148212016,4.683144135555969,1.16e+30
25.80000000000004,5.254317272654524,4.655617976703766,1.16e+30
25.90000000000004,5.250560143875311,4.628447753771519,1.16e+30
26.000000000000043,5.24687802533233,4.601626761901346,1.16e+30
26.100000000000044,5.2432689147317175,4.575148444669717,1.16e+30
26.200000000000045,5.239730875353147,4.549006390889872,1.16e+30
26.300000000000047,5.23626203357428,4.523194331443781,1.16e+30
26.40000000000005,5.232860576497829,4.497706136147754,1.16e+30
26.50000000000005,5.229524749676789,4.472535810655316,1.16e+30
26.60000000000005,5.2262528549335885,4.447677493400427,1.16e+30
26.700000000000053,5.223043248269086,4.423125452583821,1.16e+30
26.800000000000054,5.219894337857502,4.398874083204664,1.16e+30
26.900000000000055,5.216804582123572,4.3749179041395765,1.16e+30
27.000000000000057,5.2137724878983285,4.351251555270558,1.16e+30
27.10000000000006,5.2107966086501065,4.327869794663199,1.16e+30
27.20000000000006,5.207875542787498,4.304767495796185,1.16e+30
27.30000000000006,5.205007932031137,4.281939644842987,1.16e+30
27.400000000000063,5.202192459851321,4.259381338006305,1.16e+30
27.500000000000064,5.199427849968618,4.23708777890569,1.16e+30
27.600000000000065,5.196712864914729,4.21505427601857,1.16e+30
27.700000000000067,5.194046304650997,4.193276240174834,1.16e+30
27.800000000000068,5.191427005242077,4.171749182104836,1.16e+30
27.90000000000007,5.18885383758238,4.150468710040732,1.16e+30
28.00000000000007,5.186325706173024,4.129430527370788,1.16e+30
28.100000000000072,5.183841547947113,4.108630430346343,1.16e+30
28.200000000000074,5.181400331141278,4.0880643058409305,1.16e+30
28.300000000000075,5.179001054211498,4.067728129161028,1.16e+30
28.400000000000077,5.1766427447913,4.04761796190784,1.16e+30
28.500000000000078,5.17432445869054,4.027729949889407,1.16e+30
28.60000000000008,5.172045278933038,4.008060321082398,1.16e+30
28.70000000000008,5.169804314831412,3.9886053836427595,1.16e+30
28.800000000000082,5.167600701097544,3.969361523964514,1.16e+30
28.900000000000084,5.165433596987174,3.9503252047858153,1.16e+30
29.000000000000085,5.163302185477173,3.9314929633414315,1.16e+30
29.100000000000087,5.161205672474145,3.9128614095608634,1.16e+30
29.200000000000088,5.159143286053021,3.894427224311102,1.16e+30
29.30000000000009,5.157114275724417,3.8761871576832396,1.16e+30
29.40000000000009,5.155117911729543,3.8581380273219863,1.16e+30
29.500000000000092,5.153153484361527,3.840276716797186,1.16e+30
29.600000000000094,5.151220303312059,3.8226001740164537,1.16e+30
29.700000000000095,5.149317697042314,3.805105409678013,1.16e+30
29.800000000000097,5.147445012177151,3.787789495762835,1.16e+30
29.900000000000098,5.145601612921646,3.770649564065162,1.16e+30
30.0000000000001,5.143786880499027,3.7536828047605595,1.16e+30
30.1000000000001,5.142000212609167,3.7368864650106235,1.16e+30
30.200000000000102,5.140241022906774,3.720257847603365,1.16e+30
30.300000000000104,5.138508740498503,3.7037943096285666,1.16e+30
30.400000000000105,5.13680280945822,3.6874932611871305,1.16e+30
30.500000000000107,5.135122688359683,3.6713521641336353,1.16e+30
30.600000000000108,5.133467849825957,3.65536853085124,1.16e+30
30.70000000000011,5.131837780094885,3.6395399230581815,1.16e+30
30.80000000000011,5.130231978599985,3.623863950645004,1.16e+30
30.900000000000112,5.128649957566157,3.6083382705417435,1.16e+30
31.000000000000114,5.127091241619618,3.5929605856143367,1.16e+30
31.100000000000115,5.125555367411506,3.5777286435894498,1.16e+30
31.200000000000117,5.124041883254626,3.562640236007031,1.16e+30
31.300000000000118,5.1225503487728075,3.5476931971998136,1.16e+30
31.40000000000012,5.121080334562404,3.532885403299123,1.16e+30
31.50000000000012,5.1196314218654475,3.518214771266222,1.16e+30
31.600000000000122,5.118203202254024,3.50367925794857,1.16e+30
31.700000000000124,5.116795277325422,3.4892768591603214,1.16e+30
31.800000000000125,5.115407258407663,3.475005608786412,1.16e+30
31.900000000000126,5.114038766274994,3.4608635779096053,1.16e+30
32.00000000000013,5.112689430872986,3.446848873959845,1.16e+30
32.10000000000013,5.111358891052854,3.4329596398853957,1.16e+30
32.20000000000013,5.110046794314677,3.41919405334513,1.16e+30
32.30000000000013,5.1087527965591555,3.4055503259213733,1.16e+30
32.400000000000134,5.107476561847607,3.3920267023527826,1.16e+30
32.500000000000135,5.106217762169883,3.3786214597867277,1.16e+30
32.600000000000136,5.104976077219921,3.365332907050614,1.16e+30
32.70000000000014,5.103751194178641,3.352159383941652,1.16e+30
32.80000000000014,5.10254280750392,3.3390992605345433,1.16e+30
32.90000000000014,5.1013506187273885,3.326150936506669,1.16e+30
33.00000000000014,5.100174336257789,3.3133128404801964,1.16e+30
33.10000000000014,5.0990136751906725,3.300583429380757,1.16e+30
33.200000000000145,5.097868357124192,3.287961187812153,1.16e+30
33.300000000000146,5.096738109980769,3.2754446274466797,1.16e+30
33.40000000000015,5.0956226678344425,3.2630322864307124,1.16e+30
33.50000000000015,5.094521770743672,3.2507227288050236,1.16e+30
33.60000000000015,5.093435164589412,3.238514543939498,1.16e+30
33.70000000000015,5.092362600918274,3.2264063459818635,1.16e+30
33.80000000000015,5.091303836790589,3.21439677332004,1.16e+30
33.900000000000155,5.090258634633195,3.202484488057685,1.16e+30
34.000000000000156,5.0892267620967955,3.190668175502671,1.16e+30
34.10000000000016,5.088207991917715,3.1789465436680997,1.16e+30
34.20000000000016,5.087202101783908,3.1673183227854773,1.16e+30
34.30000000000016,5.086208874205069,3.155782264829771,1.16e+30
34.40000000000016,5.085228096386703,3.1443371430560108,1.16e+30
34.50000000000016,5.084259560108018,3.1329817515471343,1.16e+30
34.600000000000165,5.083303061603515,3.121714904772743,1.16e+30
34.700000000000166,5.082358401448136,3.1105354371584735,1.16e+30
34.80000000000017,5.081425384445866,3.0994422026657746,1.16e+30
34.90000000000017,5.08050381952165,3.0884340743816674,1.16e+30
35.00000000000017,5.079593519616542,3.0775099441183964,1.16e+30
35.10000000000017,5.0786943015859425,3.0666687220225186,1.16e+30
35.20000000000017,5.077805986100853,3.0559093361933547,1.16e+30
35.300000000000175,5.076928397552025,3.04523073231042,1.16e+30
35.400000000000176,5.076061363956913,3.034631873269637,1.16e+30
35.50000000000018,5.075204716869347,3.0241117388281435,1.16e+30
35.60000000000018,5.074358291291824,3.0136693252573874,1.16e+30
35.70000000000018,5.07352192559033,3.003303645004342,1.16e+30
35.80000000000018,5.072695461411628,2.9930137263606067,1.16e+30
35.90000000000018,5.071878743602908,2.9827986131391837,1.16e+30
36.000000000000185,5.071071620133734,2.9726573643587018,1.16e+30
36.100000000000186,5.070273942020219,2.962589053934991,1.16e+30
36.20000000000019,5.069485563251347,2.9525927703796557,1.16e+30
36.30000000000019,5.068706340717367,2.9426676165055836,1.16e+30
36.40000000000019,5.067936134140214,2.9328127091391907,1.16e+30
36.50000000000019,5.0671748060058714,2.9230271788391615,1.16e+30
36.60000000000019,5.0664222214986205,2.9133101696215693,1.16e+30
36.700000000000195,5.0656782484371226,2.9036608386912217,1.16e+30
36.800000000000196,5.064942757212266,2.894078356179004,1.16e+30
36.9000000000002,5.0642156207267295,2.8845619048851328,1.16e+30
37.0000000000002,5.063496714336209,2.8751106800281168,1.16e+30
37.1000000000002,5.062785915792243,2.8657238889992724,1.16e+30
37.2000000000002,5.062083105186612,2.8564007511227407,1.16e+30
37.3000000000002,5.061388164897233,2.847140497420699,1.16e+30
37.400000000000205,5.060700979535527,2.8379423703837903,1.16e+30
37.500000000000206,5.060021435895205,2.828805623746568,1.16e+30
37.60000000000021,5.059349422902422,2.8197295222677674,1.16e+30
37.70000000000021,5.058684831567271,2.810713341515415,1.16e+30
37.80000000000021,5.058027554936569,2.8017563676565267,1.16e+30
37.90000000000021,5.0573774880478926,2.7928578972513196,1.16e+30
38.00000000000021,5.056734527884833,2.784017237051863,1.16e+30
38.100000000000215,5.056098573333428,2.7752337038049735,1.16e+30
38.200000000000216,5.055469525139738,2.766506624059316,1.16e+30
38.30000000000022,5.054847285868533,2.757835333976556,1.16e+30
38.40000000000022,5.054231759863053,2.749219179146487,1.16e+30
38.50000000000022,5.053622853205817,2.7406575144059975,1.16e+30
38.60000000000022,5.053020473680442,2.7321497036618227,1.16e+30
38.70000000000022,5.052424530734448,2.723695119716957,1.16e+30
38.800000000000225,5.0518349354430185,2.715293144100621,1.16e+30
38.900000000000226,5.0512516004736865,2.706943166901718,1.16e+30
39.00000000000023,5.050674440051922,2.698644586605697,1.16e+30
39.10000000000023,5.050103369927591,2.6903968099346574,1.16e+30
39.20000000000023,5.049538307342266,2.6821992516907294,1.16e+30
39.30000000000023,5.048979170997365,2.6740513346025914,1.16e+30
39.40000000000023,5.0484258810230775,2.6659524891749777,1.16e+30
39.500000000000234,5.047878358948085,2.657902153541217,1.16e+30
39.600000000000236,5.047336527670025,2.6498997733186176,1.16e+30
39.70000000000024,5.046800311426693,2.641944801466731,1.16e+30
39.80000000000024,5.0462696357679615,2.6340366981483143,1.16e+30
39.90000000000024,5.045744427528388,2.626174930592979,1.16e+30
40.00000000000024,5.045224614800496,2.6183589729634615,1.16e+30
40.10000000000024,5.044710126908716,2.610588306224404,1.16e+30
40.200000000000244,5.044200894383959,2.6028624180136477,1.16e+30
40.300000000000246,5.04369684893881,2.595180802515854,1.16e+30
40.40000000000025,5.043197923443324,2.58754296033856,1.16e+30
40.50000000000025,5.042704051901408,2.579948398390443,1.16e+30
40.60000000000025,5.042215169427772,2.572396629761841,1.16e+30
40.70000000000025,5.04173121222543,2.5648871736073975,1.16e+30
40.80000000000025,5.041252117563744,2.557419555030828,1.16e+30
40.900000000000254,5.040777823756993,2.549993304971747,1.16e+30
41.000000000000256,5.040308270143445,2.5426079600944256,1.16e+30
41.10000000000026,5.039843397064933,2.5352630626785437,1.16e+30
41.20000000000026,5.039383145846907,2.527958160511756,1.16e+30
41.30000000000026,5.038927458778959,2.52069280678415,1.16e+30
41.40000000000026,5.038476279095805,2.5134665599844137,1.16e+30
41.50000000000026,5.038029550958714,2.5062789837977903,1.16e+30
41.600000000000264,5.037587219437361,2.4991296470056037,1.16e+30
41.700000000000266,5.037149230492116,2.4920181233865577,1.16e+30
41.80000000000027,5.036715530956733,2.484943991619455,1.16e+30
41.90000000000027,5.036286068521439,2.477906835187535,1.16e+30
42.00000000000027,5.035860791716421,2.4709062422842916,1.16e+30
42.10000000000027,5.035439649895682,2.463941805720663,1.16e+30
42.20000000000027,5.035022593221275,2.457013122833684,1.16e+30
42.300000000000274,5.0346095726478906,2.4501197953964566,1.16e+30
42.400000000000276,5.034200539907798,2.4432614295294015,1.16e+30
42.50000000000028,5.033795447496128,2.436437635612779,1.16e+30
42.60000000000028,5.033394248656487,2.4296480282004227,1.16e+30
42.70000000000028,5.0329968973669,2.422892225934686,1.16e+30
42.80000000000028,5.032603348326061,2.4161698514624295,1.16e+30
42.90000000000028,5.0322135569399045,2.4094805313521976,1.16e+30
43.000000000000284,5.031827479308462,2.4028238960123507,1.16e+30
43.100000000000286,5.031445072213026,2.396199579610277,1.16e+30
43.20000000000029,5.031066293103592,2.3896072199925316,1.16e+30
43.30000000000029,5.030691100086577,2.383046458605893,1.16e+30
43.40000000000029,5.030319451912817,2.376516940419313,1.16e+30
43.50000000000029,5.029951307965822,2.3700183138467317,1.16e+30
43.60000000000029,5.0295866282502955,2.3635502306706386,1.16e+30
43.700000000000294,5.029225373380901,2.357112345966471,1.16e+30
43.800000000000296,5.028867504571279,2.350704318027697,1.16e+30
43.9000000000003,5.0285129836233,2.344325808291536,1.16e+30
44.0000000000003,5.028161772916556,2.337976481265433,1.16e+30
44.1000000000003,5.027813835398074,2.33165600445399,1.16e+30
44.2000000000003,5.027469134572262,2.3253640482866245,1.16e+30
44.3000000000003,5.02712763449106,2.3191002860455607,1.16e+30
44.400000000000304,5.02678929974432,2.3128643937944933,1.16e+30
44.500000000000306,5.026454095450379,2.3066560503075366,1.16e+30
44.60000000000031,5.0261219872468414,2.300474936998615,1.16e+30
44.70000000000031,5.025792941281558,2.294320737851247,1.16e+30
44.80000000000031,5.025466924203799,2.2881931393485853,1.16e+30
44.90000000000031,5.025143903155618,2.2820918304037727,1.16e+30
45.00000000000031,5.024823845763394,2.2760165022904255,1.16e+30
45.100000000000314,5.024506720129562,2.2699668485734192,1.16e+30
45.200000000000315,5.024192494824512,2.2639425650397005,1.16e+30
45.30000000000032,5.023881138878668,2.2579433496292314,1.16e+30
45.40000000000032,5.0235726217747265,2.25196890236594,1.16e+30
45.50000000000032,5.023266913440069,2.246018925288681,1.16e+30
45.60000000000032,5.022963984239328,2.240093122382116,1.16e+30
45.70000000000032,5.022663804967115,2.234191199507462,1.16e+30
45.800000000000324,5.022366346840899,2.2283128643331067,1.16e+30
45.900000000000325,5.022071581494039,2.2224578262649466,1.16e+30
46.00000000000033,5.021779480968962,2.2166257963764946,1.16e+30
46.10000000000033,5.021490017710485,2.2108164873386125,1.16e+30
46.20000000000033,5.021203164559276,2.2050296133488168,1.16e+30
46.30000000000033,5.020918894745463,2.1992648900602036,1.16e+30
46.40000000000033,5.0206371818823605,2.193522034509751,1.16e+30
46.500000000000334,5.02035799996035,2.1878007650461053,1.16e+30
46.600000000000335,5.02008132334087,2.18210080125662,1.16e+30
46.70000000000034,5.019807126750548,2.1764218638937347,1.16e+30
46.80000000000034,5.01953538527545,2.1707636748005044,1.16e+30
46.90000000000034,5.0192660743554525,2.165125956835207,1.16e+30
47.00000000000034,5.018999169778736,2.159508433795037,1.16e+30
47.10000000000034,5.018734647676396,2.1539108303387158,1.16e+30
47.200000000000344,5.018472484517169,2.1483328719079204,1.16e+30
47.300000000000345,5.018212657102267,2.1427742846475244,1.16e+30
47.40000000000035,5.017955142560333,2.1372347953244555,1.16e+30
47.50000000000035,5.017699918342496,2.131714131245139,1.16e+30
47.60000000000035,5.017446962217535,2.126212020171342,1.16e+30
47.70000000000035,5.017196252267151,2.1207281902344004,1.16e+30
47.80000000000035,5.016947766881345,2.1152623698476716,1.16e+30
47.900000000000354,5.016701484753887,2.109814287617032,1.16e+30
48.000000000000355,5.016457384877893,2.1043836722492824,1.16e+30
48.10000000000036,5.016215446541502,2.0989702524585434,1.16e+30
48.20000000000036,5.015975649323645,2.0935737568701267,1.16e+30
48.30000000000036,5.015737973089907,2.0881939139220087,1.16e+30
48.40000000000036,5.015502397988494,2.0828304517636673,1.16e+30
48.50000000000036,5.015268904446281,2.0774830981520265,1.16e+30
48.600000000000364,5.015037473164957,2.0721515803444444,1.16e+30
48.700000000000365,5.014808085117261,2.066835624988453,1.16e+30
48.80000000000037,5.014580721543302,2.0615349580080524,1.16e+30
48.90000000000037,5.014355363946975,2.056249304486449,1.16e+30
49.00000000000037,5.014131994092457,2.0509783885448156,1.16e+30
49.10000000000037,5.013910594000794,2.0457219332169667,1.16e+30
49.20000000000037,5.013691145946571,2.0404796603196145,1.16e+30
49.300000000000374,5.013473632454667,2.035251290317982,1.16e+30
49.400000000000375,5.013258036297095,2.0300365421863305,1.16e+30
49.50000000000038,5.013044340489927,2.0248351332632866,1.16e+30
49.60000000000038,5.012832528290298,2.0196467791013877,1.16e+30
49.70000000000038,5.012622583193497,2.014471193310664,1.16e+30
49.80000000000038,5.012414488930137,2.009308087395724,1.16e+30
49.90000000000038,5.012208229463409,2.0041571705860646,1.16e+30
50.000000000000384,5.012003788986419,1.999018149658891,1.16e+30
50.100000000000385,5.011801151919605,1.9938907287543006,1.16e+30
50.20000000000039,5.011600302908237,1.9887746091819727,1.16e+30
50.30000000000039,5.0114012268199986,1.9836694892189797,1.16e+30
50.40000000000039,5.011203908742655,1.978575063898104,1.16e+30
50.50000000000039,5.011008333981801,1.9734910247858923,1.16e+30
50.60000000000039,5.010814488058688,1.9684170597497885,1.16e+30
50.700000000000394,5.010622356708146,1.9633528527136408,1.16e+30
50.800000000000395,5.0104319258765875,1.9582980834006622,1.16e+30
50.9000000000004,5.010243181720089,1.9532524270629148,1.16e+30
51.0000000000004,5.010056110602572,1.9482155541964636,1.16e+30
51.1000000000004,5.009870699094069,1.943187130241041,1.16e+30
51.2000000000004,5.009686933969076,1.9381668152630476,1.16e+30
51.3000000000004,5.009504802205001,1.9331542636207542,1.16e+30
51.400000000000404,5.00932429098071,1.92814912361027,1.16e+30
51.500000000000405,5.009145387675163,1.9231510370907305,1.16e+30
51.600000000000406,5.008968079866155,1.9181596390872595,1.16e+30
51.70000000000041,5.0087923553291525,1.9131745573697174,1.16e+30
51.80000000000041,5.008618202036244,1.9081954120055373,1.16e+30
51.90000000000041,5.008445608155191,1.903221814884343,1.16e+30
52.00000000000041,5.008274562048596,1.8982533692121442,1.16e+30
52.10000000000041,5.008105052273185,1.8932896689725296,1.16e+30
52.200000000000415,5.007937067579215,1.8883302983521284,1.16e+30
52.300000000000416,5.00777059691,1.8833748311270453,1.16e+30
52.40000000000042,5.00760562940158,1.8784228300072243,1.16e+30
52.50000000000042,5.007442154382517,1.8734738459347229,1.16e+30
52.60000000000042,5.0072801613738465,1.8685274173318362,1.16e+30
52.70000000000042,5.007119640089176,1.8635830692945916,1.16e+30
52.80000000000042,5.006960580434945,1.8586403127264104,1.16e+30
52.900000000000425,5.006802972510859,1.8536986434063418,1.16e+30
53.000000000000426,5.006646806610499,1.8487575409855426,1.16e+30
53.10000000000043,5.0064920732221285,1.8438164679051228,1.16e+30
53.20000000000043,5.006338763029702,1.8388748682274794,1.16e+30
53.30000000000043,5.006186866914091,1.8339321663721826,1.16e+30
53.40000000000043,5.006036375954547,1.8289877657469507,1.16e+30
53.50000000000043,5.0058872814304145,1.8240410472624347,1.16e+30
53.600000000000435,5.005739574823107,1.8190913677183165,1.16e+30
53.700000000000436,5.005593247818384,1.814138058047055,1.16e+30
53.80000000000044,5.005448292308937,1.8091804213990683,1.16e+30
53.90000000000044,5.005304700397315,1.8042177310514544,1.16e+30
54.00000000000044,5.005162464399216,1.7992492281199,1.16e+30
54.10000000000044,5.005021576847194,1.7942741190505018,1.16e+30
54.20000000000044,5.004882030494787,1.7892915728645125,1.16e+30
54.300000000000445,5.004743818321143,1.7843007181260404,1.16e+30
54.400000000000446,5.0046069335361585,1.7793006395970994,1.16e+30
54.50000000000045,5.004471369586208,1.7742903745397678,1.16e+30
54.60000000000045,5.0043371201605105,1.7692689086187667,1.16e+30
54.70000000000045,5.004204179198197,1.764235171349788,1.16e+30
54.80000000000045,5.00407254089618,1.7591880310307637,1.16e+30
54.90000000000045,5.00394219971788,1.7541262890815583,1.16e+30
55.000000000000455,5.00381315040294,1.7490486737057696,1.16e+30
55.100000000000456,5.003685387978033,1.7439538327721278,1.16e+30
55.20000000000046,5.003558907768891,1.7388403257942777,1.16e+30
55.30000000000046,5.003433705413733,1.733706614865505,1.16e+30
55.40000000000046,5.003309776878247,1.7285510543758968,1.16e+30
55.50000000000046,5.003187118472367,1.723371879306221,1.16e+30
55.60000000000046,5.003065726869075,1.7181671918489667,1.16e+30
55.700000000000465,5.002945599125536,1.7129349460546468,1.16e+30
55.800000000000466,5.002826732706913,1.7076729301340139,1.16e+30
55.90000000000047,5.002709125513269,1.7023787459627004,1.16e+30
56.00000000000047,5.002592775910086,1.6970497852271627,1.16e+30
56.10000000000047,5.002477682762966,1.6916832015121341,1.16e+30
56.20000000000047,5.002363845477278,1.686275877451054,1.16e+30
56.30000000000047,5.002251264043639,1.6808243858263512,1.16e+30
56.400000000000475,5.002139939090323,1.6753249431965735,1.16e+30
56.500000000000476,5.0020298719439955,1.6697733542137019,1.16e+30
56.60000000000048,5.001921064700461,1.664164944234269,1.16e+30
56.70000000000048,5.001813520307635,1.6584944770620236,1.16e+30
56.80000000000048,5.001707242663499,1.6527560535960475,1.16e+30
56.90000000000048,5.001602236732669,1.6469429856579132,1.16e+30
57.00000000000048,5.001498508686277,1.6410476371198026,1.16e+30
57.100000000000485,5.001396066071465,1.635061221313051,1.16e+30
57.200000000000486,5.001294918018974,1.6289735390070383,1.16e+30
57.30000000000049,5.001195075500477,1.6227726340920132,1.16e+30
57.40000000000049,5.001096551652018,1.6164443328856917,1.16e+30
57.50000000000049,5.000999362186989,1.6099716148879366,1.16e+30
57.60000000000049,5.000903525933149,1.603333732602949,1.16e+30
57.70000000000049,5.000809065545985,1.59650494561703,1.16e+30
57.800000000000495,5.000716008480574,1.5894526388387664,1.16e+30
57.900000000000496,5.000624388356487,1.582134411954029,1.16e+30
58.0000000000005,5.000534246947595,1.5744933522446976,1.16e+30
58.1000000000005,5.000445637222374,1.566449868535398,1.16e+30
58.2000000000005,5.000358628281797,1.5578864012362856,1.16e+30
58.3000000000005,5.0002733140733655,1.5486154534326284,1.16e+30
58.4000000000005,5.00018983074013,1.538300957797112,1.16e+30
58.500000000000504,5.000108398648575,1.526204589356462,1.16e+30
58.5100000000005,5.000100381747991,1.5248365246927345,1.16e+30
58.5200000000005,5.0000923899455785,1.5234274300796455,1.16e+30
58.5300000000005,5.000084423968838,1.52197226097107,1.16e+30
58.5400000000005,5.00007648464047,1.5204648233380933,1.16e+30
58.550000000000495,5.0000685729012755,1.5188973646162638,1.16e+30
58.56000000000049,5.000060689841714,1.5172599542832406,1.16e+30
58.57000000000049,5.000052836746869,1.5155395035558088,1.16e+30
58.58000000000049,5.000045015163261,1.5137181262681223,1.16e+30
58.59000000000049,5.000037227003588,1.5117701977526656,1.16e+30
58.600000000000485,5.0000294747230285,1.5096565554102586,1.16e+30
58.61000000000048,5.000021761647137,1.5073114274656696,1.16e+30
58.62000000000048,5.0000140926821235,1.5046061541434086,1.16e+30
58.63000000000048,5.000006476340887,1.501200162603205,1.16e+30
58.64000000000048,5.0,1.4953487812212205,1.16e+30
