Time,Mass,Radius,Lx
23.0,53.47334005120631,8.74,1.16e+30
33.0,53.46631636103476,8.739273404255034,1.16e+30
43.0,53.459293389155725,8.738546847782679,1.16e+30
53.0,53.45227113551604,8.737820330581894,1.16e+30
63.0,53.445249600062546,8.737093852651633,1.16e+30
73.0,53.43822878274208,8.736367413990854,1.16e+30
83.0,53.43120868350148,8.735641014598517,1.16e+30
93.0,53.4241893022876,8.734914654473581,1.16e+30
103.0,53.41717063904729,8.734188333615,1.16e+30
113.0,53.410152693727404,8.733462052021736,1.16e+30
123.0,53.40313546627479,8.732735809692745,1.16e+30
133.0,53.39611895663631,8.732009606626983,1.16e+30
143.0,53.38910316475881,8.731283442823411,1.16e+30
153.0,53.382088090589164,8.730557318280987,1.16e+30
163.0,53.375073734074235,8.729831232998665,1.16e+30
173.0,53.368060095160885,8.729105186975406,1.16e+30
183.0,53.36104717379599,8.728379180210169,1.16e+30
193.0,53.35403496992642,8.72765321270191,1.16e+30
203.0,53.347023483499036,8.726927284449586,1.16e+30
213.0,53.340012714460734,8.726201395452156,1.16e+30
223.0,53.33300266275838,8.72547554570858,1.16e+30
233.0,53.32599332833887,8.724749735217813,1.16e+30
243.0,53.31902187192145,8.724027812222527,1.120191945982143e+30
253.0,53.31258302002147,8.723361011835431,1.0001371117668634e+30
263.0,53.30677419723754,8.722759431201593,8.968821474675451e+29
273.0,53.301512946995445,8.722214538197429,8.075649490145842e+29
283.0,53.29673013077788,8.721719178137352,7.29892122489081e+29
293.0,53.29236739722158,8.72126731213936,6.620109331068113e+29
303.0,53.288375199555205,8.720853812147034,6.024132563605334e+29
313.0,53.28471122891386,8.720474298928513,5.498627904694396e+29
323.0,53.28133916616134,8.720125012995284,5.0333936738156855e+29
333.0,53.27822767987743,8.719802710967231,4.619959643203539e+29
343.0,53.27534961622181,8.719504581774652,4.251252416143826e+29
353.0,53.27268133955269,8.719228178447727,3.921332914716706e+29
363.0,53.270202192377916,8.718971362245815,3.6251889207794985e+29
373.0,53.267894050430094,8.718732256624259,3.35856998831179e+29
383.0,53.265740954070466,8.718509209095636,3.1178552149700397e+29
393.0,53.26372880132247,8.71830075946575,2.899946679194479e+29
403.0,53.26184509096023,8.718105613247516,2.702183060144898e+29
413.0,53.2600787064779,8.717922619304044,2.5222692309217143e+29
423.0,53.258419733624066,8.717750750964333,2.3582185704783536e+29
433.0,53.256859305632744,8.717589090004632,2.2083054612790863e+29
443.0,53.255389471417715,8.717436813005843,2.0710259889920066e+29
453.0,53.254003082892176,8.717293179690003,1.9450652813558554e+29
463.0,53.25269369828613,8.717157522912249,1.829270247912756e+29
473.0,53.25145549890049,8.717029240043338,1.7226267341279946e+29
483.0,53.25028321719134,8.716907785524782,1.6242402999631266e+29
493.0,53.24917207444407,8.716792664416495,1.5333199872243943e+29
503.0,53.248117726593534,8.716683426787611,1.4491645617209136e+29
513.0,53.2471162169877,8.716579662825962,1.371150812793085e+29
523.0,53.24616393508933,8.716480998562249,1.2987235696979913e+29
533.0,53.24525758027192,8.716387092121504,1.2313871559326302e+29
543.0,53.24439412999938,8.71629763042839,1.168698052115662e+29
553.0,53.24357081178903,8.71621232630412,1.110258578065233e+29
563.0,53.24278507844888,8.716130915902367,1.0557114371692737e+29
573.0,53.2420345861565,8.716053156439354,1.0047349925781475e+29
583.0,53.24131717501013,8.715978824179897,9.570391663588967e+28
593.0,53.2406308517364,8.715907712646725,9.12361870481461e+28
603.0,53.23997377428363,8.715839631025032,8.704658931080598e+28
613.0,53.239344238067766,8.715774402738141,8.311361757214839e+28
623.0,53.23874066367,8.715711864173471,7.941774266300098e+28
633.0,53.23816158581235,8.715651863540836,7.59412024705279e+28
643.0,53.23760564346062,8.715594259847482,7.266781741495096e+28
653.0,53.23707157092398,8.715538921976304,6.95828276895674e+28
663.0,53.23655818983732,8.715485727855496,6.6672749411775475e+28
673.0,53.23606440192693,8.715434563709309,6.392524724295135e+28
683.0,53.23558918247273,8.71538532338093,6.1329021381109425e+28
693.0,53.23513157439077,8.71533790771961,5.8873707123093505e+28
703.0,53.23469068286933,8.715292224025099,5.654978544142081e+28
713.0,53.234265670499624,8.715248185543334,5.434850323210059e+28
723.0,53.233855752849436,8.715205711007965,5.226180206977075e+28
733.0,53.233460194433775,8.71516472422301,5.028225446029866e+28
743.0,53.2330783050422,8.715125153682461,4.840300671269343e+28
753.0,53.2327094363868,8.715086932223077,4.661772766519998e+28
763.0,53.2323529790391,8.715049996707112,4.492056259764697e+28
773.0,53.23200835962752,8.71501428773203,4.330609174588944e+28
783.0,53.23167503827019,8.714979749364582,4.1769292906525754e+28
793.0,53.23135250622062,8.714946328896954,4.030550768265876e+28
803.0,53.23104028370617,8.71491397662285,3.8910410975731995e+28
813.0,53.23073791794139,8.714882645631716,3.757998337559783e+28
823.0,53.230444981299975,8.71485229161938,3.631048614197955e+28
833.0,53.23016106963115,8.714822872713649,3.509843850623134e+28
843.0,53.22988580070729,8.714794349313502,3.3940597053507884e+28
853.0,53.22961881279121,8.714766683940685,3.2833936972750757e+28
863.0,53.22935976331268,8.714739841102602,3.1775634985810846e+28
873.0,53.22910832764456,8.714713787165548,3.0763053788008314e+28
883.0,53.228864197970076,8.714688490237357,2.9793727850871376e+28
893.0,53.22862708223354,8.714663920058713,2.886535045402555e+28
903.0,53.228396703167405,8.714640047902366,2.7975761827512026e+28
913.0,53.228172797389476,8.714616846479595,2.712293829844361e+28
923.0,53.22795511456435,8.714594289853354,2.6304982347071958e+28
933.0,53.22774341662401,8.714572353357518,2.5520113487223948e+28
943.0,53.2275374770427,8.714551013521778,2.476665989482706e+28
953.0,53.22733708016192,8.714530248001696,2.4043050716021198e+28
963.0,53.22714202056139,8.71451003551356,2.334780899326725e+28
973.0,53.22695210247263,8.714490355773618,2.2679545154014375e+28
983.0,53.2267671392317,8.714471189441387,2.2036951011969877e+28
993.0,53.22658695276816,8.714452518066713,2.1418794235905646e+28
1003.0,53.22641127556178,8.71443431393027,2.090081135351165e+28
1013.0,53.22623860275235,8.714416421095887,2.057564507998924e+28
1023.0,53.226068377199134,8.714398781832108,2.0258657787155107e+28
1033.0,53.22590054070625,8.714381390109391,1.9949566780668547e+28
1043.0,53.22573503700932,8.7143642400983,1.9648101746444167e+28
1053.0,53.225571811693534,8.714347326161022,1.9354004096365916e+28
1063.0,53.225410812115925,8.714330642843306,1.90670263543932e+28
1073.0,53.225251987331646,8.71431418486684,1.8786931580213176e+28
1083.0,53.22509528802394,8.71429794712198,1.851349282781836e+28
1093.0,53.224940666437625,8.714281924660868,1.824649263659377e+28
1103.0,53.2247880763159,8.714266112690886,1.7985722552685233e+28
1113.0,53.2246374728402,8.71425050656842,1.7730982678592005e+28
1123.0,53.22448881257303,8.71423510179294,1.748208124908331e+28
1133.0,53.22434205340353,8.714219894001364,1.723883423168225e+28
1143.0,53.22419715449569,8.714204878962684,1.700106495009184e+28
1153.0,53.22405407623894,8.71419005257286,1.6768603729058693e+28
1163.0,53.223912780201154,8.71417541084994,1.6541287559280541e+28
1173.0,53.223773229083754,8.714160949929413,1.6318959781065499e+28
1183.0,53.223635386678986,8.714146666059786,1.6101469785544454e+28
1193.0,53.22349921782907,8.714132555598345,1.588867273232399e+28
1203.0,53.223364688387264,8.714118615007127,1.5680429282546348e+28
1213.0,53.22323176518063,8.714104840849057,1.5476605346395964e+28
1223.0,53.22310041597453,8.71409122978428,1.5277071844159233e+28
1233.0,53.22297060943863,8.71407777856663,1.5081704480006252e+28
1243.0,53.22284231511447,8.714064484040263,1.4890383527720523e+28
1253.0,53.22271550338435,8.714051343136456,1.4702993627655415e+28
1263.0,53.22259014544168,8.714038352870515,1.4519423594245204e+28
1273.0,53.22246621326249,8.714025510338836,1.433956623344352e+28
1283.0,53.22234367957828,8.714012812716076,1.41633181695041e+28
1293.0,53.222222517849865,8.714000257252465,1.3990579680557288e+28
1303.0,53.22210270224246,8.713987841271209,1.3821254542471741e+28
1313.0,53.221984207601714,8.713975562166011,1.3655249880524102e+28
1323.0,53.22186700943077,8.713963417398698,1.3492476028430196e+28
1333.0,53.221751083868234,8.713951404496935,1.333284639432007e+28
1343.0,53.221636407667106,8.713939521052039,1.3176277333265775e+28
1353.0,53.22152295817448,8.713927764716885,1.3022688025995552e+28
1363.0,53.22141071331212,8.713916133203885,1.2872000363451093e+28
1373.0,53.221299651557764,8.713904624283055,1.272413883686598e+28
1383.0,53.22118975192723,8.713893235780159,1.257903043306326e+28
1393.0,53.22108099395712,8.713881965574926,1.2436604534688825e+28
1403.0,53.22097335768834,8.713870811599323,1.2296792825114366e+28
1413.0,53.22086682365009,8.713859771835917,1.2159529197759997e+28
1423.0,53.220761372844635,8.713848844316287,1.2024749669601522e+28
1433.0,53.22065698673253,8.713838027119495,1.1892392298641452e+28
1443.0,53.22055364721847,8.713827318370617,1.1762397105136008e+28
1453.0,53.22045133663767,8.713816716239338,1.1634705996382474e+28
1463.0,53.220350037742705,8.713806218938583,1.1509262694882854e+28
1473.0,53.220249733690885,8.713795824723215,1.1386012669710393e+28
1483.0,53.220150408032104,8.713785531888767,1.1264903070915544e+28
1493.0,53.220052044697084,8.713775338770233,1.114588266681745e+28
1503.0,53.21995462798609,8.713765243740896,1.102890178403556e+28
1513.0,53.21985814255803,8.713755245211194,1.0913912250124469e+28
1523.0,53.21976257341995,8.713745341627641,1.0800867338682597e+28
1533.0,53.21966790591691,8.713735531471766,1.0689721716812628e+28
1543.0,53.21957412572222,8.713725813259115,1.058043139481841e+28
1553.0,53.219481218828,8.713716185538262,1.0472953678029298e+28
1563.0,53.21938917153611,8.71370664688987,1.036724712064904e+28
1573.0,53.219297970449325,8.71369719592579,1.0263271481531739e+28
1583.0,53.21920760246291,8.713687831288167,1.0160987681792809e+28
1593.0,53.219118054756386,8.713678551648604,1.0060357764167797e+28
1603.0,53.21902931478566,8.713669355707342,9.961344854036515e+27
1613.0,53.21894137027535,8.713660242192459,9.863913122034388e+27
1623.0,53.218854209211436,8.713651209859114,9.768027748177005e+27
1633.0,53.2187678198341,8.713642257488804,9.67365488742779e+27
1643.0,53.21868219063084,8.713633383888656,9.580761636642259e+27
1653.0,53.218597310329784,8.71362458789072,9.489316002825918e+27
1663.0,53.21851316789326,8.71361586835132,9.399286872645987e+27
1673.0,53.21842975251155,8.713607224150396,9.310643983140233e+27
1683.0,53.21834705359681,8.713598654190871,9.223357893569133e+27
1693.0,53.2182650607773,8.71359015739807,9.137399958360179e+27
1703.0,53.21818376389167,8.713581732719106,9.05274230109589e+27
1713.0,53.21810315298352,8.713573379122334,8.96935778949935e+27
1723.0,53.21802321829605,8.713565095596786,8.887220011373481e+27
1733.0,53.21794395026698,8.713556881151655,8.806303251452434e+27
1743.0,53.21786533952354,8.713548734815763,8.726582469125438e+27
1753.0,53.217787376877666,8.713540655637072,8.648033276995488e+27
1763.0,53.21771005332132,8.713532642682196,8.570631920237025e+27
1773.0,53.21763336002197,8.713524695035936,8.49435525671848e+27
1783.0,53.217557288318204,8.713516811800822,8.419180737857249e+27
1793.0,53.21748182971546,8.713508992096672,8.345086390176169e+27
1803.0,53.21740697588193,8.713501235060166,8.272050797532034e+27
1813.0,53.21733271864453,8.71349353984443,8.200053083988135e+27
1823.0,53.21725904998503,8.713485905618638,8.129072897304038e+27
1833.0,53.217185962036304,8.713478331567618,8.059090393017164e+27
1843.0,53.217113447078646,8.713470816891473,7.990086219091827e+27
1853.0,53.217041497536236,8.713463360805212,7.922041501112572e+27
1863.0,53.216970105973715,8.713455962538402,7.854937827999701e+27
1873.0,53.21689926509282,8.713448621334814,7.788757238225886e+27
1883.0,53.21682896772915,8.713441336452085,7.723482206513706e+27
1893.0,53.216759206849005,8.713434107161401,7.659095630994922e+27
1903.0,53.216689975546345,8.713426932747169,7.595580820813075e+27
1913.0,53.216621267039784,8.713419812506714,7.532921484151906e+27
1923.0,53.21655307466973,8.713412745749986,7.471101716672822e+27
1933.0,53.216485391895574,8.713405731799252,7.410105990345382e+27
1943.0,53.216418212292936,8.713398769988833,7.349919142655515e+27
1953.0,53.21635152955105,8.713391859664815,7.290526366176811e+27
1963.0,53.21628533747014,8.71338500018479,7.231913198490886e+27
1973.0,53.216219629958964,8.713378190917588,7.174065512443448e+27
1983.0,53.216154401032334,8.713371431243033,7.116969506723222e+27
1993.0,53.21608964480876,8.713364720551695,7.060611696751503e+27
2003.0,53.21602535550815,8.713358058244646,7.004978905870561e+27
2013.0,53.21596152744956,8.713351443733234,6.9500582568197e+27
2023.0,53.21589815504899,8.713344876438851,6.895837163488174e+27
2033.0,53.2158352328173,8.713338355792716,6.842303322934677e+27
2043.0,53.2157727553581,8.713331881235664,6.78944470766351e+27
2053.0,53.21571071736578,8.713325452217928,6.737249558147974e+27
2063.0,53.21564911362349,8.713319068198945,6.685706375591914e+27
2073.0,53.2155879390013,8.713312728647157,6.634803914920715e+27
2083.0,53.21552718845429,8.713306433039808,6.584531177993409e+27
2093.0,53.21546685702076,8.713300180862772,6.534877407027916e+27
2103.0,53.21540693982046,8.71329397161036,6.485832078231711e+27
2113.0,53.215347432052894,8.71328780478515,6.437384895630586e+27
2123.0,53.21528832899562,8.713281679897799,6.389525785088442e+27
2133.0,53.215229626002625,8.713275596466891,6.342244888511314e+27
2143.0,53.21517131850275,8.713269554018765,6.295532558229129e+27
2153.0,53.21511340199812,8.713263552087353,6.24937935154897e+27
2163.0,53.21505587206265,8.713257590214022,6.203776025473794e+27
2173.0,53.214998724340575,8.713251667947429,6.158713531580889e+27
2183.0,53.214941954545004,8.713245784843366,6.114183011054509e+27
2193.0,53.21488555845652,8.713239940464618,6.070175789867359e+27
2203.0,53.214829531921836,8.71323413438082,6.026683374105825e+27
2213.0,53.21477387085244,8.71322836616832,5.983697445434027e+27
2223.0,53.2147185712233,8.713222635410043,5.941209856691981e+27
2233.0,53.21466362907162,8.713216941695364,5.899212627623287e+27
2243.0,53.214609040495574,8.713211284619973,5.857697940728021e+27
2253.0,53.214554801653115,8.713205663785756,5.816658137236578e+27
2263.0,53.214500908760805,8.713200078800673,5.776085713200457e+27
2273.0,53.21444735809265,8.713194529278631,5.735973315696062e+27
2283.0,53.21439414597899,8.713189014839383,5.696313739137784e+27
2293.0,53.21434126880542,8.713183535108396,5.65709992169678e+27
2303.0,53.21428872301167,8.713178089716756,5.618324941821917e+27
2313.0,53.21423650509062,8.713172678301053,5.579982014859597e+27
2323.0,53.21418461158725,8.713167300503272,5.5420644897692e+27
2333.0,53.21413303909766,8.7131619559707,5.504565845931068e+27
2343.0,53.21408178426808,8.713156644355816,5.467479690044014e+27
2353.0,53.214030843793935,8.713151365316197,5.430799753109507e+27
2363.0,53.21398021441892,8.71314611851442,5.394519887499714e+27
2373.0,53.21392989293407,8.71314090361797,5.358634064106775e+27
2383.0,53.21387987617692,8.713135720299148,5.323136369570685e+27
2393.0,53.21383016103059,8.713130568234979,5.288021003583316e+27
2403.0,53.213780744422984,8.713125447107128,5.253282276266181e+27
2413.0,53.21373162332592,8.713120356601813,5.218914605619628e+27
2423.0,53.21368279475436,8.713115296409718,5.184912515041214e+27
2433.0,53.213634255765605,8.713110266225916,5.151270630911126e+27
2443.0,53.213586003458516,8.71310526574979,5.117983680242569e+27
2453.0,53.21353803497277,8.713100294684944,5.085046488395105e+27
2463.0,53.21349034748812,8.713095352739144,5.052453976849009e+27
2473.0,53.21344293822367,8.713090439624226,5.020201161038791e+27
2483.0,53.213395804437184,8.713085555056038,4.98828314824405e+27
2493.0,53.21334894342436,8.713080698754352,4.956695135535962e+27
2503.0,53.21330235251819,8.71307587044281,4.925432407777659e+27
2513.0,53.2132560290883,8.713071069848846,4.8944903356769395e+27
2523.0,53.21320997054026,8.713066296703623,4.863864373889693e+27
2533.0,53.21316417431501,8.713061550741964,4.833550059172542e+27
2543.0,53.2131186378882,8.71305683170229,4.803543008583241e+27
2553.0,53.2130733587696,8.71305213932656,4.773838917727393e+27
2563.0,53.213028334502496,8.713047473360206,4.7444335590501514e+27
2573.0,53.21298356266313,8.71304283355207,4.7153227801715404e+27
2583.0,53.21293904086013,8.71303821965435,4.686502502264155e+27
2593.0,53.21289476673391,8.71303363142255,4.657968718471975e+27
2603.0,53.212850737956195,8.713029068615398,4.629717492369114e+27
2613.0,53.212806952229435,8.713024530994822,4.601744956457332e+27
2623.0,53.21276340728631,8.713020018325878,4.574047310701211e+27
2633.0,53.2127201008892,8.713015530376696,4.546620821099889e+27
2643.0,53.2126770308297,8.713011066918435,4.51946181829432e+27
2653.0,53.212634194928135,8.713006627725232,4.4925666962090457e+27
2663.0,53.212591591033046,8.71300221257415,4.4659319107274855e+27
2673.0,53.21254921702076,8.712997821245125,4.439553978399809e+27
2683.0,53.2125070707949,8.712993453520925,4.4134294751824675e+27
2693.0,53.21246515028596,8.712989109187104,4.3875550352084826e+27
2703.0,53.21242345345083,8.71298478803195,4.361927349587651e+27
2713.0,53.212381978272404,8.71298048984644,4.3365431652358174e+27
2723.0,53.21234072275911,8.712976214424208,4.3113992837324027e+27
2733.0,53.21229968494452,8.712971961561482,4.28649256020542e+27
2743.0,53.21225886288694,8.712967731057061,4.2618199022432046e+27
2753.0,53.21221825466901,8.71296352271226,4.2373782688321333e+27
2763.0,53.212177858397304,8.712959336330877,4.213164669319616e+27
2773.0,53.21213767220195,8.712955171719152,4.1891761624016685e+27
2783.0,53.212097694236256,8.712951028685724,4.165409855134403e+27
2793.0,53.212057922676344,8.712946907041596,4.1418629019687787e+27
2803.0,53.21201835572077,8.712942806600099,4.118532503807997e+27
2813.0,53.21197899159019,8.712938727176846,4.095415907086919e+27
2823.0,53.21193982852701,8.712934668589716,4.072510402872924e+27
2833.0,53.211900864795005,8.712930630658793,4.0498133259876243e+27
2843.0,53.211862098679056,8.71292661320635,4.0273220541488994e+27
2853.0,53.21182352848475,8.712922616056803,4.0050340071326904e+27
2863.0,53.211785152538106,8.712918639036694,3.982946645954044e+27
2873.0,53.211746969185235,8.71291468197464,3.961057472066896e+27
2883.0,53.21170897679204,8.712910744701308,3.939364026582101e+27
2893.0,53.211671173743895,8.712906827049384,3.917863889503228e+27
2903.0,53.21163355844537,8.712902928853547,3.896554678979668e+27
2913.0,53.21159612931992,8.712899049950426,3.8754340505765916e+27
2923.0,53.21155888480961,8.712895190178585,3.8544996965613276e+27
2933.0,53.21152182337483,8.712891349378483,3.8337493452057357e+27
2943.0,53.21148494349399,8.712887527392445,3.8131807601041674e+27
2953.0,53.211448243663305,8.712883724064646,3.792791739506602e+27
2963.0,53.21141172239647,8.712879939241066,3.7725801156665846e+27
2973.0,53.21137537822443,8.71287617276948,3.7525437542035844e+27
2983.0,53.21133920969512,8.712872424499416,3.732680553479397e+27
2993.0,53.2113032153732,8.712868694282138,3.7129884439882546e+27
3003.0,53.211267393839826,8.712864981970622,3.6934653877602815e+27
3013.0,53.21123174369238,8.712861287419521,3.674109377777966e+27
3023.0,53.21119626354427,8.712857610485152,3.654918437405324e+27
3033.0,53.211160952024635,8.71285395102546,3.635890619829437e+27
3043.0,53.21112580777819,8.712850308900006,3.617024007514053e+27
3053.0,53.211090829464936,8.71284668396993,3.5983167116649533e+27
3063.0,53.211056015759965,8.712843076097943,3.5797668717067947e+27
3073.0,53.21102136535325,8.712839485148294,3.5613726547711475e+27
3083.0,53.21098687694939,8.712835910986746,3.5431322551954445e+27
3093.0,53.21095254926747,8.712832353480565,3.5250438940325866e+27
3103.0,53.21091838104077,8.712828812498488,3.507105818570932e+27
3113.0,53.210884371016625,8.71282528791071,3.489316301864428e+27
3123.0,53.2108505179562,8.71282177958886,3.471673642272632e+27
3133.0,53.2108168206343,8.71281828740597,3.454176163010385e+27
3143.0,53.21078327783916,8.712814811236475,3.4368222117069026e+27
3153.0,53.210749888372284,8.712811350956182,3.4196101599740676e+27
3163.0,53.21071665104822,8.71280790644225,3.402538402983684e+27
3173.0,53.21068356469443,8.712804477573172,3.3856053590535004e+27
3183.0,53.21065062815105,8.712801064228762,3.368809469241778e+27
3193.0,53.210617840270764,8.712797666290124,3.352149196950212e+27
3203.0,53.2105851999186,8.712794283639651,3.335623027534996e+27
3213.0,53.210552705971764,8.712790916160992,3.3192294679258525e+27
3223.0,53.21052035731948,8.712787563739042,3.302967046252831e+27
3233.0,53.21048815286282,8.712784226259927,3.2868343114806943e+27
3243.0,53.21045609151454,8.71278090361098,3.2708298330507214e+27
3253.0,53.210424172198906,8.712777595680727,3.2549522005297456e+27
3263.0,53.21039239385158,8.712774302358879,3.239200023266266e+27
3273.0,53.210360755419416,8.7127710235363,3.223571930053467e+27
3283.0,53.21032925586034,8.71276775910501,3.208066568798985e+27
3293.0,53.210297894143174,8.712764508958147,3.192682606201272e+27
3303.0,53.21026666924753,8.712761272989978,3.177418727432395e+27
3313.0,53.21023558016362,8.712758051095859,3.1622736358271376e+27
3323.0,53.21020462589214,8.712754843172242,3.147246052578246e+27
3333.0,53.21017380544412,8.712751649116642,3.1323347164376943e+27
3343.0,53.21014311784081,8.712748468827634,3.117538383423817e+27
3353.0,53.210112562113494,8.712745302204839,3.102855826534189e+27
3363.0,53.21008213730341,8.712742149148902,3.0882858354641207e+27
3373.0,53.21005184246158,8.712739009561485,3.073827216330632e+27
3383.0,53.21002167664872,8.712735883345253,3.059478791401804e+27
3393.0,53.20999163893507,8.712732770403862,3.0452393988313605e+27
3403.0,53.20996172840031,8.712729670641941,3.031107892398391e+27
3413.0,53.209931944133395,8.712726583965084,3.017083141252077e+27
3423.0,53.20990228523247,8.712723510279835,3.003164029661331e+27
3433.0,53.209872750804735,8.712720449493679,2.989349456769218e+27
3443.0,53.20984333996633,8.712717401515022,2.9756383363520846e+27
3453.0,53.20981405184222,8.71271436625319,2.962029596583257e+27
3463.0,53.20978488556609,8.71271134361841,2.9485221798012355e+27
3473.0,53.2097558402802,8.7127083335218,2.9351150422822746e+27
3483.0,53.20972691513533,8.712705335875356,2.921807154017258e+27
3493.0,53.20969810929062,8.712702350591943,2.9085974984927695e+27
3503.0,53.2096694219135,8.71269937758529,2.8954850724762775e+27
3513.0,53.209640852179575,8.712696416769962,2.882468885805339e+27
3523.0,53.209612399272494,8.712693468061367,2.8695479611807346e+27
3533.0,53.20958406238389,8.712690531375738,2.856721333963461e+27
3543.0,53.20955584071326,8.712687606630123,2.8439880519754775e+27
3553.0,53.209527733467866,8.712684693742371,2.831347175304157e+27
3563.0,53.20949973986264,8.71268179263113,2.818797776110331e+27
3573.0,53.20947185912009,8.71267890321583,2.806338938439876e+27
3583.0,53.20944409047021,8.71267602541668,2.793969758038752e+27
3593.0,53.20941643315036,8.71267315915465,2.78168934217143e+27
3603.0,53.20938888640523,8.71267030435147,2.7694968094426294e+27
3613.0,53.209361449486686,8.712667460929616,2.7573912896223036e+27
3623.0,53.20933412165374,8.712664628812298,2.7453719234737977e+27
3633.0,53.209306902172415,8.71266180792346,2.733437862585118e+27
3643.0,53.209279790315684,8.712658998187761,2.7215882692032513e+27
3653.0,53.20925278536339,8.712656199530574,2.7098223160714554e+27
3663.0,53.20922588660214,8.712653411877975,2.698139186269483e+27
3673.0,53.209199093325246,8.71265063515673,2.6865380730566553e+27
3683.0,53.20917240483263,8.712647869294294,2.675018179717748e+27
3693.0,53.20914582043075,8.712645114218798,2.6635787194116096e+27
3703.0,53.20911933943252,8.71264236985904,2.6522189150224764e+27
3713.0,53.20909296115724,8.71263963614448,2.6409379990139167e+27
3723.0,53.2090666849305,8.712636913005237,2.6297352132853547e+27
3733.0,53.20904051008412,8.712634200372065,2.618609809031123e+27
3743.0,53.209014435956085,8.712631498176364,2.607561046601993e+27
3753.0,53.20898846189045,8.712628806350159,2.596588195369125e+27
3763.0,53.20896258723728,8.7126261248261,2.5856905335904005e+27
3773.0,53.20893681135258,8.712623453537452,2.574867348279084e+27
3783.0,53.20891113359822,8.712620792418088,2.564117935074767e+27
3793.0,53.20888555334187,8.712618141402482,2.5534415981165473e+27
3803.0,53.20886006995694,8.712615500425702,2.5428376499184034e+27
3813.0,53.20883468282249,8.7126128694234,2.5323054112467183e+27
3823.0,53.208809391323186,8.712610248331817,2.521844210999908e+27
3833.0,53.20878419484922,8.712607637087753,2.511453386090116e+27
3843.0,53.20875909279628,8.712605035628592,2.501132281326932e+27
3853.0,53.20873408456542,8.712602443892262,2.490880249303095e+27
3863.0,53.208709169563065,8.712599861817255,2.480696650282143e+27
3873.0,53.20868434720092,8.712597289342607,2.4705808520879673e+27
3883.0,53.20865961689591,8.712594726407895,2.4605322299962407e+27
3893.0,53.20863497807011,8.712592172953233,2.450550166627677e+27
3903.0,53.20861043015071,8.712589628919261,2.44063405184309e+27
3913.0,53.208585972569956,8.712587094247144,2.4307832826402154e+27
3923.0,53.20856160476506,8.71258456887856,2.4209972630522625e+27
3933.0,53.20853732617818,8.712582052755707,2.411275404048163e+27
3943.0,53.20851313625635,8.712579545821276,2.4016171234344798e+27
3953.0,53.20848903445142,8.712577048018469,2.3920218457589527e+27
3963.0,53.20846502022001,8.712574559290976,2.38248900221564e+27
3973.0,53.20844109302345,8.712572079582975,2.373018030551633e+27
3983.0,53.20841725232775,8.712569608839127,2.363608374975309e+27
3993.0,53.208393497603495,8.712567147004577,2.3542594860660962e+27
4003.0,53.20836982832586,8.712564694024936,2.344970820685719e+27
4013.0,53.208346243974496,8.712562249846279,2.3357418418909012e+27
4023.0,53.20832274403355,8.712559814415153,2.3265720188474928e+27
4033.0,53.208299327991554,8.712557387678554,2.3174608267459975e+27
4043.0,53.208275995341396,8.712554969583932,2.308407746718476e+27
4053.0,53.20825274558029,8.712552560079184,2.2994122657567958e+27
4063.0,53.2082295782097,8.71255015911265,2.2904738766322043e+27
4073.0,53.20820649273533,8.712547766633104,2.2815920778162e+27
4083.0,53.20818348866703,8.712545382589756,2.272766373402681e+27
4093.0,53.2081605655188,8.712543006932242,2.2639962730313385e+27
4103.0,53.208137722808715,8.712540639610621,2.2552812918122858e+27
4113.0,53.20811496005888,8.71253828057537,2.2466209502518836e+27
4123.0,53.2080922767954,8.712535929777381,2.2380147741797563e+27
4133.0,53.208069672548326,8.712533587167954,2.2294622946769636e+27
4143.0,53.208047146851634,8.712531252698795,2.2209630480053176e+27
4153.0,53.208024699243154,8.712528926322012,2.2125165755378122e+27
4163.0,53.208002329264545,8.712526607990108,2.2041224236901585e+27
4173.0,53.20798003646125,8.712524297655976,2.195780143853395e+27
4183.0,53.20795782038246,8.712521995272905,2.1874892923275578e+27
4193.0,53.20793568058107,8.712519700794557,2.179249430256391e+27
4203.0,53.207913616613645,8.71251741417498,2.1710601235630806e+27
4213.0,53.207891628040365,8.7125151353686,2.162920942886989e+27
4223.0,53.207869714425,8.712512864330211,2.1548314635213748e+27
4233.0,53.20784787533489,8.712510601014975,2.1467912653520822e+27
4243.0,53.207826110340875,8.71250834537842,2.1387999327971793e+27
4253.0,53.20780441901727,8.712506097376435,2.1308570547475294e+27
4263.0,53.20778280094184,8.712503856965261,2.1229622245082784e+27
4273.0,53.20776125569575,8.712501624101497,2.115115039741246e+27
4283.0,53.207739782863534,8.712499398742091,2.107315102408197e+27
4293.0,53.20771838203306,8.71249718084433,2.0995620187149845e+27
4303.0,53.207697052795496,8.712494970365855,2.0918553990565467e+27
4313.0,53.20767579474529,8.712492767264632,2.0841948579627403e+27
4323.0,53.20765460748011,8.71249057149897,2.0765800140449996e+27
4333.0,53.20763349060081,8.712488383027507,2.0690104899438047e+27
4343.0,53.20761244371145,8.712486201809213,2.0614859122769458e+27
4353.0,53.20759146641918,8.712484027803379,2.054005911588567e+27
4363.0,53.20757055833429,8.712481860969618,2.0465701222989805e+27
4373.0,53.207549719070116,8.71247970126786,2.0391781826552347e+27
4383.0,53.207528948243045,8.712477548658352,2.031829734682423e+27
4393.0,53.20750824547247,8.712475403101656,2.024524424135723e+27
4403.0,53.20748761038076,8.712473264558636,2.017261900453151e+27
4413.0,53.20746704259324,8.712471132990464,2.0100418167090202e+27
4423.0,53.20744654173814,8.712469008358616,2.002863829568093e+27
4433.0,53.20742610744661,8.712466890624867,1.9957275992404108e+27
4443.0,53.207405739352616,8.712464779751286,1.9886327894367942e+27
4453.0,53.207385437092995,8.712462675700243,1.9815790673249993e+27
4463.0,53.20736520030737,8.712460578434387,1.97456610348652e+27
4473.0,53.207345028638144,8.712458487916663,1.967593571874028e+27
4483.0,53.20732492173047,8.712456404110299,1.9606611497694318e+27
4493.0,53.20730487923221,8.712454326978804,1.953768517742556e+27
4503.0,53.20728490079394,8.712452256485967,1.946915359610418e+27
4513.0,53.207264986068886,8.712450192595853,1.9401013623971028e+27
4523.0,53.207245134712934,8.7124481352728,1.9333262162942188e+27
4533.0,53.20722534638457,8.712446084481419,1.9265896146219276e+27
4543.0,53.20720562074487,8.71244404018659,1.9198912537905384e+27
4553.0,53.2071859574575,8.712442002353454,1.9132308332626568e+27
4563.0,53.20716635618862,8.71243997094742,1.9066080555158793e+27
4573.0,53.20714681660696,8.712437945934155,1.9000226260060245e+27
4583.0,53.20712733838369,8.71243592727959,1.8934742531308902e+27
4593.0,53.20710792119248,8.7124339149499,1.8869626481945325e+27
4603.0,53.20708856470943,8.712431908911523,1.880487525372053e+27
4613.0,53.207069268613054,8.712429909131142,1.874048601674889e+27
4623.0,53.20705003258428,8.712427915575695,1.8676455969165943e+27
4633.0,53.20703085630639,8.71242592821236,1.8612782336791138e+27
4643.0,53.207011739465024,8.71242394700856,1.854946237279525e+27
4653.0,53.20699268174815,8.712421971931958,1.848649335737259e+27
4663.0,53.20697368284604,8.71242000295046,1.8423872597417768e+27
4673.0,53.20695474245126,8.712418040032205,1.8361597426207058e+27
4683.0,53.20693586025862,8.712416083145566,1.8299665203084206e+27
4693.0,53.206917035965176,8.71241413225915,1.8238073313150648e+27
4703.0,53.20689826927021,8.712412187341796,1.8176819166960057e+27
4713.0,53.206879559875205,8.712410248362566,1.8115900200217174e+27
4723.0,53.20686090748381,8.71240831529075,1.80553138734808e+27
4733.0,53.206842311801836,8.712406388095864,1.7995057671870937e+27
4743.0,53.206823772537234,8.71240446674764,1.7935129104779976e+27
4753.0,53.206805289400066,8.712402551216035,1.7875525705587892e+27
4763.0,53.2067868621025,8.712400641471218,1.7816245031381374e+27
4773.0,53.20676849035876,8.712398737483577,1.7757284662676815e+27
4783.0,53.20675017388516,8.712396839223713,1.7698642203147102e+27
4793.0,53.20673191240004,8.712394946662437,1.7640315279352188e+27
4803.0,53.20671370562375,8.71239305977077,1.7582301540473313e+27
4813.0,53.20669555327865,8.712391178519942,1.752459865805089e+27
4823.0,53.206677455089086,8.712389302881384,1.7467204325725947e+27
4833.0,53.20665941078136,8.712387432826734,1.7410116258985086e+27
4843.0,53.20664142008374,8.712385568327834,1.7353332194908917e+27
4853.0,53.2066234827264,8.712383709356722,1.729684989192389e+27
4863.0,53.206605598441435,8.712381855885631,1.7240667129557497e+27
4873.0,53.20658776696284,8.712380007887003,1.718478170819675e+27
4883.0,53.20656998802648,8.712378165333458,1.7129191448849958e+27
4893.0,53.20655226137008,8.712376328197822,1.7073894192911658e+27
4903.0,53.2065345867332,8.712374496453103,1.701888780193072e+27
4913.0,53.20651696385724,8.712372670072504,1.6964170157381567e+27
4923.0,53.20649939248541,8.712370849029412,1.6909739160438435e+27
4933.0,53.20648187236271,8.712369033297405,1.6855592731752644e+27
4943.0,53.206464403235906,8.712367222850236,1.680172881123284e+27
4953.0,53.206446984853535,8.71236541766185,1.674814535782815e+27
4963.0,53.206429616965885,8.712363617706368,1.6694840349314214e+27
4973.0,53.20641229932496,8.712361822958089,1.6641811782082042e+27
4983.0,53.206395031684494,8.712360033391494,1.658905767092966e+27
4993.0,53.206377813799904,8.712358248981237,1.6536576048856497e+27
5003.0,53.206360645428305,8.712356469702149,1.6484364966860487e+27
