Time,Mass,Radius,Lx
23.0,53.47334005120631,8.74,1.3e+30
33.0,53.4655347263592,8.739192542538083,1.3e+30
43.0,53.45773028857387,8.738385133576472,1.3e+30
53.0,53.44992673777735,8.737577773113738,1.3e+30
63.0,53.442124073896686,8.736770461148451,1.3e+30
73.0,53.43432229685892,8.735963197679178,1.3e+30
83.0,53.42652140659111,8.735155982704491,1.3e+30
93.0,53.41872140302029,8.73434881622296,1.3e+30
103.0,53.41092228607354,8.733541698233154,1.3e+30
113.0,53.403124055677914,8.732734628733642,1.3e+30
123.0,53.395326711760475,8.731927607722996,1.3e+30
133.0,53.38753025424829,8.731120635199785,1.3e+30
143.0,53.379734683068435,8.730313711162577,1.3e+30
153.0,53.37193999814799,8.729506835609945,1.3e+30
163.0,53.36414619941402,8.728700008540454,1.3e+30
173.0,53.356353286793635,8.727893229952679,1.3e+30
183.0,53.348561260213906,8.727086499845187,1.3e+30
193.0,53.34077011960193,8.72627981821655,1.3e+30
203.0,53.3329798648848,8.725473185065336,1.3e+30
213.0,53.32519049598962,8.724666600390115,1.3e+30
223.0,53.31740201284349,8.723860064189457,1.3e+30
233.0,53.30961441537352,8.723053576461934,1.3e+30
243.0,53.30187016012647,8.722251534389207,1.2541429960944086e+30
253.0,53.29473388760624,8.721512420825752,1.1161325563380528e+30
263.0,53.2883150052448,8.720847577311892,9.97809074940249e+29
273.0,53.28251779273313,8.720247098740069,8.957679812813632e+29
283.0,53.27726222317453,8.719702703126822,8.072895134077068e+29
293.0,53.27248094424323,8.719207419551799,7.301829367428829e+29
303.0,53.26811692013265,8.718755344364462,6.626700397277004e+29
313.0,53.264121573250314,8.718341449030666,6.032970956671398e+29
323.0,53.260453307614675,8.71796142742805,5.5086769046970675e+29
333.0,53.25707632648583,8.717611573555308,5.043910073372929e+29
343.0,53.253959678761525,8.717288682891443,4.630416749157489e+29
353.0,53.25107648467211,8.716989972293607,4.261283462807125e+29
363.0,53.24840330306754,8.716713014536602,3.930689272855705e+29
373.0,53.24591961131432,8.716455684498372,3.633709103718077e+29
383.0,53.24360737535178,8.71621611467066,3.366156585469188e+29
393.0,53.241450692388675,8.715992658183525,3.1244576782043998e+29
403.0,53.2394354924742,8.715783857920384,2.905548451886703e+29
413.0,53.23754928805531,8.715588420597552,2.7067919429518936e+29
423.0,53.23578096285513,8.71540519491218,2.525910169315647e+29
433.0,53.23412059313533,8.715233153041046,2.360928260490253e+29
443.0,53.23255929575779,8.715071374912531,2.2101283241690305e+29
453.0,53.231089098525686,8.7149190347842,2.0720111789165917e+29
463.0,53.229702829127454,8.714775389745672,1.9452644738276307e+29
473.0,53.22839401967831,8.71463976983577,1.82873601900731e+29
483.0,53.22715682439182,8.714511569518717,1.721411386767247e+29
493.0,53.225985948346185,8.714390240308704,1.6223950283521205e+29
503.0,53.22487658565965,8.71427528436845,1.5308942966642789e+29
513.0,53.223824365673245,8.714166248936658,1.446205880767346e+29
523.0,53.22282530597079,8.714062721463282,1.3677042496945083e+29
533.0,53.221875771255625,8.713964325351128,1.2948317764253073e+29
543.0,53.220972437259746,8.713870716218443,1.227090271785195e+29
553.0,53.22011225898969,8.713781578610542,1.1640337055170188e+29
563.0,53.2192924427204,8.713696623099448,1.1052619302383796e+29
573.0,53.2185104212371,8.71361558371987,1.0504152552757598e+29
583.0,53.2177638318992,8.71353821569737,9.991697428971188e+28
593.0,53.21705049716259,8.713464293431088,9.512331203827561e+28
603.0,53.216368407248495,8.713393608698745,9.063412185746676e+28
613.0,53.21571570469132,8.713325969056232,8.64254861737127e+28
623.0,53.21509067053479,8.713261196407869,8.247571453110657e+28
633.0,53.21449171197744,8.713199125726772,7.876510479037928e+28
643.0,53.21391735129498,8.713139603907448,7.527573319863957e+28
653.0,53.213366215890204,8.713082488735159,7.199126945658474e+28
663.0,53.21283702934024,8.713027647958578,6.889681347935927e+28
673.0,53.212328603328,8.71297495845402,6.597875102587363e+28
683.0,53.211839830358684,8.712924305470978,6.32246257747833e+28
693.0,53.211369677174936,8.712875581950021,6.06230257662003e+28
703.0,53.210917178794425,8.712828687905155,5.816348241699602e+28
713.0,53.2104814331033,8.712783529863762,5.583638056282218e+28
723.0,53.2100615959466,8.712740020358014,5.363287818879153e+28
733.0,53.2096568766639,8.712698077462392,5.154483468895384e+28
743.0,53.20926653402424,8.712657624372575,4.956474664711537e+28
753.0,53.2088898725199,8.712618589021497,4.768569026219922e+28
763.0,53.208526238983005,8.71258090372884,4.590126965357968e+28
773.0,53.20817501949307,8.712544504880658,4.4205570378441805e+28
783.0,53.207835636546996,8.7125093326362,4.259311757656206e+28
793.0,53.207507546466296,8.712475330659299,4.105883822994243e+28
803.0,53.20719023701892,8.712442445871995,3.959802708711313e+28
813.0,53.20688322523549,8.712410628228287,3.8206315856044065e+28
823.0,53.20658605540188,8.712379830506169,3.687964531665052e+28
833.0,53.206298297212,8.712350008116246,3.5614240044844747e+28
843.0,53.20601954406619,8.712321118925441,3.4406585475817872e+28
853.0,53.20574941150219,8.712293123094444,3.3253407065459103e+28
863.0,53.205487535747,8.712265982927661,3.2151651336144923e+28
873.0,53.20523357237891,8.71223966273461,3.109846861708507e+28
883.0,53.20498719509032,8.712214128701728,3.0091197310443923e+28
893.0,53.20474809454256,8.712189348773721,2.9127349532950263e+28
903.0,53.204515977305064,8.712165292543661,2.8204597998995407e+28
913.0,53.204290564871734,8.712141931151065,2.7320764025584943e+28
923.0,53.20407159274812,8.712119237187322,2.647380655219643e+28
933.0,53.203858809603666,8.712097184607849,2.566181207981722e+28
943.0,53.203651976483656,8.71207574865045,2.488298544337532e+28
953.0,53.203450866076146,8.71205490575936,2.4135641340590457e+28
963.0,53.20325526202948,8.712034633514516,2.34181965481001e+28
973.0,53.20306495831643,8.712014910565694,2.2729162762675017e+28
983.0,53.20287975864132,8.711995716571067,2.206714001153521e+28
993.0,53.20269947588681,8.711977032139886,2.1430810581300393e+28
1003.0,53.20252382774857,8.711958828016092,2.090081135351165e+28
1013.0,53.20235121527447,8.711940938486183,2.057564507998924e+28
1023.0,53.202181049201485,8.71192330248005,2.0258657787155107e+28
1033.0,53.2020132713541,8.711905913969266,1.9949566780668547e+28
1043.0,53.201847825487576,8.711888767125469,1.9648101746444167e+28
1053.0,53.20168465720612,8.71187185631189,1.9354004096365916e+28
1063.0,53.20152371388516,8.711855176075284,1.90670263543932e+28
1073.0,53.20136494459764,8.71183872113831,1.8786931580213176e+28
1083.0,53.20120830004405,8.711822486392274,1.851349282781836e+28
1093.0,53.20105373248589,8.711806466890229,1.824649263659377e+28
1103.0,53.20090119568251,8.711790657840442,1.7985722552685233e+28
1113.0,53.20075064483101,8.711775054600153,1.7730982678592005e+28
1123.0,53.20060203650907,8.71175965266967,1.748208124908331e+28
1133.0,53.20045532862055,8.71174444768671,1.723883423168225e+28
1143.0,53.200310480343695,8.711729435421052,1.700106495009184e+28
1153.0,53.200167452081786,8.71171461176941,1.6768603729058693e+28
1163.0,53.200026205416115,8.711699972750571,1.6541287559280541e+28
1173.0,53.199886703061146,8.711685514500735,1.6318959781065499e+28
1183.0,53.199748908821775,8.711671233269099,1.6101469785544454e+28
1193.0,53.1996127875525,8.711657125413627,1.588867273232399e+28
1203.0,53.19947830511851,8.711643187397005,1.5680429282546348e+28
1213.0,53.19934542835846,8.711629415782799,1.5476605346395964e+28
1223.0,53.19921412504898,8.711615807231764,1.5277071844159233e+28
1233.0,53.19908436387068,8.711602358498334,1.5081704480006252e+28
1243.0,53.19895611437573,8.711589066427255,1.4890383527720523e+28
1253.0,53.19882934695679,8.711575927950364,1.4702993627655415e+28
1263.0,53.19870403281733,8.711562940083518,1.4519423594245204e+28
1273.0,53.19858014394319,8.711550099923649,1.433956623344352e+28
1283.0,53.198457653075366,8.711537404645942,1.41633181695041e+28
1293.0,53.198336533683964,8.711524851501128,1.3990579680557288e+28
1303.0,53.19821675994323,8.711512437812912,1.3821254542471741e+28
1313.0,53.198098306707585,8.711500160975476,1.3655249880524102e+28
1323.0,53.19798114948874,8.711488018451114,1.3492476028430196e+28
1333.0,53.197865264433645,8.71147600776795,1.333284639432007e+28
1343.0,53.19775062830342,8.711464126517745,1.3176277333265775e+28
1353.0,53.19763721845307,8.711452372353808,1.3022688025995552e+28
1363.0,53.197525012812065,8.711440742988973,1.2872000363451093e+28
1373.0,53.19741398986569,8.711429236193668,1.272413883686598e+28
1383.0,53.19730412863706,8.711417849794062,1.257903043306326e+28
1393.0,53.197195408669955,8.711406581670268,1.2436604534688825e+28
1403.0,53.197087810012235,8.711395429754639,1.2296792825114366e+28
1413.0,53.19698131319992,8.711384392030117,1.2159529197759997e+28
1423.0,53.1968758992419,8.711373466528642,1.2024749669601522e+28
1433.0,53.19677154960522,8.71136265132963,1.1892392298641452e+28
1443.0,53.196668246200886,8.711351944558505,1.1762397105136008e+28
1453.0,53.19656597137028,8.711341344385286,1.1634705996382474e+28
1463.0,53.19646470787202,8.711330849023234,1.1509262694882854e+28
1473.0,53.19636443886929,8.71132045672753,1.1386012669710393e+28
1483.0,53.196265147917735,8.711310165794023,1.1264903070915544e+28
1493.0,53.19616681895369,8.711299974558015,1.114588266681745e+28
1503.0,53.19606943628291,8.711289881393089,1.102890178403556e+28
1513.0,53.19597298456966,8.711279884709977,1.0913912250124469e+28
1523.0,53.19587744882622,8.711269982955478,1.0800867338682597e+28
1533.0,53.195782814402776,8.711260174611406,1.0689721716812628e+28
1543.0,53.19568906697764,8.711250458193575,1.058043139481841e+28
1553.0,53.19559619254784,8.71124083225083,1.0472953678029298e+28
1563.0,53.195504177420005,8.7112312953641,1.036724712064904e+28
1573.0,53.195413008201605,8.711221846145483,1.0263271481531739e+28
1583.0,53.19532267179247,8.711212483237384,1.0160987681792809e+28
1593.0,53.195233155376606,8.711203205311648,1.0060357764167797e+28
1603.0,53.195144446414304,8.711194011068752,9.961344854036515e+27
1613.0,53.195056532634474,8.711184899237015,9.863913122034388e+27
1623.0,53.19496940202729,8.711175868571823,9.768027748177005e+27
1633.0,53.19488304283704,8.7111669178549,9.67365488742779e+27
1643.0,53.194797443555245,8.711158045893589,9.580761636642259e+27
1653.0,53.19471259291398,8.71114925152016,9.489316002825918e+27
1663.0,53.19462847987943,8.711140533591147,9.399286872645987e+27
1673.0,53.19454509364563,8.711131890986694,9.310643983140233e+27
1683.0,53.19446242362847,8.711123322609932,9.223357893569133e+27
1693.0,53.19438045945982,8.71111482738638,9.137399958360179e+27
1703.0,53.19429919098188,8.711106404263349,9.05274230109589e+27
1713.0,53.19421860824172,8.71109805220938,8.96935778949935e+27
1723.0,53.19413870148596,8.711089770213698,8.887220011373481e+27
1733.0,53.19405946115566,8.711081557285674,8.806303251452434e+27
1743.0,53.19398087788132,8.711073412454308,8.726582469125438e+27
1753.0,53.19390294247809,8.71106533476774,8.648033276995488e+27
1763.0,53.193825645941075,8.71105732329276,8.570631920237025e+27
1773.0,53.193748979440834,8.711049377114334,8.49435525671848e+27
1783.0,53.193672934318975,8.711041495335156,8.419180737857249e+27
1793.0,53.19359750208391,8.711033677075209,8.345086390176169e+27
1803.0,53.19352267440674,8.711025921471334,8.272050797532034e+27
1813.0,53.19344844311724,8.711018227676812,8.200053083988135e+27
1823.0,53.19337480019998,8.711010594860971,8.129072897304038e+27
1833.0,53.193301737790584,8.711003022208788,8.059090393017164e+27
1843.0,53.19322924817203,8.710995508920512,7.990086219091827e+27
1853.0,53.19315732377117,8.710988054211303,7.922041501112572e+27
1863.0,53.193085957155226,8.710980657310866,7.854937827999701e+27
1873.0,53.19301514102849,8.710973317463113,7.788757238225886e+27
1883.0,53.192944868229056,8.710966033925816,7.723482206513706e+27
1893.0,53.19287513172569,8.710958805970296,7.659095630994922e+27
1903.0,53.19280592461477,8.710951632881097,7.595580820813075e+27
1913.0,53.19273724011727,8.71094451395567,7.532921484151906e+27
1923.0,53.19266907157593,8.710937448504088,7.471101716672822e+27
1933.0,53.19260141245242,8.710930435848752,7.410105990345382e+27
1943.0,53.19253425632461,8.710923475324101,7.349919142655515e+27
1953.0,53.19246759688394,8.71091656627634,7.290526366176811e+27
1963.0,53.1924014279328,8.710909708063184,7.231913198490886e+27
1973.0,53.192335743382074,8.710902900053577,7.174065512443448e+27
1983.0,53.19227053724867,8.71089614162746,7.116969506723222e+27
1993.0,53.192205803653145,8.710889432175511,7.060611696751503e+27
2003.0,53.19214153681743,8.710882771098916,7.004978905870561e+27
2013.0,53.19207773106256,8.71087615780913,6.9500582568197e+27
2023.0,53.192014380806505,8.710869591727656,6.895837163488174e+27
2033.0,53.191951480562025,8.710863072285813,6.842303322934677e+27
2043.0,53.191889024934625,8.71085659892454,6.78944470766351e+27
2053.0,53.191827008620535,8.710850171094174,6.737249558147974e+27
2063.0,53.19176542640475,8.71084378825425,6.685706375591914e+27
2073.0,53.19170427315912,8.710837449873306,6.634803914920715e+27
2083.0,53.191643543840485,8.71083115542869,6.584531177993409e+27
2093.0,53.19158323348888,8.710824904406364,6.534877407027916e+27
2103.0,53.19152333722577,8.710818696300736,6.485832078231711e+27
2113.0,53.191463850252326,8.710812530614472,6.437384895630586e+27
2123.0,53.19140476784776,8.710806406858323,6.389525785088442e+27
2133.0,53.19134608536768,8.710800324550963,6.342244888511314e+27
2143.0,53.19128779824252,8.710794283218814,6.295532558229129e+27
2153.0,53.19122990197599,8.710788282395894,6.24937935154897e+27
2163.0,53.191172392143535,8.71078232162366,6.203776025473794e+27
2173.0,53.19111526439092,8.710776400450847,6.158713531580889e+27
2183.0,53.19105851443276,8.710770518433334,6.114183011054509e+27
2193.0,53.191002138051104,8.710764675133982,6.070175789867359e+27
2203.0,53.190946131094115,8.710758870122508,6.026683374105825e+27
2213.0,53.19089048947471,8.710753102975337,5.983697445434027e+27
2223.0,53.19083520916927,8.710747373275474,5.941209856691981e+27
2233.0,53.19078028621638,8.710741680612367,5.899212627623287e+27
2243.0,53.19072571671557,8.71073602458178,5.857697940728021e+27
2253.0,53.19067149682614,8.710730404785677,5.816658137236578e+27
2263.0,53.19061762276598,8.710724820832082,5.776085713200457e+27
2273.0,53.19056409081039,8.710719272334984,5.735973315696062e+27
2283.0,53.190510897291006,8.710713758914197,5.696313739137784e+27
2293.0,53.19045803859466,8.710708280195263,5.65709992169678e+27
2303.0,53.19040551116235,8.710702835809332,5.618324941821917e+27
2313.0,53.190353311488174,8.710697425393064,5.579982014859597e+27
2323.0,53.19030143611832,8.71069204858851,5.5420644897692e+27
2333.0,53.19024988165007,8.710686705043022,5.504565845931068e+27
2343.0,53.19019864473083,8.710681394409141,5.467479690044014e+27
2353.0,53.19014772205718,8.71067611634451,5.430799753109507e+27
2363.0,53.190097110373955,8.710670870511768,5.394519887499714e+27
2373.0,53.19004680647332,8.71066565657846,5.358634064106775e+27
2383.0,53.1899968071939,8.710660474216946,5.323136369570685e+27
2393.0,53.18994710941991,8.710655323104316,5.288021003583316e+27
2403.0,53.189897710080324,8.710650202922288,5.253282276266181e+27
2413.0,53.189848606148026,8.710645113357142,5.218914605619628e+27
2423.0,53.189799794639015,8.710640054099615,5.184912515041214e+27
2433.0,53.189751272611616,8.710635024844843,5.151270630911126e+27
2443.0,53.18970303716571,8.710630025292257,5.117983680242569e+27
2453.0,53.18965508544197,8.71062505514552,5.085046488395105e+27
2463.0,53.18960741462114,8.710620114112453,5.052453976849009e+27
2473.0,53.1895600219233,8.710615201904941,5.020201161038791e+27
2483.0,53.189512904607156,8.710610318238889,4.98828314824405e+27
2493.0,53.18946605996936,8.710605462834117,4.956695135535962e+27
2503.0,53.18941948534384,8.71060063541432,4.925432407777659e+27
2513.0,53.18937317810113,8.710595835706982,4.8944903356769395e+27
2523.0,53.189327135647716,8.710591063443315,4.863864373889693e+27
2533.0,53.18928135542543,8.710586318358192,4.833550059172542e+27
2543.0,53.1892358349108,8.710581600190082,4.803543008583241e+27
2553.0,53.18919057161447,8.710576908680993,4.773838917727393e+27
2563.0,53.18914556308059,8.7105722435764,4.7444335590501514e+27
2573.0,53.18910080688624,8.710567604625195,4.7153227801715404e+27
2583.0,53.18905630064088,8.710562991579623,4.686502502264155e+27
2593.0,53.18901204198576,8.710558404195227,4.657968718471975e+27
2603.0,53.188968028593415,8.710553842230787,4.629717492369114e+27
2613.0,53.1889242581671,8.710549305448271,4.601744956457332e+27
2623.0,53.188880728440274,8.710544793612776,4.574047310701211e+27
2633.0,53.18883743717612,8.71054030649248,4.546620821099889e+27
2643.0,53.18879438216699,8.710535843858581,4.51946181829432e+27
2653.0,53.188751561233964,8.71053140548526,4.4925666962090457e+27
2663.0,53.18870897222635,8.710526991149615,4.4659319107274855e+27
2673.0,53.18866661302121,8.710522600631633,4.439553978399809e+27
2683.0,53.18862448152291,8.710518233714115,4.4134294751824675e+27
2693.0,53.18858257566265,8.710513890182655,4.3875550352084826e+27
2703.0,53.18854089339805,8.71050956982558,4.361927349587651e+27
2713.0,53.18849943271269,8.710505272433911,4.3365431652358174e+27
2723.0,53.1884581916157,8.710500997801311,4.3113992837324027e+27
2733.0,53.18841716814135,8.710496745724054,4.28649256020542e+27
2743.0,53.18837636034862,8.71049251600097,4.2618199022432046e+27
2753.0,53.18833576632082,8.710488308433417,4.2373782688321333e+27
2763.0,53.18829538416518,8.710484122825225,4.213164669319616e+27
2773.0,53.188255212012486,8.710479958982669,4.1891761624016685e+27
2783.0,53.1882152480167,8.710475816714425,4.165409855134403e+27
2793.0,53.18817549035456,8.710471695831531,4.1418629019687787e+27
2803.0,53.18813593722527,8.71046759614735,4.118532503807997e+27
2813.0,53.1880965868501,8.710463517477535,4.095415907086919e+27
2823.0,53.18805743747206,8.710459459639992,4.072510402872924e+27
2833.0,53.188018487355556,8.710455422454842,4.0498133259876243e+27
2843.0,53.18797973478605,8.710451405744388,4.0273220541488994e+27
2853.0,53.18794117806973,8.710447409333085,4.0050340071326904e+27
2863.0,53.18790281553319,8.710443433047502,3.982946645954044e+27
2873.0,53.187864645523135,8.710439476716283,3.961057472066896e+27
2883.0,53.18782666640602,8.710435540170135,3.939364026582101e+27
2893.0,53.187788876567794,8.710431623241771,3.917863889503228e+27
2903.0,53.187751274413586,8.710427725765898,3.896554678979668e+27
2913.0,53.1877138583674,8.710423847579182,3.8754340505765916e+27
2923.0,53.18767662687185,8.710419988520211,3.8544996965613276e+27
2933.0,53.187639578387845,8.710416148429474,3.8337493452057357e+27
2943.0,53.18760271139435,8.710412327149328,3.8131807601041674e+27
2953.0,53.18756602438808,8.710408524523974,3.792791739506602e+27
2963.0,53.18752951588327,8.710404740399422,3.7725801156665846e+27
2973.0,53.18749318441137,8.710400974623473,3.7525437542035844e+27
2983.0,53.18745702852083,8.710397227045686,3.732680553479397e+27
2993.0,53.18742104677681,8.710393497517352,3.7129884439882546e+27
3003.0,53.18738523776096,8.71038978589147,3.6934653877602815e+27
3013.0,53.187349600071144,8.710386092022725,3.674109377777966e+27
3023.0,53.187314132321255,8.710382415767459,3.654918437405324e+27
3033.0,53.18727883314093,8.71037875698364,3.635890619829437e+27
3043.0,53.18724370117534,8.710375115530859,3.617024007514053e+27
3053.0,53.18720873508496,8.710371491270282,3.5983167116649533e+27
3063.0,53.18717393354534,8.710367884064642,3.5797668717067947e+27
3073.0,53.18713929524691,8.710364293778213,3.5613726547711475e+27
3083.0,53.18710481889474,8.710360720276785,3.5431322551954445e+27
3093.0,53.18707050320833,8.71035716342765,3.5250438940325866e+27
3103.0,53.18703634692144,8.710353623099568,3.507105818570932e+27
3113.0,53.18700234878182,8.710350099162756,3.489316301864428e+27
3123.0,53.18696850755107,8.710346591488864,3.471673642272632e+27
3133.0,53.186934822004424,8.710343099950956,3.454176163010385e+27
3143.0,53.18690129093054,8.710339624423487,3.4368222117069026e+27
3153.0,53.18686791313134,8.710336164782282,3.4196101599740676e+27
3163.0,53.18683468742179,8.710332720904526,3.402538402983684e+27
3173.0,53.186801612629765,8.710329292668737,3.3856053590535004e+27
3183.0,53.1867686875958,8.710325879954745,3.368809469241778e+27
3193.0,53.18673591117298,8.710322482643683,3.352149196950212e+27
3203.0,53.18670328222673,8.71031910061796,3.335623027534996e+27
3213.0,53.186670799634655,8.71031573376125,3.3192294679258525e+27
3223.0,53.18663846228636,8.71031238195847,3.302967046252831e+27
3233.0,53.1866062690833,8.710309045095764,3.2868343114806943e+27
3243.0,53.1865742189386,8.710305723060486,3.2708298330507214e+27
3253.0,53.186542310776936,8.710302415741186,3.2549522005297456e+27
3263.0,53.18651054353431,8.71029912302759,3.239200023266266e+27
3273.0,53.18647891615796,8.710295844810588,3.223571930053467e+27
3283.0,53.18644742760616,8.710292580982214,3.208066568798985e+27
3293.0,53.18641607684812,8.710289331435632,3.192682606201272e+27
3303.0,53.18638486286378,8.710286096065124,3.177418727432395e+27
3313.0,53.18635378464372,8.710282874766067,3.1622736358271376e+27
3323.0,53.18632284118898,8.71027966743493,3.147246052578246e+27
3333.0,53.186292031510945,8.71027647396925,3.1323347164376943e+27
3343.0,53.18626135463119,8.71027329426762,3.117538383423817e+27
3353.0,53.18623080958135,8.710270128229679,3.102855826534189e+27
3363.0,53.186200395403,8.710266975756088,3.0882858354641207e+27
3373.0,53.18617011114749,8.710263836748533,3.073827216330632e+27
3383.0,53.18613995587586,8.710260711109692,3.059478791401804e+27
3393.0,53.18610992865868,8.71025759874324,3.0452393988313605e+27
3403.0,53.186080028575944,8.710254499553825,3.031107892398391e+27
3413.0,53.18605025471693,8.710251413447057,3.017083141252077e+27
3423.0,53.18602060618011,8.710248340329498,3.003164029661331e+27
3433.0,53.185991082072974,8.710245280108648,2.989349456769218e+27
3443.0,53.185961681511984,8.710242232692933,2.9756383363520846e+27
3453.0,53.18593240362241,8.710239197991692,2.962029596583257e+27
3463.0,53.185903247538235,8.710236175915174,2.9485221798012355e+27
3473.0,53.18587421240203,8.710233166374508,2.9351150422822746e+27
3483.0,53.18584529736486,8.71023016928171,2.921807154017258e+27
3493.0,53.18581650158616,8.71022718454966,2.9085974984927695e+27
3503.0,53.185787824233664,8.710224212092102,2.8954850724762775e+27
3513.0,53.185759264483245,8.710221251823619,2.882468885805339e+27
3523.0,53.18573082151885,8.710218303659632,2.8695479611807346e+27
3533.0,53.18570249453239,8.71021536751639,2.856721333963461e+27
3543.0,53.185674282723646,8.710212443310956,2.8439880519754775e+27
3553.0,53.18564618530015,8.710209530961196,2.831347175304157e+27
3563.0,53.18561820147711,8.710206630385771,2.818797776110331e+27
3573.0,53.18559033047731,8.71020374150413,2.806338938439876e+27
3583.0,53.18556257153101,8.710200864236489,2.793969758038752e+27
3593.0,53.18553492387584,8.71019799850384,2.78168934217143e+27
3603.0,53.18550738675675,8.710195144227926,2.7694968094426294e+27
3613.0,53.18547995942587,8.710192301331231,2.7573912896223036e+27
3623.0,53.18545264114247,8.710189469736989,2.7453719234737977e+27
3633.0,53.185425431172824,8.71018664936915,2.733437862585118e+27
3643.0,53.18539832879017,8.710183840152395,2.7215882692032513e+27
3653.0,53.185371333274595,8.710181042012103,2.7098223160714554e+27
3663.0,53.18534444391296,8.710178254874366,2.698139186269483e+27
3673.0,53.185317659998816,8.710175478665965,2.6865380730566553e+27
3683.0,53.18529098083234,8.710172713314366,2.675018179717748e+27
3693.0,53.185264405720226,8.710169958747715,2.6635787194116096e+27
3703.0,53.18523793397563,8.710167214894824,2.6522189150224764e+27
3713.0,53.185211564918085,8.710164481685165,2.6409379990139167e+27
3723.0,53.185185297873424,8.71016175904887,2.6297352132853547e+27
3733.0,53.1851591321737,8.710159046916704,2.618609809031123e+27
3743.0,53.185133067157125,8.710156345220083,2.607561046601993e+27
3753.0,53.18510710216798,8.710153653891041,2.596588195369125e+27
3763.0,53.18508123655657,8.710150972862245,2.5856905335904005e+27
3773.0,53.185055469679114,8.710148302066969,2.574867348279084e+27
3783.0,53.1850298008977,8.710145641439096,2.564117935074767e+27
3793.0,53.18500422958024,8.710142990913118,2.5534415981165473e+27
3803.0,53.18497875510033,8.71014035042411,2.5428376499184034e+27
3813.0,53.18495337683728,8.710137719907742,2.5323054112467183e+27
3823.0,53.18492809417595,8.710135099300256,2.521844210999908e+27
3833.0,53.184902906506764,8.710132488538477,2.511453386090116e+27
3843.0,53.1848778132256,8.710129887559788,2.501132281326932e+27
3853.0,53.184852813733734,8.710127296302137,2.490880249303095e+27
3863.0,53.1848279074378,8.710124714704024,2.480696650282143e+27
3873.0,53.1848030937497,8.710122142704497,2.4705808520879673e+27
3883.0,53.18477837208656,8.710119580243145,2.4605322299962407e+27
3893.0,53.18475374187067,8.710117027260091,2.450550166627677e+27
3903.0,53.184729202529425,8.710114483695987,2.44063405184309e+27
3913.0,53.18470475349525,8.71011194949201,2.4307832826402154e+27
3923.0,53.18468039420556,8.710109424589849,2.4209972630522625e+27
3933.0,53.18465612410271,8.710106908931706,2.411275404048163e+27
3943.0,53.18463194263393,8.710104402460294,2.4016171234344798e+27
3953.0,53.18460784925126,8.710101905118817,2.3920218457589527e+27
3963.0,53.1845838434115,8.710099416850976,2.38248900221564e+27
3973.0,53.18455992457619,8.710096937600964,2.373018030551633e+27
3983.0,53.1845360922115,8.71009446731345,2.363608374975309e+27
3993.0,53.18451234578822,8.710092005933587,2.3542594860660962e+27
4003.0,53.1844886847817,8.710089553406997,2.344970820685719e+27
4013.0,53.18446510867178,8.710087109679767,2.3357418418909012e+27
4023.0,53.18444161694278,8.71008467469845,2.3265720188474928e+27
4033.0,53.184418209083404,8.710082248410057,2.3174608267459975e+27
4043.0,53.18439488458673,8.710079830762043,2.308407746718476e+27
4053.0,53.18437164295015,8.710077421702318,2.2994122657567958e+27
4063.0,53.18434848367529,8.710075021179229,2.2904738766322043e+27
4073.0,53.18432540626804,8.710072629141562,2.2815920778162e+27
4083.0,53.18430241023841,8.710070245538533,2.272766373402681e+27
4093.0,53.184279495100576,8.710067870319792,2.2639962730313385e+27
4103.0,53.18425666037277,8.710065503435402,2.2552812918122858e+27
4113.0,53.18423390557727,8.710063144835852,2.2466209502518836e+27
4123.0,53.18421123024036,8.71006079447204,2.2380147741797563e+27
4133.0,53.18418863389225,8.710058452295282,2.2294622946769636e+27
4143.0,53.18416611606707,8.710056118257288,2.2209630480053176e+27
4153.0,53.18414367630281,8.710053792310175,2.2125165755378122e+27
4163.0,53.184121314141294,8.710051474406454,2.2041224236901585e+27
4173.0,53.18409902912813,8.710049164499031,2.195780143853395e+27
4183.0,53.184076820812656,8.710046862541196,2.1874892923275578e+27
4193.0,53.18405468874793,8.710044568486627,2.179249430256391e+27
4203.0,53.18403263249066,8.710042282289377,2.1710601235630806e+27
4213.0,53.1840106516012,8.710040003903881,2.162920942886989e+27
4223.0,53.18398874564346,8.71003773328494,2.1548314635213748e+27
4233.0,53.183966914184936,8.710035470387727,2.1467912653520822e+27
4243.0,53.18394515679661,8.710033215167776,2.1387999327971793e+27
4253.0,53.18392347305296,8.710030967580986,2.1308570547475294e+27
4263.0,53.183901862531876,8.710028727583603,2.1229622245082784e+27
4273.0,53.18388032481469,8.71002649513224,2.115115039741246e+27
4283.0,53.183858859486065,8.710024270183844,2.107315102408197e+27
4293.0,53.18383746613403,8.71002205269572,2.0995620187149845e+27
4303.0,53.18381614434989,8.710019842625506,2.0918553990565467e+27
4313.0,53.18379489372823,8.710017639931186,2.0841948579627403e+27
4323.0,53.18377371386686,8.710015444571072,2.0765800140449996e+27
4333.0,53.18375260436679,8.71001325650381,2.0690104899438047e+27
4343.0,53.183731564832186,8.710011075688376,2.0614859122769458e+27
4353.0,53.18371059487036,8.71000890208407,2.054005911588567e+27
4363.0,53.183689694091726,8.710006735650511,2.0465701222989805e+27
4373.0,53.18366886210976,8.710004576347641,2.0391781826552347e+27
4383.0,53.183648098540985,8.71000242413571,2.031829734682423e+27
4393.0,53.18362740300492,8.710000278975288,2.024524424135723e+27
4403.0,53.18360677512407,8.709998140827246,2.017261900453151e+27
4413.0,53.18358621452389,8.709996009652764,2.0100418167090202e+27
4423.0,53.18356572083275,8.709993885413326,2.002863829568093e+27
4433.0,53.18354529368191,8.709991768070712,1.9957275992404108e+27
4443.0,53.18352493270548,8.709989657587,1.9886327894367942e+27
4453.0,53.183504637540416,8.709987553924563,1.9815790673249993e+27
4463.0,53.18348440782647,8.709985457046063,1.97456610348652e+27
4473.0,53.18346424320617,8.709983366914448,1.967593571874028e+27
4483.0,53.183444143324785,8.709981283492953,1.9606611497694318e+27
4493.0,53.18342410783031,8.709979206745095,1.953768517742556e+27
4503.0,53.18340413637344,8.709977136634667,1.946915359610418e+27
4513.0,53.18338422860753,8.709975073125744,1.9401013623971028e+27
4523.0,53.18336438418857,8.70997301618267,1.9333262162942188e+27
4533.0,53.18334460277518,8.70997096577006,1.9265896146219276e+27
4543.0,53.18332488402855,8.709968921852802,1.9198912537905384e+27
4553.0,53.18330522761245,8.709966884396046,1.9132308332626568e+27
4563.0,53.18328563319319,8.709964853365204,1.9066080555158793e+27
4573.0,53.18326610043957,8.70996282872595,1.9000226260060245e+27
4583.0,53.18324662902291,8.709960810444219,1.8934742531308902e+27
4593.0,53.18322721861698,8.709958798486197,1.8869626481945325e+27
4603.0,53.183207868897995,8.709956792818327,1.880487525372053e+27
4613.0,53.183188579544584,8.709954793407297,1.874048601674889e+27
4623.0,53.18316935023778,8.70995280022005,1.8676455969165943e+27
4633.0,53.18315018066099,8.709950813223772,1.8612782336791138e+27
4643.0,53.18313107049995,8.70994883238589,1.854946237279525e+27
4653.0,53.18311201944274,8.709946857674076,1.848649335737259e+27
4663.0,53.183093027179744,8.70994488905624,1.8423872597417768e+27
4673.0,53.18307409340363,8.709942926500528,1.8361597426207058e+27
4683.0,53.183055217809326,8.709940969975317,1.8299665203084206e+27
4693.0,53.18303640009398,8.709939019449221,1.8238073313150648e+27
4703.0,53.183017639956994,8.709937074891085,1.8176819166960057e+27
4713.0,53.18299893709994,8.709935136269976,1.8115900200217174e+27
4723.0,53.18298029122657,8.70993320355519,1.80553138734808e+27
4733.0,53.18296170204281,8.70993127671625,1.7995057671870937e+27
4743.0,53.1829431692567,8.709929355722888,1.7935129104779976e+27
4753.0,53.18292469257842,8.709927440545073,1.7875525705587892e+27
4763.0,53.18290627172022,8.709925531152978,1.7816245031381374e+27
4773.0,53.182887906396445,8.709923627516995,1.7757284662676815e+27
4783.0,53.18286959632349,8.709921729607732,1.7698642203147102e+27
4793.0,53.1828513412198,8.709919837396004,1.7640315279352188e+27
4803.0,53.182833140805826,8.709917950852837,1.7582301540473313e+27
4813.0,53.18281499480402,8.709916069949466,1.752459865805089e+27
4823.0,53.182796902938826,8.709914194657332,1.7467204325725947e+27
4833.0,53.18277886493665,8.709912324948075,1.7410116258985086e+27
4843.0,53.18276088052584,8.70991046079354,1.7353332194908917e+27
4853.0,53.18274294943667,8.70990860216577,1.729684989192389e+27
4863.0,53.182725071401336,8.70990674903701,1.7240667129557497e+27
4873.0,53.18270724615391,8.709904901379698,1.718478170819675e+27
4883.0,53.18268947343036,8.709903059166466,1.7129191448849958e+27
4893.0,53.182671752968496,8.70990122237014,1.7073894192911658e+27
4903.0,53.18265408450798,8.709899390963736,1.701888780193072e+27
4913.0,53.1826364677903,8.709897564920462,1.6964170157381567e+27
4923.0,53.18261890255875,8.70989574421371,1.6909739160438435e+27
4933.0,53.18260138855842,8.70989392881706,1.6855592731752644e+27
4943.0,53.182583925536164,8.709892118704275,1.680172881123284e+27
4953.0,53.182566513240616,8.709890313849298,1.674814535782815e+27
4963.0,53.18254915142214,8.709888514226261,1.6694840349314214e+27
4973.0,53.182531839832826,8.709886719809464,1.6641811782082042e+27
4983.0,53.1825145782265,8.709884930573397,1.658905767092966e+27
4993.0,53.18249736635867,8.709883146492713,1.6536576048856497e+27
5003.0,53.18248020398652,8.70988136754225,1.6484364966860487e+27
