Time,Mass,Radius,Lx
23.0,6.728688454232868,8.74,1.44e+30
23.1,6.727154857204247,8.73407256450512,1.4125817530701226e+30
23.200000000000003,6.725651333813893,8.728210321691815,1.385800636098691e+30
23.300000000000004,6.724177152952984,8.72241198461799,1.3596391925956558e+30
23.400000000000006,6.722731604781635,8.71667629924497,1.3340805163776613e+30
23.500000000000007,6.721314000007229,8.711002043450645,1.30910823196864e+30
23.60000000000001,6.7199236691907345,8.705388026075788,1.284706475777958e+30
23.70000000000001,6.718559962079791,8.699833086002352,1.2608598780221267e+30
23.80000000000001,6.717222246967415,8.694336091262551,1.2375535453577334e+30
23.900000000000013,6.7159099100752035,8.68889593817765,1.214773044194771e+30
24.000000000000014,6.714622354959989,8.683511550525338,1.1925043846610063e+30
24.100000000000016,6.713359001942947,8.678181878734696,1.1707340051894066e+30
24.200000000000017,6.712119287560194,8.6729058991077,1.1494487577019633e+30
24.30000000000002,6.710902664033969,8.66768261306639,1.1286358933644884e+30
24.40000000000002,6.709708598763534,8.662511046424687,1.1082830488881485e+30
24.50000000000002,6.70853657383496,8.657390248684061,1.0883782333546191e+30
24.600000000000023,6.707386085549013,8.652319292352114,1.0689098155428151e+30
24.700000000000024,6.706256643966395,8.64729727228334,1.0498665117361571e+30
24.800000000000026,6.7051477724696085,8.642323305041193,1.0312373739903074e+30
24.900000000000027,6.704059007340776,8.637396528280792,1.0130117788422134e+30
25.00000000000003,6.7029898973547475,8.632516100151426,9.95179416442176e+29
25.10000000000003,6.701940003386881,8.627681198718273,9.777302800914791e+29
25.20000000000003,6.700908898034898,8.622891021402571,9.606546561689103e+29
25.300000000000033,6.699896165254253,8.618144784439634,9.439431144302457e+29
25.400000000000034,6.698901400006454,8.613441722354064,9.275864986654858e+29
25.500000000000036,6.697924207919841,8.608781087451574,9.115759176993086e+29
25.600000000000037,6.696964204962308,8.604162149326838,8.959027367208453e+29
25.70000000000004,6.696021017125505,8.599584194386813,8.805585689295052e+29
25.80000000000004,6.695094280120059,8.59504652538899,8.655352674841538e+29
25.90000000000004,6.694183639081392,8.590548460994057,8.508249177435089e+29
26.000000000000043,6.69328874828571,8.58608933533249,8.364198297861478e+29
26.100000000000044,6.692409270875771,8.58166849758457,8.223125311990258e+29
26.200000000000045,6.691544878596064,8.577285311573393,8.084957601238814e+29
26.300000000000047,6.690695251537012,8.572939155370415,7.949624585513733e+29
26.40000000000005,6.689860077887883,8.568629420913098,7.817057658532175e+29
26.50000000000005,6.689039053698043,8.56435551363424,7.687190125430221e+29
26.60000000000005,6.688231882646264,8.560116852102649,7.559957142569058e+29
26.700000000000053,6.68743827581776,8.555912867674683,7.435295659453717e+29
26.800000000000054,6.68665795148867,8.55174300415637,7.313144362682652e+29
26.900000000000055,6.685890634917707,8.547606717475723,7.193443621849894e+29
27.000000000000057,6.685136058144698,8.543503475364899,7.076135437324867e+29
27.10000000000006,6.68439395979577,8.539432757051895,6.961163389838004e+29
27.20000000000006,6.683664084894927,8.535394052961443,6.848472591803389e+29
27.30000000000006,6.68294618468178,8.531386864424805,6.738009640312432e+29
27.400000000000063,6.68224001643522,8.52741070339819,6.629722571735397e+29
27.500000000000064,6.681545343302785,8.523465092189493,6.52356081787015e+29
27.600000000000065,6.680861934135555,8.519549563193069,6.419475163580026e+29
27.700000000000067,6.6801895633283355,8.515663658632306,6.317417705865079e+29
27.800000000000068,6.679528010664962,8.511806930309739,6.217341814313283e+29
27.90000000000007,6.678877061168532,8.50797893936442,6.119202092880374e+29
28.00000000000007,6.678236504956396,8.504179256036386,6.022954342949171e+29
28.100000000000072,6.677606137099717,8.500407459437884,5.92855552762116e+29
28.200000000000074,6.6769857574874685,8.496663137331268,5.8359637371950265e+29
28.300000000000075,6.676375170694682,8.492945885913233,5.745138155788666e+29
28.400000000000077,6.675774185854816,8.489255309605252,5.656039029062926e+29
28.500000000000078,6.675182616536089,8.485591020850007,5.5686276330069825e+29
28.60000000000008,6.674600280621648,8.481952639913596,5.48286624374689e+29
28.70000000000008,6.674027000193423,8.478339794693362,5.398718108340313e+29
28.800000000000082,6.673462601419564,8.474752120531168,5.31614741652195e+29
28.900000000000084,6.6729069144453135,8.471189260031897,5.235119273365533e+29
29.000000000000085,6.672359773287207,8.467650862887103,5.155599672829633e+29
29.100000000000087,6.671821015730486,8.464136585703526,5.077555472155774e+29
29.200000000000088,6.671290483229615,8.460646091836464,5.000954367088586e+29
29.30000000000009,6.670768020811797,8.457179051227728,4.925764867888905e+29
30.30000000000009,6.665955529992241,8.423730364188165,4.24511847540975e+29
31.30000000000009,6.661802832550599,8.39230729615899,3.676234505156954e+29
32.30000000000009,6.658201534006667,8.362667383868663,3.1980254504010625e+29
33.30000000000009,6.655063848130263,8.334608021429032,2.7938692382183845e+29
34.30000000000009,6.652318171757738,8.307958598096418,2.4505663459941914e+29
35.30000000000009,6.649905713628794,8.282574393192352,2.157561969205487e+29
36.30000000000009,6.647777902612485,8.258331796117977,1.906360703680187e+29
37.30000000000009,6.645894378103843,8.235124534217235,1.6900823997385436e+29
38.30000000000009,6.644221419392039,8.212860673491647,1.5031224744502705e+29
39.30000000000009,6.642730708948559,8.191460216615866,1.3408901752816136e+29
40.30000000000009,6.641398351824251,8.170853166043784,1.1996054832261838e+29
41.30000000000009,6.640204092999521,8.150977951859085,1.0761404641493716e+29
42.30000000000009,6.639130688853181,8.131780147639013,9.678945548589611e+28
43.30000000000009,6.638159470847635,8.113205184739343,8.971106508744825e+28
44.30000000000009,6.637225403819527,8.0951270596332,8.87687131859449e+28
45.30000000000009,6.636307126610662,8.0774911242441,8.785696819598962e+28
46.30000000000009,6.635404030861318,8.060277117001053,8.697419263777954e+28
47.30000000000009,6.634515544218612,8.043466118048281,8.611886959621845e+28
48.30000000000009,6.633641127493372,8.027040434186695,8.528959151820807e+28
49.30000000000009,6.6327802720954,8.010983495837408,8.448505025817641e+28
50.30000000000009,6.631932497714788,7.995279764554974,8.370402821058643e+28
51.30000000000009,6.631097350221302,7.979914649823838,8.294539039175276e+28
52.30000000000009,6.630274399757477,7.964874434044997,8.220807735304308e+28
53.30000000000009,6.629463239004236,7.950146204766872,8.149109882413665e+28
54.30000000000009,6.628663481600487,7.935717793339174,8.079352799901e+28
55.30000000000009,6.627874760700453,7.921577719274916,8.011449638916308e+28
56.30000000000009,6.627096727654485,7.907715139696682,7.945318917865447e+28
57.30000000000009,6.626329050800778,7.894119803321251,7.880884102407686e+28
58.30000000000009,6.625571414356916,7.880782008503681,7.818073224991802e+28
59.30000000000009,6.624823517401422,7.86769256491978,7.756818539601762e+28
60.30000000000009,6.6240850729366345,7.854842758515929,7.6970562079212315e+28
61.30000000000009,6.623355807025158,7.842224319398447,7.638726013589687e+28
62.30000000000009,6.622635457993034,7.829829392372449,7.581771101623275e+28
63.30000000000009,6.621923775693484,7.817650509872848,7.526137740420037e+28
64.3000000000001,6.621220520825729,7.805680567058822,7.471775104069979e+28
65.3000000000001,6.6205254643039995,7.7939127988681545,7.4186350729519655e+28
66.3000000000001,6.619838386672308,7.782340758849719,7.366672050827598e+28
67.3000000000001,6.619159077561042,7.770958299611838,7.315842796841442e+28
68.3000000000001,6.618487335181805,7.759759554741086,7.266106271011522e+28
69.3000000000001,6.6178229658573,7.7487389220612055,7.217423491947046e+28
70.3000000000001,6.617165783583358,7.7378910481150776,7.1697574056649744e+28
71.3000000000001,6.61651560962048,7.727210813764307,7.123072764495543e+28
72.3000000000001,6.615872272112531,7.716693320811547,7.077336015171569e+28
73.3000000000001,6.615235605730425,7.706333879559859,7.032515195288751e+28
74.3000000000001,6.614605451338844,7.696127997231658,6.988579837406246e+28
75.3000000000001,6.613981655684218,7.686071367177165,6.945500880129365e+28
76.3000000000001,6.613364071102349,7.676159858808829,6.90325058558092e+28
77.3000000000001,6.612752555244188,7.666389508204082,6.861802462725195e+28
78.3000000000001,6.612146970818436,7.656756509324003,6.821131196059821e+28
79.3000000000001,6.611547185349725,7.647257205800248,6.781212579236575e+28
80.3000000000001,6.6109530709512505,7.637888083246789,6.742023453213079e+28
81.3000000000001,6.610364504110836,7.62864576205688,6.703541648574028e+28
82.3000000000001,6.609781365489467,7.619526990649021,6.665745931693439e+28
83.3000000000001,6.609203539731428,7.610528639128882,6.628615954438965e+28
84.3000000000001,6.608630915285257,7.6016476933369095,6.592132207145855e+28
85.3000000000001,6.6080633842347565,7.59288124925386,6.556275974612022e+28
86.3000000000001,6.6075008421394115,7.5842265077388245,6.5210292948873195e+28
87.3000000000001,6.606943187883567,7.575680769576389,6.48637492064948e+28
88.3000000000001,6.6063903235338,7.567241430811421,6.452296282976853e+28
89.3000000000001,6.605842154203954,7.558905978351795,6.418777457343941e+28
90.3000000000001,6.605298587927338,7.550671985820774,6.385803131680183e+28
91.3000000000001,6.604759535535642,7.542537109642346,6.353358576345493e+28
92.3000000000001,6.604224910544132,7.534499085343995,6.321429615887962e+28
93.3000000000001,6.603694629042759,7.526555724062634,6.290002602459923e+28
94.3000000000001,6.603168609592791,7.518704909240494,6.259064390778376e+28
95.3000000000001,6.602646773128649,7.510944593498731,6.228602314524781e+28
96.3000000000001,6.602129042864633,7.503272795677448,6.198604164087322e+28
97.3000000000001,6.601615344206235,7.495687598031644,6.169058165556248e+28
98.3000000000001,6.6011056046657774,7.488187143573356,6.1399529608896615e+28
99.3000000000001,6.600599753782126,7.480769633550997,6.111277589173398e+28
109.3000000000001,6.595740923869212,7.410797939581219,5.84600444150587e+28
119.3000000000001,6.59120596080821,7.347495801223957,5.614029554331332e+28
129.3000000000001,6.586948576049682,7.289740299903052,5.408869723381674e+28
139.3000000000001,6.582932096393807,7.236667200497655,5.225686975422179e+28
149.3000000000001,6.579126930843115,7.187597543862195,5.060787121237242e+28
159.3000000000001,6.575508827503249,7.141988483696279,4.9112934632868905e+28
169.3000000000001,6.572057640557303,7.099399370166935,4.774927615961211e+28
179.3000000000001,6.568756437076916,7.059467747361776,4.649858192020518e+28
189.3000000000001,6.56559083648565,7.021891985517572,4.534593825018341e+28
199.3000000000001,6.562548513118912,6.986418466674435,4.42790593950936e+28
209.3000000000001,6.559618815533438,6.952831965350494,4.328771955671829e+28
219.3000000000001,6.556792470954243,6.920948315610742,4.236332826697787e+28
229.3000000000001,6.554061352844452,6.890608743324547,4.149860818418204e+28
239.3000000000001,6.5514182959789675,6.8616754305119745,4.068734731790206e+28
249.3000000000001,6.548856947753117,6.834028004450925,3.992420616593833e+28
259.30000000000007,6.546371647471407,6.807560729952252,3.9204565926286552e+28
269.30000000000007,6.543957327485207,6.78218024268698,3.8524407822442776e+28
279.30000000000007,6.541609431567541,6.757803703375311,3.7880216269414503e+28
289.30000000000007,6.53932384701552,6.734357282636147,3.726890050238605e+28
299.30000000000007,6.537096847781101,6.711774908037135,3.668773064372719e+28
309.30000000000007,6.534925046533363,6.6899972208436935,3.6134285163945744e+28
319.30000000000007,6.532805354008541,6.668970701814409,3.5606407410053696e+28
329.30000000000007,6.530734944348186,6.64864693428194,3.510216940660096e+28
339.30000000000007,6.528711225389703,6.628981979497617,3.4619841532666252e+28
349.30000000000007,6.526731813077717,6.60993584437281,3.4157866978910145e+28
359.30000000000007,6.524794509323954,6.591472025727542,3.371484011820038e+28
369.30000000000007,6.522897282768553,6.5735571182505375,3.3289488099751313e+28
379.30000000000007,6.521038251994878,6.556160475799754,3.288065511349389e+28
389.30000000000007,6.51921567082895,6.539253917586551,3.248728887821902e+28
399.30000000000007,6.517427915418072,6.522811472308007,3.210842899106306e+28
409.30000000000007,6.515673472834456,6.506809154508542,3.174319684243766e+28
419.30000000000007,6.513950930991238,6.491224768431179,3.1390786853521077e+28
429.30000000000007,6.512258969692273,6.476037735411058,3.105045883592397e+28
439.30000000000007,6.510596352664944,6.461228941508432,3.0721531307399977e+28
449.30000000000007,6.50896192044825,6.446780602605749,3.0403375625235926e+28
459.30000000000007,6.507354584027482,6.4326761446266545,3.009541082157439e+28
469.30000000000007,6.505773319122649,6.418900096892552,2.9797099043435963e+28
479.30000000000007,6.504217161051109,6.405437996929159,2.9507941515435805e+28
489.30000000000007,6.502685200095958,6.392276305282586,2.9227474955766885e+28
499.30000000000007,6.501176577321132,6.3794023291111905,2.8955268386457107e+28
509.30000000000007,6.4996904807821005,6.3668041534930016,2.8690920287598537e+28
519.3000000000001,6.498226142087766,6.3544705795346506,2.8434056052514104e+28
529.3000000000001,6.496782833274922,6.342391068491509,2.818432570692665e+28
539.3000000000001,6.49535986396151,6.330555691213531,2.7941401860332024e+28
549.3000000000001,6.493956578749134,6.318955082320702,2.770497786212e+28
559.3000000000001,6.4925723548488765,6.307580398588245,2.747476613866821e+28
569.3000000000001,6.491206599907609,6.296423281087071,2.7250496690765887e+28
579.3000000000001,6.489858750014639,6.285475820681098,2.7031915733396214e+28
589.3000000000001,6.488528267870904,6.274730526531426,2.681878446219256e+28
599.3000000000001,6.487214641104935,6.264180297299125,2.661087793284594e+28
609.3000000000001,6.485917380721583,6.25381839477455,2.640798404142928e+28
619.3000000000001,6.484636019671036,6.243638419692553,2.620990259506087e+28
629.3000000000001,6.483370111527034,6.233634289520284,2.601644446358908e+28
639.3000000000001,6.48211922926433,6.22380021802805,2.5827430804072823e+28
649.3000000000001,6.480882964126544,6.214130696474756,2.5642692350781733e+28
659.3000000000001,6.479660924576414,6.204620476257459,2.5462068764266826e+28
669.3000000000001,6.478452735321317,6.195264552890848,2.5285408033774748e+28
679.3000000000001,6.477258036407609,6.1860581511964625,2.511256592791008e+28
689.3000000000001,6.476076482377999,6.176996711593969,2.494340548900428e+28
699.3000000000001,6.474907741486704,6.16807587739774,2.477779656713625e+28
709.3000000000001,6.473751494967683,6.159291483031858,2.4615615390177834e+28
719.3000000000001,6.472607436351637,6.15063954308515,2.445674416661526e+28
729.3000000000001,6.4714752708279155,6.1421162421356215,2.4301070718231226e+28
739.3000000000001,6.470354714647799,6.133717925280461,2.4148488140027727e+28
749.3000000000001,6.469245494565945,6.1254410893138544,2.399889448503157e+28
759.3000000000001,6.468147347317094,6.117282374500288,2.3852192471857072e+28
769.3000000000001,6.467060019125366,6.109238556895903,2.3708289213107547e+28
779.3000000000001,6.4659832652437315,6.10130654117474,2.356709596288122e+28
789.3000000000001,6.464916849521431,6.093483353920675,2.342852788181213e+28
799.3000000000001,6.463860543997317,6.0857661373493634,2.3292503818223207e+28
809.3000000000001,6.462814128517271,6.078152143427554,2.3158946104100796e+28
819.3000000000001,6.461777390373978,6.070638728360107,2.302778036471742e+28
829.3000000000001,6.4607501239674985,6.063223347417523,2.2898935340835837e+28
839.3000000000001,6.459732130485215,6.055903550079096,2.2772342722522406e+28
849.3000000000001,6.458723217599812,6.048676975468952,2.2647936993683606e+28
859.3000000000001,6.457723199184082,6.041541348064069,2.252565528651665e+28
869.3000000000001,6.456731895041444,6.034494473655112,2.2405437245134807e+28
879.3000000000001,6.455749130651117,6.02753423554247,2.2287224897691144e+28
889.3000000000001,6.454774736927023,6.020658590951298,2.217096253638107e+28
899.3000000000001,6.453808549989503,6.013865567650628,2.2056596604755904e+28
909.3000000000001,6.452850410949062,6.007153260762827,2.1944075591826227e+28
919.3000000000001,6.451900165701357,6.000519829750706,2.1833349932476305e+28
929.3000000000001,6.450957664732745,5.993963495570558,2.172437191374941e+28
939.3000000000001,6.450022762935736,5.9874825379803465,2.1617095586598986e+28
949.3000000000001,6.449095319433738,5.981075292992996,2.1511476682732387e+28
959.3000000000001,6.44817519741455,5.974740150465548,2.140747253620327e+28
969.3000000000001,6.4472622639720605,5.9684755518155725,2.130504200943504e+28
979.3000000000001,6.446356389955686,5.962279987856924,2.1204145423382175e+28
989.3000000000001,6.445457449827081,5.956151996747408,2.11047444915584e+28
999.3000000000001,6.4445653215237035,5.950090162041523,2.10068022576809e+28
1009.3000000000001,6.44368385555127,5.944098134997274,2.069498788974244e+28
1019.3000000000001,6.442817650117579,5.938180539997527,2.0375008002550657e+28
1029.3000000000002,6.441966392645349,5.932335815871923,2.0063027519531696e+28
1039.3000000000002,6.441129679856085,5.926562322370076,1.9758771624407438e+28
1049.3000000000002,6.440307123174984,5.92085847221872,1.9461977464088196e+28
1059.3000000000002,6.439498348058515,5.915222728908013,1.9172393520178097e+28
1069.3000000000002,6.438702993358856,5.909653604590764,1.8889779019052266e+28
1079.3000000000002,6.4379207107228344,5.904149658087837,1.8613903377804158e+28
1089.3000000000002,6.437151164023199,5.898709492993422,1.8344545683573473e+28
1099.3000000000002,6.436394028820194,5.893331755874247,1.8081494203958994e+28
1109.3000000000002,6.435648991851567,5.888015134557296,1.7824545926397683e+28
1119.3000000000002,6.434915750549255,5.882758356500888,1.757350612455352e+28
1129.3000000000002,6.434194012581139,5.877560187244335,1.7328187949907623e+28
1139.3000000000002,6.433483495416342,5.872419428931726,1.7088412046877256e+28
1149.3000000000002,6.432783925912667,5.867334918905669,1.6854006189915726e+28
1159.3000000000002,6.432095039924876,5.862305528367072,1.6624804941159488e+28
1169.3000000000002,6.431416581932563,5.857330161097309,1.640064932729379e+28
1179.3000000000002,6.4307483046864995,5.852407752239364,1.6181386534404483e+28
1189.3000000000002,6.4300899688723785,5.847537267134744,1.5966869619672482e+28
1199.3000000000002,6.42944134279096,5.842717700213138,1.5756957238848815e+28
1209.3000000000002,6.42880220205369,5.837948073932026,1.5551513388523514e+28
1219.3000000000002,6.428172329292922,5.83322743776356,1.5350407162270748e+28
1229.3000000000002,6.427551513885918,5.828554867226281,1.5153512519816608e+28
1239.3000000000002,6.426939551691884,5.823929462959267,1.4960708068434831e+28
1249.3000000000002,6.426336244801301,5.8193503498365935,1.477187685583024e+28
1259.3000000000002,6.425741401296902,5.814816676119969,1.4586906173819993e+28
1269.3000000000002,6.4251548350256495,5.810327612647654,1.4405687372169263e+28
1279.3000000000002,6.4245763653811405,5.805882352057813,1.4228115681981036e+28
1289.3000000000002,6.424005817095866,5.801480108044565,1.4054090048079512e+28
1299.3000000000002,6.423443020042817,5.79712011464513,1.388351296986366e+28
1309.3000000000002,6.422887809045947,5.7928016255565264,1.3716290350141554e+28
1319.3000000000002,6.422340023699023,5.788523913480377,1.3552331351487963e+28
1329.3000000000002,6.421799508192445,5.784286269494448,1.3391548259697135e+28
1339.3000000000002,6.421266111147607,5.780088002449663,1.3233856353930032e+28
1349.3000000000002,6.420739685458441,5.775928438391334,1.307917378318076e+28
1359.3000000000002,6.42022008813976,5.771806920003515,1.2927421448710502e+28
1369.3000000000002,6.419707180182068,5.767722806075307,1.277852289211936e+28
1379.3000000000002,6.419200826412526,5.763675470988188,1.2632404188746846e+28
1389.3000000000002,6.418700895361748,5.759664304223319,1.248899384611091e+28
1399.3000000000002,6.418207259136162,5.7556887098879255,1.2348222707113131e+28
1409.3000000000002,6.417719793295657,5.751748106259901,1.2210023857754236e+28
1419.3000000000002,6.417238376736257,5.747841925349782,1.20743325391195e+28
1429.3000000000002,6.416762891577592,5.743969612479329,1.1941086063408094e+28
1439.3000000000002,6.416293223054925,5.740130625875951,1.1810223733793792e+28
1449.3000000000002,6.415829259415534,5.736324436282292,1.1681686767917049e+28
1459.3000000000002,6.415370891819225,5.732550526580299,1.1555418224820174e+28
1469.3000000000002,6.414918014242807,5.728808391429125,1.1431362935148378e+28
1479.3000000000002,6.414470523388329,5.725097536916298,1.130946743444957e+28
1489.3000000000002,6.414028318594907,5.721417480221547,1.118967989941558e+28
1499.3000000000002,6.413591301753988,5.717767749292758,1.1071950086916325e+28
1509.3000000000002,6.413159377227885,5.714147882533558,1.095622927568693e+28
1519.3000000000002,6.412732451771435,5.710557428501996,1.0842470210535686e+28
1529.3000000000002,6.412310434456652,5.706995945619896,1.0730627048948134e+28
1539.3000000000002,6.411893236600227,5.703463001892413,1.06206553099695e+28
1549.3000000000002,6.411480771693758,5.699958174637356,1.0512511825254209e+28
1559.3000000000002,6.411072955336591,5.69648105022393,1.0406154692177305e+28
1569.3000000000002,6.410669705171152,5.69303122382043,1.0301543228908434e+28
1579.3000000000002,6.410270940820666,5.689608299150596,1.0198637931354242e+28
1589.3000000000002,6.4098765838291625,5.686211888258239,1.0097400431880368e+28
1599.3000000000002,6.409486557603662,5.682841611279814,9.99779345972872e+27
1609.3000000000002,6.409100787358464,5.679497096224628,9.899780803050411e+27
1619.3000000000002,6.408719200061431,5.676177978762377,9.803327272478791e+27
1629.3000000000002,6.408341724382197,5.672883902017716,9.708398666171097e+27
1639.3000000000002,6.407968290642218,5.6696145163716025,9.614961736250899e+27
1649.3000000000002,6.4075988307665845,5.666369479269132,9.522984156587097e+27
1659.3000000000002,6.407233278237525,5.663148455033626,9.432434491848471e+27
1669.3000000000002,6.406871568049535,5.65995111468674,9.343282167776043e+27
1679.3000000000002,6.406513636666058,5.656777135774311,9.255497442618273e+27
1689.3000000000002,6.406159421977663,5.653626202197831,9.169051379677082e+27
1699.3000000000002,6.405808863261654,5.650498004051199,9.083915820915187e+27
1709.3000000000002,6.405461901143054,5.64739223746267,9.000063361577772e+27
1719.3000000000002,6.405118477556916,5.644308604441749,8.917467325783864e+27
1729.3000000000002,6.40477853571189,5.641246812730834,8.836101743044941e+27
1739.3000000000002,6.404442020055028,5.638206575661501,8.755941325670475e+27
1749.3000000000002,6.404108876237742,5.635187612015168,8.676961447022e+27
1759.3000000000002,6.403779051082898,5.632189645888063,8.599138120579231e+27
1769.3000000000002,6.403452492552993,5.629212406560287,8.522447979783467e+27
1779.3000000000002,6.403129149719368,5.62625562836884,8.446868258625268e+27
1789.3000000000002,6.402808972732427,5.623319050584479,8.372376772944869e+27
1799.3000000000002,6.402491912792815,5.620402417292254,8.29895190241539e+27
1809.3000000000002,6.402177922123523,5.617505477275598,8.226572573180272e+27
1819.3000000000002,6.401866953942893,5.6146279839038495,8.15521824111771e+27
1829.3000000000002,6.401558962438466,5.611769695023092,8.084868875706165e+27
1839.3000000000002,6.401253902741677,5.608930372850178,8.015504944466192e+27
1849.3000000000002,6.400951730903326,5.606109783869835,7.947107397955031e+27
1859.3000000000002,6.400652403869834,5.603307698734762,7.879657655291436e+27
1869.3000000000002,6.400355879460221,5.600523892168589,7.813137590189272e+27
1879.3000000000002,6.400062116343814,5.59775814287163,7.747529517479409e+27
1889.3000000000002,6.399771074018624,5.595010233429289,7.682816180100334e+27
1899.3000000000002,6.3994827127904,5.592279950223098,7.618980736538809e+27
1909.3000000000002,6.39919699375231,5.589567083344232,7.556006748702732e+27
1919.3000000000002,6.398913878765242,5.586871426509459,7.493878170209159e+27
1929.3000000000002,6.398633330438702,5.584192776979435,7.432579335071194e+27
1939.3000000000002,6.398355312112277,5.581530935479245,7.372094946768194e+27
1949.3000000000002,6.398079787837655,5.578885706121165,7.312410067684373e+27
1959.3000000000002,6.397806722361181,5.5762568963295145,7.25351010890162e+27
1969.3000000000002,6.3975360811069235,5.573644316767577,7.195380820332866e+27
1979.3000000000002,6.39726783016024,5.571047781266493,7.138008281183017e+27
1989.3000000000002,6.397001936251824,5.568467106756087,7.081378890724966e+27
1999.3000000000002,6.396738366742212,5.565902113197536,7.025479359378759e+27
2009.3000000000002,6.3964770896067416,5.563352623517851,6.970296700082501e+27
2019.3000000000002,6.396218073420943,5.560818463546093,6.915818219944065e+27
2029.3000000000002,6.395961287346347,5.558299461951286,6.862031512163116e+27
2039.3000000000002,6.395706701116699,5.555795450181954,6.808924448213437e+27
2049.3,6.395454285024558,5.553306262407247,6.756485170275923e+27
2059.3,6.395204009908286,5.550831735459601,6.704702083913047e+27
2069.3,6.394955847139391,5.548371708778889,6.653563850975942e+27
2079.3,6.394709768610225,5.545926024358005,6.603059382735657e+27
2089.3,6.394465746722034,5.543494526689855,6.553177833230438e+27
2099.3,6.394223754373324,5.541077062715694,6.503908592821269e+27
2109.3,6.39398376494856,5.5386734817747865,6.455241281948176e+27
2119.3,6.393745752307167,5.536283635555327,6.407165745080143e+27
2129.3,6.3935096907728335,5.5339073780466155,6.359672044851742e+27
2139.3,6.393275555123107,5.531544565492418,6.312750456379875e+27
2149.3,6.393043320579267,5.529195056345493,6.266391461754287e+27
2159.3,6.392812962796473,5.526858711223248,6.220585744695757e+27
2169.3,6.392584457854177,5.524535392864504,6.175324185376108e+27
2179.3,6.392357782246787,5.522224966087288,6.130597855394422e+27
2189.3,6.392132912874583,5.519927297747714,6.086398012904063e+27
2199.3,6.39190982703487,5.517642256699807,6.042716097885306e+27
2209.3,6.391688502413365,5.51536971375635,5.99954372755858e+27
2219.3,6.391468917075809,5.513109541650644,5.956872691933554e+27
2229.3,6.391251049459793,5.510861614999202,5.91469494948942e+27
2239.3,6.391034878366806,5.508625810265334,5.873002622981954e+27
2249.3,6.390820382954478,5.5064020057236025,5.83178799537309e+27
2259.3,6.390607542729025,5.504190081425099,5.791043505878898e+27
2269.3,6.3903963375378945,5.501989919163577,5.750761746132014e+27
2279.3,6.390186747562585,5.499801402442346,5.710935456454713e+27
2289.3,6.389978753311659,5.497624416441964,5.671557522239e+27
2299.3,6.389772335613929,5.4954588479886635,5.632620970430137e+27
2309.3,6.389567475611809,5.493304585523526,5.594118966110275e+27
2319.3,6.389364154754842,5.491161519072357,5.556044809178881e+27
2329.3,6.389162354793382,5.489029540216256,5.518391931126837e+27
2339.3,6.388962057772433,5.486908542062863,5.481153891901169e+27
2349.3,6.388763246025646,5.484798419218254,5.444324376857486e+27
2359.3,6.388565902169453,5.482699067759484,5.407897193797314e+27
2369.3,6.388370009097356,5.480610385207731,5.371866270087625e+27
2379.3,6.388175549974348,5.4785322705020665,5.336225649859923e+27
2389.3,6.387982508231473,5.476464623973803,5.300969491286377e+27
2399.3,6.387790867560513,5.474407347321408,5.266092063930589e+27
2409.3,6.387600611908811,5.472360343585983,5.231587746170599e+27
2419.3,6.387411725474206,5.470323517127277,5.197451022691941e+27
2429.3,6.3872241927001046,5.468296773600239,5.163676482048491e+27
2439.3,6.387037998270652,5.466280019932075,5.130258814289057e+27
2449.3,6.386853127106035,5.46427316429981,5.097192808647651e+27
2459.3,6.386669564357882,5.4622761161083355,5.064473351295498e+27
2469.3,6.386487295404776,5.460288785968931,5.032095423152873e+27
2479.3,6.386306305847876,5.458311085678254,5.000054097758954e+27
2489.3,6.386126581506635,5.456342928197776,4.968344539197926e+27
2499.3,6.3859481084146195,5.454384227633662,4.936962000079597e+27
2509.3,6.385770872815427,5.452434899217074,4.905901819572957e+27
2519.3,6.385594861158694,5.450494859284893,4.8751594214909957e+27
2529.3,6.385420060096199,5.448564025260859,4.844730312425319e+27
2539.3,6.385246456478052,5.446642315637083,4.8146100799290423e+27
2549.3,6.385074037348973,5.444729649955978,4.7847943907465326e+27
2559.3,6.384902789944652,5.442825948792537,4.7552789890886226e+27
2569.3,6.3847327016881925,5.4409311337370045,4.726059694951939e+27
2579.3,6.384563760186636,5.439045127377886,4.6971324024810775e+27
2589.3,6.384395953227563,5.437167853285329,4.668493078372336e+27
2599.3,6.384229268775769,5.435299235994822,4.640137760317834e+27
2609.3,6.384063694970016,5.433439200991243,4.6120625554888067e+27
2619.3,6.383899220119854,5.431587674693229,4.5842636390569814e+27
2629.3,6.383735832702517,5.429744584437867,4.556737252752899e+27
2639.3,6.383573521359881,5.427909858465686,4.5294797034601615e+27
2649.3,6.383412274895491,5.426083425905954,4.50248736184454e+27
2659.3,6.383252082271656,5.424265216762269,4.475756661016981e+27
2669.3,6.3830929326066,5.422455161898451,4.44928409522953e+27
2679.3,6.382934815171685,5.420653193024699,4.423066218603254e+27
2689.3,6.382777719388682,5.418859242684024,4.397099643887253e+27
2699.3,6.382621634827107,5.417073244238958,4.3713810412478963e+27
2709.3,6.382466551201617,5.415295131858523,4.3459071370874316e+27
2719.3,6.382312458369454,5.413524840505453,4.320674712891154e+27
2729.3,6.382159346327948,5.411762305923657,4.295680604102341e+27
2739.3,6.382007205212073,5.410007464625952,4.2709216990241865e+27
2749.3,6.38185602529205,5.408260253882003,4.246394937747984e+27
2759.3,6.381705796971008,5.406520611706516,4.2220973111068536e+27
2769.3,6.381556510782684,5.404788476847653,4.198025859654296e+27
2779.3,6.381408157389183,5.4030637887756665,4.1741776726669117e+27
2789.3,6.381260727578771,5.401346487671755,4.1505498871706184e+27
2799.3,6.381114212263724,5.399636514417125,4.127139686989743e+27
2809.3,6.38096860247822,5.397933810582275,4.1039443018183545e+27
2819.3,6.380823889376268,5.3962383184164615,4.080961006313262e+27
2829.3,6.3806800642296855,5.394549980837379,4.058187119208078e+27
2839.3,6.3805371184261155,5.392868741421022,4.035620002447796e+27
2849.3,6.380395043467082,5.391194544391754,4.0132570603433365e+27
2859.3,6.38025383096609,5.38952733461254,3.99109573874553e+27
2869.3,6.380113472646757,5.387867057575374,3.9691335242380215e+27
2879.3,6.379973960340984,5.386213659391883,3.94736794334861e+27
2889.3,6.379835285987171,5.3845670867841005,3.925796561778522e+27
2899.3,6.379697441628454,5.382927287075409,3.904416983649167e+27
2909.3,6.379560419410991,5.381294208181651,3.8832268507659154e+27
2919.3,6.379424211582271,5.3796677986024,3.862223841898447e+27
2929.3,6.379288810489464,5.378048007412389,3.8414056720772594e+27
2939.3,6.379154208577799,5.37643478425311,3.8207700919059026e+27
2949.3,6.379020398388978,5.374828079324527,3.8003148868885513e+27
2959.3,6.378887372559616,5.373227843376993,3.780037876772509e+27
2969.3,6.378755123819713,5.371634027703248,3.759936914905272e+27
2979.3,6.378623644991159,5.370046584130629,3.740009887605779e+27
2989.3,6.378492928986267,5.368465465013351,3.7202547135494933e+27
2999.3,6.378362968806329,5.3668906232249824,3.700669343166953e+27
3009.3,6.378233757540203,5.365322012151011,3.6812517580554706e+27
3019.3,6.378105288362932,5.363759585681569,3.6619999704036393e+27
3029.3,6.377977554534384,5.362203298204269,3.6429120224283247e+27
3039.3,6.377850549397916,5.360653104597178,3.6239859858238376e+27
3049.3,6.377724266379068,5.359108960221902,3.6052199612229865e+27
3059.3,6.377598698984281,5.357570820916794,3.5866120776697035e+27
3069.3,6.377473840799637,5.356038642990292,3.568160492102973e+27
3079.3,6.377349685489625,5.354512383214354,3.549863388851776e+27
3089.3,6.377226226795925,5.352991998818018,3.5317189791407825e+27
3099.3,6.377103458536227,5.351477447481063,3.513725500606529e+27
3109.3,6.376981374603053,5.349968687327796,3.495881216823826e+27
3119.3,6.376859968962621,5.34846567692092,3.4781844168421494e+27
3129.3,6.376739235653714,5.34696837525553,3.46063341473177e+27
3139.3,6.37661916878658,5.345476741753194,3.443226549139386e+27
3149.3,6.3764997625418465,5.343990736256134,3.425962182853034e+27
3159.3,6.376381011169457,5.34251031902153,3.408838702376061e+27
3169.3,6.376262908987629,5.34103545071588,3.391854517509918e+27
3179.3,6.376145450381826,5.339566092409487,3.3750080609455975e+27
3189.3,6.376028629803753,5.338102205571017,3.358297787863483e+27
3199.3,6.375912441770366,5.336643752062169,3.3417221755414247e+27
3209.3,6.375796880862903,5.335190694132402,3.3252797229708465e+27
3219.3,6.375681941725931,5.333742994413786,3.3089689504806895e+27
3229.3,6.375567619066409,5.332300615915903,3.292788399369011e+27
3239.3,6.375453907652769,5.330863522020861,3.276736631542065e+27
3249.3,6.375340802314013,5.329431676478366,3.2608122291606833e+27
3259.3,6.375228297938825,5.328005043400889,3.2450137942937874e+27
3269.3,6.375116389474702,5.326583587258909,3.229339948578872e+27
3279.3,6.375005071927095,5.325167272876227,3.213789332889295e+27
3289.3,6.374894340358573,5.323756065425362,3.198360607008214e+27
3299.3,6.374784189887989,5.322349930423018,3.1830524493090283e+27
3309.3,6.374674615689677,5.320948833725623,3.1678635564421577e+27
3319.3,6.374565612992647,5.319552741524948,3.1527926430280373e+27
3329.3,6.374457177079808,5.318161620343782,3.137838441356171e+27
3339.3,6.374349303287192,5.316775437031681,3.1229997010901055e+27
3349.3,6.3742419870032005,5.315394158760797,3.108275188978203e+27
3359.3,6.374135223667858,5.314017753021748,3.093663688570071e+27
3369.3,6.374029008772086,5.312646187619578,3.0791639999385254e+27
3379.3,6.373923337856978,5.311279430669762,3.0647749394069646e+27
3389.3,6.373818206513097,5.3099174505942885,3.0504953392820306e+27
3399.3,6.373713610379782,5.3085602161177885,3.0363240475914443e+27
3409.3,6.373609545144461,5.30720769626374,3.0222599278268917e+27
3419.3,6.3735060065419855,5.305859860350713,3.008301858691858e+27
3429.3,6.373402990353966,5.304516677988691,2.9944487338542943e+27
3439.3,6.373300492408129,5.303178119075445,2.980699461704016e+27
3449.3,6.373198508577671,5.301844153792942,2.9670529651147203e+27
3459.3,6.373097034780641,5.300514752603851,2.95350818121053e+27
3469.3,6.372996066979316,5.299189886248058,2.940064061136963e+27
3479.3,6.372895601179599,5.2978695257392605,2.9267195698362263e+27
3489.3,6.372795633430422,5.296553642361613,2.913473685826749e+27
3499.3,6.372696159823158,5.295242207666401,2.9003254009868537e+27
3509.3,6.372597176491045,5.293935193468805,2.8872737203424807e+27
3519.3,6.372498679608619,5.292632571844669,2.874317661858883e+27
3529.3,6.372400665391157,5.291334315127352,2.861456256236196e+27
3539.3,6.372303130094124,5.290040395904601,2.848688546708812e+27
3549.3,6.372206070012639,5.288750787015498,2.8360135888484627e+27
3559.3,6.372109481480936,5.287465461547429,2.8234304503709466e+27
3569.3,6.37201336087185,5.286184392833102,2.810938210946411e+27
3579.3,6.371917704596297,5.2849075544476225,2.798535962013127e+27
3589.3,6.371822509102769,5.283634920205602,2.7862228065946683e+27
3599.3,6.371727770876837,5.282366464158303,2.773997859120431e+27
3609.3,6.371633486440662,5.281102160590841,2.7618602452494286e+27
3619.3,6.371539652352511,5.279841984019418,2.7498091016972796e+27
3629.3,6.371446265206283,5.2785859091886,2.7378435760663386e+27
3639.3,6.3713533216310445,5.2773339110686255,2.725962826678887e+27
3649.3,6.371260818290566,5.2760859648527685,2.7141660224133427e+27
3659.3,6.371168751882874,5.274842045954726,2.702452342543392e+27
3669.3,6.3710771191398035,5.273602130006051,2.690820976580029e+27
3679.3,6.37098591682656,5.272366192853617,2.679271124116398e+27
3689.3,6.370895141741288,5.2711342105571255,2.6678019946754115e+27
3699.3,6.37080479071465,5.269906159386646,2.6564128075600745e+27
3709.3,6.370714860609403,5.268682015820184,2.645102791706461e+27
3719.3,6.37062534831999,5.267461756541299,2.6338711855392884e+27
3729.3,6.370536250772139,5.266245358436743,2.6227172368300437e+27
3739.3,6.370447564922454,5.265032798594135,2.6116402025575997e+27
3749.3,6.370359287758034,5.26382405429968,2.6006393487712777e+27
3759.3,6.370271416296078,5.262619103035895,2.5897139504563023e+27
3769.3,6.3701839475835085,5.2614179224794,2.5788632914016095e+27
3779.3,6.370096878696595,5.260220490498712,2.568086664069947e+27
3789.3,6.370010206740586,5.259026785152077,2.5573833694702375e+27
3799.3,6.369923928849345,5.257836784685354,2.546752717032141e+27
3809.3,6.369838042184991,5.256650467529882,2.536194024482793e+27
3819.3,6.369752543937548,5.255467812300433,2.5257066177256524e+27
3829.3,6.369667431324598,5.254288797793144,2.5152898307214447e+27
3839.3,6.369582701590937,5.253113402983514,2.5049430053711295e+27
3849.3,6.369498352008238,5.251941607024399,2.4946654914008785e+27
3859.3,6.369414379874722,5.2507733892440545,2.4844566462490064e+27
3869.3,6.369330782514829,5.249608729144207,2.4743158349548275e+27
3879.3,6.369247557278895,5.248447606398129,2.464242430049392e+27
3889.3,6.369164701542837,5.247290000848766,2.4542358114480753e+27
3899.3,6.369082212707839,5.246135892506869,2.444295366344972e+27
3909.3,6.369000088200043,5.244985261549171,2.4344204891090717e+27
3919.3,6.368918325470249,5.243838088316571,2.4246105811821753e+27
3929.3,6.368836921993612,5.242694353312349,2.4148650509785154e+27
3939.3,6.368755875269351,5.241554037200412,2.4051833137860615e+27
3949.3,6.368675182820457,5.240417120803553,2.3955647916694567e+27
3959.3,6.3685948421934055,5.239283585101733,2.3860089133745776e+27
3969.3,6.368514850957878,5.238153411230401,2.376515114234667e+27
3979.3,6.368435206706479,5.237026580478815,2.3670828360780241e+27
3989.3,6.368355907054471,5.235903074288403,2.3577115271372097e+27
3999.3,6.368276949639493,5.234782874251137,2.348400641959751e+27
4009.3,6.368198332121306,5.233665962107926,2.3391496413203054e+27
4019.3,6.368120052181522,5.232552319747038,2.3299579921342652e+27
4029.3,6.368042107523353,5.2314419292025445,2.32082516737277e+27
4039.3,6.367964495871348,5.230334772652763,2.3117506459791036e+27
4049.3,6.367887214971151,5.2292308324187555,2.3027339127864484e+27
4059.3,6.367810262589245,5.228130090962817,2.2937744584369722e+27
4069.3,6.367733636512716,5.227032530886995,2.2848717793022222e+27
4079.3,6.367657334549005,5.225938134931632,2.276025377404802e+27
4089.3,6.367581354525678,5.2248468859739186,2.2672347603413106e+27
4099.3,6.367505694290186,5.22375876702647,2.2584994412065118e+27
4109.3,6.367430351709638,5.22267376123592,2.249818938518724e+27
4119.3,6.367355324670574,5.221591851881534,2.2411927761463976e+27
4129.3,6.367280611078738,5.220513022373835,2.2326204832358598e+27
4139.3,6.36720620885886,5.21943725625326,2.224101594140211e+27
4149.3,6.367132115954439,5.218364537188808,2.2156356483493458e+27
4159.3,6.367058330327521,5.21729484897674,2.2072221904210816e+27
4169.3,6.366984849958497,5.216228175539268,2.1988607699133718e+27
4179.3,6.3669116728458865,5.215164500923262,2.190550941317588e+27
4189.3,6.366838797006136,5.214103809298998,2.182292263992847e+27
4199.3,6.366766220473413,5.2130460849588935,2.1740843021013674e+27
4209.3,6.366693941299406,5.211991312316269,2.165926624544837e+27
4219.3,6.366621957553129,5.210939475904132,2.15781880490177e+27
4229.3,6.366550267320721,5.209890560373969,2.1497604213658398e+27
4239.3,6.366478868705262,5.208844550494549,2.1417510566851666e+27
4249.3,6.366407759826576,5.207801431150754,2.1337902981025477e+27
4259.3,6.3663369388210445,5.2067611873424084,2.125877737296606e+27
4269.3,6.366266403841427,5.205723804183142,2.1180129703238513e+27
4279.3,6.366196153056674,5.204689266899246,2.110195597561624e+27
4289.3,6.366126184651749,5.203657560828553,2.1024252236519206e+27
4299.3,6.366056496827452,5.20262867141935,2.094701457446075e+27
4309.3,6.36598708780024,5.201602584229255,2.0870239119502847e+27
4319.3,6.365917955802061,5.200579284924164,2.0793922042719653e+27
4329.3,6.365849099080181,5.199558759277174,2.0718059555669225e+27
4339.3,6.365780515897014,5.198540993167532,2.064264790987321e+27
4349.3,6.365712204529958,5.197525972579592,2.0567683396304443e+27
4359.3,6.36564416327123,5.1965136836017916,2.049316234488224e+27
4369.3,6.365576390427708,5.195504112425639,2.0419081123975293e+27
4379.3,6.365508884320769,5.194497245344704,2.034543613991206e+27
4389.3,6.36544164328613,5.193493068753627,2.0272223836498445e+27
4399.3,6.365374665673697,5.192491569147149,2.0199440694542724e+27
4409.3,6.365307949847408,5.191492733119137,2.0127083231387534e+27
4419.3,6.365241494185087,5.190496547361626,2.0055148000448842e+27
4429.3,6.365175297078287,5.189502998663883,1.9983631590761752e+27
4439.3,6.365109356932151,5.188512073911474,1.9912530626533024e+27
4449.3,6.3650436721652595,5.187523760085323,1.9841841766700252e+27
4459.3,6.364978241209494,5.1865380442608355,1.9771561704497486e+27
4469.3,6.364913062509889,5.185554913606964,1.9701687167027293e+27
4479.3,6.364848134524497,5.184574355385342,1.9632214914839071e+27
4489.3,6.364783455724246,5.183596356949391,1.9563141741513553e+27
4499.3,6.36471902459281,5.182620905743462,1.9494464473253377e+27
4509.3,6.364654839626466,5.181647989301967,1.942617996847965e+27
4519.3,6.364590899333969,5.180677595248538,1.9358285117434334e+27
4529.3,6.364527202236415,5.1797097112951835,1.9290776841788465e+27
4539.3,6.364463746867116,5.178744325241462,1.922365209425599e+27
4549.3,6.364400531771471,5.177781424973665,1.9156907858213241e+27
4559.3,6.364337555506837,5.176820998464001,1.9090541147323858e+27
4569.3,6.364274816642408,5.175863033769798,1.9024549005169112e+27
4579.3,6.364212313759091,5.1749075190327165,1.895892850488358e+27
4589.3,6.364150045449383,5.173954442477957,1.8893676748795968e+27
4599.3,6.364088010317255,5.173003792413498,1.882879086807515e+27
4609.3,6.3640262069780285,5.172055557229324,1.8764268022381188e+27
4619.3,6.363964634058262,5.171109725396677,1.8700105399521372e+27
4629.3,6.363903290195634,5.1701662854673,1.8636300215111102e+27
4639.3,6.363842174038831,5.169225226072703,1.8572849712239626e+27
4649.3,6.363781284247433,5.168286535923441,1.8509751161140455e+27
4659.3,6.363720619491802,5.167350203808376,1.8447001858866475e+27
4669.3,6.363660178452972,5.166416218593977,1.8384599128969594e+27
4679.3,6.363599959822542,5.165484569223606,1.8322540321184935e+27
4689.3,6.36353996230257,5.164555244716826,1.8260822811119412e+27
4699.3,6.363480184605463,5.163628234168705,1.8199443999944705e+27
4709.3,6.363420625453876,5.1627035267491435,1.8138401314094492e+27
4719.3,6.3633612835806055,5.161781111702188,1.807769220496593e+27
4729.3,6.363302157728492,5.160860978345371,1.801731414862524e+27
4739.3,6.363243246650315,5.159943116069055,1.7957264645517443e+27
4749.3,6.363184549108696,5.159027514335768,1.789754122018005e+27
4759.3,6.363126063875997,5.15811416267957,1.783814142096076e+27
4769.3,6.363067789734229,5.1572030507054105,1.7779062819739013e+27
4779.3,6.36300972547495,5.156294168088498,1.7720303011651392e+27
4789.3,6.362951869899173,5.155387504573676,1.7661859614820812e+27
4799.3,6.362894221817273,5.154483049974807,1.760373027008938e+27
4809.3,6.362836780048892,5.153580794174162,1.7545912640754936e+27
4819.3,6.3627795434228505,5.152680727121811,1.7488404412311192e+27
4829.3,6.362722510777054,5.151782838835037,1.7431203292191387e+27
4839.3,6.362665680958407,5.150887119397737,1.7374307009515455e+27
4849.3,6.362609052822721,5.1499935589598405,1.73177133148406e+27
4859.3,6.362552625234632,5.1491021477367305,1.7261419979915241e+27
4869.3,6.362496397067509,5.148212876008678,1.7205424797436314e+27
4879.3,6.362440367203372,5.147325734120266,1.7149725580809814e+27
4889.3,6.362384534532809,5.146440712479841,1.709432016391456e+27
4899.3,6.36232889795489,5.145557801558947,1.7039206400869153e+27
4909.3,6.362273456377086,5.144676991891798,1.6984382165802035e+27
4919.3,6.3622182087151895,5.143798274074713,1.6929845352624624e+27
4929.3,6.3621631538932295,5.1429216387656,1.6875593874807493e+27
4939.3,6.3621082908433975,5.142047076683411,1.68216256651595e+27
4949.3,6.362053618505966,5.141174578607631,1.676793867560989e+27
4959.3,6.361999135829213,5.140304135377749,1.671453087699325e+27
4969.3,6.3619448417693425,5.139435737892752,1.6661400258837334e+27
4979.3,6.361890735290412,5.138569377110612,1.6608544829153677e+27
4989.3,6.361836815364257,5.1377050440477845,1.6555962614230986e+27
4999.3,6.361783080970414,5.136842729778716,1.6503651658431228e+27
5009.3,6.361729531096051,5.135982425435348,1.64516100239884e+27
