Time,Mass,Radius,Lx
23.0,5.4008044830316075,5.59,1.44e+30
23.1,5.392224302292437,5.5412679455523755,1.44e+30
23.200000000000003,5.383896943484551,5.493406885768074,1.44e+30
23.300000000000004,5.375812842291495,5.44639686064648,1.44e+30
23.400000000000006,5.367962854485735,5.400218297672692,1.44e+30
23.500000000000007,5.360338236302423,5.354852018605451,1.44e+30
23.60000000000001,5.352930625673779,5.310279244276739,1.44e+30
23.70000000000001,5.3457320243013395,5.2664815976235335,1.44e+30
23.80000000000001,5.338734780541371,5.223441105152784,1.44e+30
23.900000000000013,5.331931573077327,5.181140197022423,1.44e+30
24.000000000000014,5.325315395352225,5.139561705904583,1.44e+30
24.100000000000016,5.318879540733181,5.098688864781513,1.44e+30
24.200000000000017,5.312617588380027,5.058505303810511,1.44e+30
24.30000000000002,5.306523389789903,5.018995046381026,1.44e+30
24.40000000000002,5.30059105598982,4.980142504474876,1.44e+30
24.50000000000002,5.294814945349576,4.941932473429716,1.44e+30
24.600000000000023,5.28918965198786,4.904350126195525,1.44e+30
24.700000000000024,5.283709994744958,4.867381007164807,1.44e+30
24.800000000000026,5.278371006696205,4.831011025648758,1.44e+30
24.900000000000027,5.273167925181011,4.795226449063947,1.44e+30
25.00000000000003,5.268096182323155,4.760013895887099,1.44e+30
25.10000000000003,5.2631513960188485,4.725360328429336,1.44e+30
25.20000000000003,5.258329361369932,4.691253045475369,1.44e+30
25.300000000000033,5.2536260425404615,4.657679674828041,1.44e+30
25.400000000000034,5.2490375650158025,4.624628165793876,1.44e+30
25.500000000000036,5.244560208244247,4.592086781641077,1.44e+30
25.600000000000037,5.240190398642012,4.560044092057588,1.44e+30
25.70000000000004,5.235924702943359,4.52848896563335,1.44e+30
25.80000000000004,5.231759821878375,4.4974105623878255,1.44e+30
25.90000000000004,5.227692584161806,4.466798326361079,1.44e+30
26.000000000000043,5.223719940777094,4.436641978284111,1.44e+30
26.100000000000044,5.219838959540543,4.406931508342009,1.44e+30
26.200000000000045,5.216046819931297,4.377657169041404,1.44e+30
26.300000000000047,5.212340808173474,4.348809468191945,1.44e+30
26.40000000000005,5.208718312557549,4.320379162009852,1.44e+30
26.50000000000005,5.205176818988664,4.292357248350232,1.44e+30
26.60000000000005,5.201713906750235,4.264734960073572,1.44e+30
26.700000000000053,5.198327244471768,4.2375037585506234,1.44e+30
26.800000000000054,5.195014586290415,4.210655327308968,1.44e+30
26.900000000000055,5.191773768196301,4.184181565823577,1.44e+30
27.000000000000057,5.18860270455222,4.1580745834530175,1.44e+30
27.10000000000006,5.18549938477875,4.13232669352216,1.44e+30
27.20000000000006,5.1824618701963345,4.106930407551653,1.44e+30
27.30000000000006,5.179488291016301,4.081878429633969,1.44e+30
27.400000000000063,5.176576843473246,4.057163650955308,1.44e+30
27.500000000000064,5.173725787091568,4.032779144462205,1.44e+30
27.600000000000065,5.170933442079364,4.008718159671492,1.44e+30
27.700000000000067,5.16819818684322,3.9849741176217655,1.44e+30
27.800000000000068,5.165518455617809,3.961540605964473,1.44e+30
27.90000000000007,5.1628927362044905,3.93841137419229,1.44e+30
28.00000000000007,5.160319567813465,3.915580329002511,1.44e+30
28.100000000000072,5.157797539004271,3.8930415297928485,1.44e+30
28.200000000000074,5.155325285719736,3.870789184287044,1.44e+30
28.300000000000075,5.152901489408719,3.8488176442874646,1.44e+30
28.400000000000077,5.150524875233244,3.8271214015519543,1.44e+30
28.500000000000078,5.14819421035586,3.8056950837919987,1.44e+30
28.60000000000008,5.145908302303267,3.784533450789326,1.44e+30
28.70000000000008,5.14366599740247,3.763631390627976,1.44e+30
28.800000000000082,5.141466179285916,3.7429839160389364,1.44e+30
28.900000000000084,5.139307767462251,3.7225861608543593,1.44e+30
29.000000000000085,5.137189715949513,3.702433376568453,1.44e+30
29.100000000000087,5.13511101196775,3.6825209290021257,1.44e+30
29.200000000000088,5.133070674688188,3.6628442950685387,1.44e+30
29.30000000000009,5.131067754036252,3.6433990596366175,1.44e+30
29.40000000000009,5.1291013295458585,3.624180912489864,1.44e+30
29.500000000000092,5.1271705092625455,3.6051856453775653,1.44e+30
29.600000000000094,5.125274428693123,3.5864091491557604,1.44e+30
29.700000000000095,5.123412249799652,3.567847411015277,1.44e+30
29.800000000000097,5.121583160035674,3.549496511794244,1.44e+30
29.900000000000098,5.119786371422703,3.5313526233725017,1.44e+30
30.0000000000001,5.118021119665119,3.513412006145426,1.44e+30
30.1000000000001,5.116286663301675,3.495671006574725,1.44e+30
30.200000000000102,5.114582282891921,3.478126054813832,1.44e+30
30.300000000000104,5.112907280235959,3.4607736624055683,1.44e+30
30.400000000000105,5.111260977625981,3.4436104200498416,1.44e+30
30.500000000000107,5.1096427171281595,3.4266329954391495,1.44e+30
30.600000000000108,5.108051859893504,3.4098381311597574,1.44e+30
30.70000000000011,5.106487785496376,3.393222642656502,1.44e+30
30.80000000000011,5.10494989129943,3.3767834162591743,1.44e+30
30.900000000000112,5.10343759184378,3.360517407268513,1.44e+30
31.000000000000114,5.10195031826328,3.3444216380999388,1.44e+30
31.100000000000115,5.1004875177218505,3.328493196483139,1.44e+30
31.200000000000117,5.099048652872822,3.312729233715773,1.44e+30
31.300000000000118,5.097633201339341,3.2971269629694815,1.44e+30
31.40000000000012,5.096240655214907,3.281683657646618,1.44e+30
31.50000000000012,5.0948705205831715,3.2663966497859604,1.44e+30
31.600000000000122,5.0935223170561565,3.25126332851592,1.44e+30
31.700000000000124,5.092195577330103,3.2362811385536383,1.44e+30
31.800000000000125,5.090889846758191,3.2214475787485717,1.44e+30
31.900000000000126,5.089604682939412,3.206760200669086,1.44e+30
32.00000000000013,5.088339655322895,3.192216607230628,1.44e+30
32.10000000000013,5.08709434482705,3.1778144513642435,1.44e+30
32.20000000000013,5.085868343472888,3.163551434724038,1.44e+30
32.30000000000013,5.08466125403093,3.1494253064323923,1.44e+30
32.400000000000134,5.083472689681137,3.1354338618616735,1.44e+30
32.500000000000135,5.082302273685311,3.1215749414512803,1.44e+30
32.600000000000136,5.081149639071469,3.1078464295588963,1.44e+30
32.70000000000014,5.080014428329676,3.0942462533448687,1.44e+30
32.80000000000014,5.078896293118876,3.080772381688579,1.44e+30
32.90000000000014,5.077794893984277,3.0674228241358326,1.44e+30
33.00000000000014,5.07670990008485,3.05419562987631,1.44e+30
33.10000000000014,5.075640988930544,3.0410888867499977,1.44e+30
33.200000000000145,5.074587846128809,3.0281007202817998,1.44e+30
33.300000000000146,5.073550165140082,3.0152292927433777,1.44e+30
33.40000000000015,5.072527647041842,3.0024728022412943,1.44e+30
33.50000000000015,5.071520000300925,2.9898294818307214,1.44e+30
33.60000000000015,5.070526940553752,2.977297598653839,1.44e+30
33.70000000000015,5.069548190394174,2.9648754531021755,1.44e+30
33.80000000000015,5.068583479168618,2.9525613780020548,1.44e+30
33.900000000000155,5.067632542778262,2.940353737822514,1.44e+30
34.000000000000156,5.066695123487968,2.9282509279049433,1.44e+30
34.10000000000016,5.0657709697416955,2.9162513737137243,1.44e+30
34.20000000000016,5.0648598359841674,2.9043535301072607,1.44e+30
34.30000000000016,5.063961482488528,2.892555880628712,1.44e+30
34.40000000000016,5.06307567518978,2.8808569368158317,1.44e+30
34.50000000000016,5.062202185523775,2.869255237529341,1.44e+30
34.600000000000165,5.0613407902715455,2.8577493482991674,1.44e+30
34.700000000000166,5.060491271408782,2.8463378606881022,1.44e+30
34.80000000000017,5.059653415960261,2.8350193916722253,1.44e+30
34.90000000000017,5.05882701585903,2.82379258303762,1.44e+30
35.00000000000017,5.058011867810193,2.8126561007929007,1.44e+30
35.10000000000017,5.057207773159109,2.8016086345970024,1.44e+30
35.20000000000017,5.0564145377638425,2.7906488972017587,1.44e+30
35.300000000000175,5.05563197187172,2.7797756239088605,1.44e+30
35.400000000000176,5.054859889999835,2.768987572040693,1.44e+30
35.50000000000018,5.05409811081936,2.7582835204246265,1.44e+30
35.60000000000018,5.0533464570435225,2.747662268890343,1.44e+30
35.70000000000018,5.052604755319131,2.737122637779864,1.44e+30
35.80000000000018,5.051872836121499,2.7266634674697343,1.44e+30
35.90000000000018,5.051150533652657,2.7162836179050904,1.44e+30
36.000000000000185,5.05043768574275,2.705981968145262,1.44e+30
36.100000000000186,5.0497341337544785,2.6957574159204274,1.44e+30
36.20000000000019,5.049039722490501,2.685608877199133,1.44e+30
36.30000000000019,5.0483543001036795,2.6755352857661703,1.44e+30
36.40000000000019,5.047677718010077,2.665535592810615,1.44e+30
36.50000000000019,5.047009830804607,2.6556087665236587,1.44e+30
36.60000000000019,5.046350496179244,2.645753791705925,1.44e+30
36.700000000000195,5.045699574843703,2.6359696693839365,1.44e+30
36.800000000000196,5.045056930448519,2.626255416435533,1.44e+30
36.9000000000002,5.044422429510416,2.616610065223833,1.44e+30
37.0000000000002,5.043795941339919,2.6070326632396026,1.44e+30
37.1000000000002,5.04317733797111,2.5975222727515854,1.44e+30
37.2000000000002,5.042566494093466,2.5880779704647647,1.44e+30
37.3000000000002,5.041963286985707,2.5786988471860557,1.44e+30
37.400000000000205,5.0413675964515905,2.569384007497371,1.44e+30
37.500000000000206,5.040779304757576,2.5601325694357246,1.44e+30
37.60000000000021,5.040198296572313,2.550943664180127,1.44e+30
37.70000000000021,5.039624458907879,2.54181643574512,1.44e+30
37.80000000000021,5.039057681062722,2.53275004068066,1.44e+30
37.90000000000021,5.038497854566243,2.5237436477781525,1.44e+30
38.00000000000021,5.037944873124963,2.5147964377824223,1.44e+30
38.100000000000215,5.037398632570233,2.505907603109373,1.44e+30
38.200000000000216,5.036859030807434,2.497076347569249,1.44e+30
38.30000000000022,5.036325967766606,2.4883018860950914,1.44e+30
38.40000000000022,5.035799345354489,2.479583444476472,1.44e+30
38.50000000000022,5.0352790674078935,2.4709202590979924,1.44e+30
38.60000000000022,5.034765039648394,2.4623115766826356,1.44e+30
38.70000000000022,5.034257169638277,2.45375665403958,1.44e+30
38.800000000000225,5.033755366737721,2.4452547578164454,1.44e+30
38.900000000000226,5.033259542063164,2.4368051642556963,1.44e+30
39.00000000000023,5.032769608446816,2.4284071589550122,1.44e+30
39.10000000000023,5.03228548039729,2.42006003663154,1.44e+30
39.20000000000023,5.031807074061315,2.411763100889729,1.44e+30
39.30000000000023,5.0313343071864916,2.4035156639926845,1.44e+30
39.40000000000023,5.030867099085065,2.3953170466368086,1.44e+30
39.500000000000234,5.030405370598684,2.387166577729565,1.44e+30
39.600000000000236,5.029949044064109,2.3790635941701783,1.44e+30
39.70000000000024,5.029498043279852,2.371007440633172,1.44e+30
39.80000000000024,5.029052293473709,2.362997469354451,1.44e+30
39.90000000000024,5.02861172127117,2.355033039919886,1.44e+30
40.00000000000024,5.028176254664663,2.3471135190561334,1.44e+30
40.10000000000024,5.027745822983633,2.339238280423554,1.44e+30
40.200000000000244,5.0273203568654035,2.3314067044110733,1.44e+30
40.300000000000246,5.026899788226822,2.323618177932796,1.44e+30
40.40000000000025,5.026484050236646,2.3158720942261524,1.44e+30
40.50000000000025,5.026073077288666,2.308167852651489,1.44e+30
40.60000000000025,5.025666804975534,2.3005048584928574,1.44e+30
40.70000000000025,5.025265170063275,2.292882522759776,1.44e+30
40.80000000000025,5.024868110466472,2.2853002619899385,1.44e+30
40.900000000000254,5.024475565224102,2.2777574980524538,1.44e+30
41.000000000000256,5.024087474475997,2.2702536579516366,1.44e+30
41.10000000000026,5.023703779439923,2.262788173630967,1.44e+30
41.20000000000026,5.023324422389255,2.2553604817771564,1.44e+30
41.30000000000026,5.022949346631231,2.24797002362395,1.44e+30
41.40000000000026,5.0225784964857745,2.240616244755672,1.44e+30
41.50000000000026,5.022211817264861,2.2332985949100044,1.44e+30
41.600000000000264,5.021849255252423,2.2260165277800255,1.44e+30
41.700000000000266,5.021490757684777,2.2187695008150508,1.44e+30
41.80000000000027,5.021136272731553,2.2115569750202155,1.44e+30
41.90000000000027,5.020785749477122,2.2043784147543484,1.44e+30
42.00000000000027,5.020439137902502,2.197233287525974,1.44e+30
42.10000000000027,5.020096388867735,2.1901210637871174,1.44e+30
42.20000000000027,5.019757454094719,2.183041216724649,1.44e+30
42.300000000000274,5.0194222861504905,2.1759932220487386,1.44e+30
42.400000000000276,5.019090838430935,2.168976557778227,1.44e+30
42.50000000000028,5.018763065144929,2.161990704022451,1.44e+30
42.60000000000028,5.018438921298894,2.15503514275915,1.44e+30
42.70000000000028,5.0181183626817525,2.1481093576082007,1.44e+30
42.80000000000028,5.017801345850285,2.1412128336004934,1.44e+30
42.90000000000028,5.017487828114869,2.1343450569417954,1.44e+30
43.000000000000284,5.017177767525603,2.127505514770961,1.44e+30
43.100000000000286,5.016871122858791,2.1206936949119184,1.44e+30
43.20000000000029,5.0165678536037985,2.113909085619179,1.44e+30
43.30000000000029,5.016267919950262,2.1071511753159484,1.44e+30
43.40000000000029,5.01597128277564,2.100419452324433,1.44e+30
43.50000000000029,5.015677903633118,2.0937134045877595,1.44e+30
43.60000000000029,5.0153877447398365,2.0870325193824906,1.44e+30
43.700000000000294,5.015100768965458,2.0803762830213652,1.44e+30
43.800000000000296,5.014816939821053,2.0737441805451917,1.44e+30
43.9000000000003,5.0145362214483065,2.0671356954031026,1.44e+30
44.0000000000003,5.014258578609043,2.060550309120312,1.44e+30
44.1000000000003,5.013983976675054,2.0539875009521773,1.44e+30
44.2000000000003,5.013712381618237,2.04744674752368,1.44e+30
44.3000000000003,5.013443760001037,2.040927522453006,1.44e+30
44.400000000000304,5.013178078967184,2.0344292959580157,1.44e+30
44.500000000000306,5.012915306232733,2.0279515344441785,1.44e+30
44.60000000000031,5.012655410077397,2.0214937000725426,1.44e+30
44.70000000000031,5.012398359336167,2.015055250305941,1.44e+30
44.80000000000031,5.012144123391235,2.008635637431836,1.44e+30
44.90000000000031,5.011892672164197,2.002234308059765,1.44e+30
45.00000000000031,5.011643976108552,1.9958507025912546,1.44e+30
45.100000000000314,5.011398006202494,1.9894842546599945,1.44e+30
45.200000000000315,5.0111547339419955,1.983134390539592,1.44e+30
45.30000000000032,5.010914131334178,1.9768005285162298,1.44e+30
45.40000000000032,5.010676170890988,1.97048207822314,1.44e+30
45.50000000000032,5.010440825623167,1.9641784399335802,1.44e+30
45.60000000000032,5.010208069034527,1.957889003808541,1.44e+30
45.70000000000032,5.009977875116528,1.9516131490951822,1.44e+30
45.800000000000324,5.009750218343177,1.945350243271541,1.44e+30
45.900000000000325,5.009525073666242,1.9390996411324364,1.44e+30
46.00000000000033,5.0093024165107956,1.9328606838111362,1.44e+30
46.10000000000033,5.0090822227710925,1.926632697730624,1.44e+30
46.20000000000033,5.008864468806798,1.9204149934777197,1.44e+30
46.30000000000033,5.008649131439572,1.914206864592452,1.44e+30
46.40000000000033,5.008436187950032,1.9080075862642794,1.44e+30
46.500000000000334,5.008225616075093,1.9018164139255456,1.44e+30
46.600000000000335,5.008017394005721,1.8956325817318231,1.44e+30
46.70000000000034,5.007811500385112,1.8894553009170794,1.44e+30
46.80000000000034,5.007607914307309,1.883283758010284,1.44e+30
46.90000000000034,5.007406615316301,1.8771171128985842,1.44e+30
47.00000000000034,5.007207583405613,1.8709544967196619,1.44e+30
47.10000000000034,5.0070107990184365,1.8647950095642547,1.44e+30
47.200000000000344,5.006816243048319,1.8586377179667317,1.44e+30
47.300000000000345,5.006623896840468,1.8524816521588676,1.44e+30
47.40000000000035,5.006433742193703,1.8463258030580845,1.44e+30
47.50000000000035,5.00624576136312,1.840169118957804,1.44e+30
47.60000000000035,5.006059937063512,1.834010501882171,1.44e+30
47.70000000000035,5.005876252473627,1.8278488035620746,1.44e+30
47.80000000000035,5.005694691241329,1.8216828209825677,1.44e+30
47.900000000000354,5.005515237489753,1.8155112914437992,1.44e+30
48.000000000000355,5.005337875824552,1.8093328870684202,1.44e+30
48.10000000000036,5.005162591342347,1.8031462086764871,1.44e+30
48.20000000000036,5.004989369640514,1.7969497789364381,1.44e+30
48.30000000000036,5.004818196828452,1.7907420346832557,1.44e+30
48.40000000000036,5.004649059540513,1.7845213182764024,1.44e+30
48.50000000000036,5.00448194495078,1.7782858678455007,1.44e+30
48.600000000000364,5.004316840789948,1.7720338062426977,1.44e+30
48.700000000000365,5.0041537353645555,1.7657631284849962,1.44e+30
48.80000000000037,5.003992617578909,1.759471687425421,1.44e+30
48.90000000000037,5.003833476960061,1.7531571773363663,1.44e+30
49.00000000000037,5.003676303686297,1.7468171150201277,1.44e+30
49.10000000000037,5.003521088619658,1.740448817973834,1.44e+30
49.20000000000037,5.003367823343142,1.7340493790261637,1.44e+30
49.300000000000374,5.003216500203337,1.7276156367208912,1.44e+30
49.400000000000375,5.003067112359428,1.721144140540047,1.44e+30
49.50000000000038,5.002919653839704,1.7146311098208724,1.44e+30
49.60000000000038,5.0027741196069515,1.7080723849074495,1.44e+30
49.70000000000038,5.00263050563447,1.701463368659977,1.44e+30
49.80000000000038,5.002488808994855,1.6947989558845378,1.44e+30
49.90000000000038,5.002349027964264,1.6880734474802177,1.44e+30
50.000000000000384,5.00221116214564,1.681280445045411,1.44e+30
50.100000000000385,5.0020752126153365,1.6744127202054084,1.44e+30
50.20000000000039,5.001941182098978,1.6674620508147548,1.44e+30
50.30000000000039,5.001809075184244,1.6604190131330263,1.44e+30
50.40000000000039,5.001678898580904,1.6532727145510067,1.44e+30
50.50000000000039,5.001550661442208,1.6460104446102637,1.44e+30
50.60000000000039,5.001424375767241,1.6386172114626663,1.44e+30
50.700000000000394,5.001300056912133,1.6310751140272939,1.44e+30
50.800000000000395,5.0011777242507,1.6233624722990694,1.44e+30
50.9000000000004,5.0010574020453555,1.615452590785405,1.44e+30
51.0000000000004,5.000939120622454,1.6073119454066938,1.44e+30
51.1000000000004,5.000822918003628,1.5988974254512986,1.44e+30
51.2000000000004,5.00070884224886,1.5901519457101794,1.44e+30
51.3000000000004,5.000596954968355,1.5809970639079338,1.44e+30
51.400000000000404,5.000487336882008,1.571319632211277,1.44e+30
51.500000000000405,5.000380097285719,1.5609452148468965,1.44e+30
51.600000000000406,5.000275391914303,1.5495773468293796,1.44e+30
51.70000000000041,5.0001734624321275,1.536625266758346,1.44e+30
51.710000000000406,5.000163436129733,1.5351996988484788,1.44e+30
51.720000000000404,5.000153442190902,1.5337426475575424,1.44e+30
51.7300000000004,5.000143481277589,1.5322512198780613,1.44e+30
51.7400000000004,5.000133554116402,1.5307220446435057,1.44e+30
51.7500000000004,5.000123661509732,1.5291511527049202,1.44e+30
51.760000000000396,5.0001138043497955,1.527533815207703,1.44e+30
51.770000000000394,5.000103983636646,1.5258643204404994,1.44e+30
51.78000000000039,5.000094200501744,1.524135657917493,1.44e+30
51.79000000000039,5.000084456239522,1.5223390574191187,1.44e+30
51.80000000000039,5.000074752350838,1.5204632916996452,1.44e+30
51.810000000000386,5.000065090604846,1.518493574385638,1.44e+30
51.820000000000384,5.000055473130809,1.516409720254197,1.44e+30
51.83000000000038,5.000045902561832,1.5141828513678457,1.44e+30
51.84000000000038,5.000036382276264,1.5117689215848704,1.44e+30
51.85000000000038,5.000026916845269,1.509094186203423,1.44e+30
51.860000000000376,5.000017512997338,1.5060151700621305,1.44e+30
51.870000000000374,5.000008182340108,1.502156849555427,1.44e+30
51.88000000000037,5.0,1.4953487812212205,1.44e+30
