Time,Mass,Radius,Lx
23.0,5.596940043010154,6.41,1.3e+30
23.1,5.590496405209128,6.380800594548731,1.3e+30
23.200000000000003,5.584148273112542,6.351850687093329,1.3e+30
23.300000000000004,5.5778939196765,6.32314810552224,1.3e+30
23.400000000000006,5.571731650905634,6.294690672647489,1.3e+30
23.500000000000007,5.565659805319425,6.2664762076017215,1.3e+30
23.60000000000001,5.559676753418556,6.238502527170979,1.3e+30
23.70000000000001,5.5537808971519755,6.210767447065038,1.3e+30
23.80000000000001,5.547970669385274,6.183268783127264,1.3e+30
23.900000000000013,5.542244533370952,6.156004352485851,1.3e+30
24.000000000000014,5.536600982221108,6.128971974648243,1.3e+30
24.100000000000016,5.531038538383037,6.102169472540702,1.3e+30
24.200000000000017,5.525555753118189,6.075594673494699,1.3e+30
24.30000000000002,5.520151205984894,6.049245410182028,1.3e+30
24.40000000000002,5.514823504325256,6.023119521500373,1.3e+30
24.50000000000002,5.509571282756531,5.997214853411052,1.3e+30
24.600000000000023,5.504393202667341,5.971529259730666,1.3e+30
24.700000000000024,5.499287951718974,5.9460606028782745,1.3e+30
24.800000000000026,5.494254243352063,5.92080675457983,1.3e+30
24.900000000000027,5.489290816298857,5.895765596531341,1.3e+30
25.00000000000003,5.484396434101302,5.87093502102244,1.3e+30
25.10000000000003,5.479569884635105,5.846312931521824,1.3e+30
25.20000000000003,5.474809979639973,5.821897243226051,1.3e+30
25.300000000000033,5.470115554256135,5.797685883573177,1.3e+30
25.400000000000034,5.4654854665673005,5.773676792722593,1.3e+30
25.500000000000036,5.460918597150149,5.749867924002501,1.3e+30
25.600000000000037,5.456413848630442,5.726257244326284,1.3e+30
25.70000000000004,5.451970145245828,5.702842734579109,1.3e+30
25.80000000000004,5.447586432415414,5.679622389976032,1.3e+30
25.90000000000004,5.443261676316131,5.656594220392755,1.3e+30
26.000000000000043,5.438994863465941,5.633756250670277,1.3e+30
26.100000000000044,5.434785000313903,5.6111065208945785,1.3e+30
26.200000000000045,5.430631112837109,5.588643086652379,1.3e+30
26.300000000000047,5.426532246144483,5.566364019264093,1.3e+30
26.40000000000005,5.42248746408745,5.54426740599502,1.3e+30
26.50000000000005,5.418495848877443,5.522351350245735,1.3e+30
26.60000000000005,5.414556500710232,5.500613971722613,1.3e+30
26.700000000000053,5.410668537397031,5.479053406589513,1.3e+30
26.800000000000054,5.406831094002361,5.457667807601416,1.3e+30
26.900000000000055,5.4030433224886005,5.4364553442209225,1.3e+30
27.000000000000057,5.399304391367194,5.4154142027184555,1.3e+30
27.10000000000006,5.395613485356444,5.394542586256922,1.3e+30
27.20000000000006,5.391969805045841,5.373838714961658,1.3e+30
27.30000000000006,5.38837256656685,5.353300825976346,1.3e+30
27.400000000000063,5.384821001270094,5.332927173505653,1.3e+30
27.500000000000064,5.381314355408863,5.312716028845259,1.3e+30
27.600000000000065,5.377851889828866,5.292665680399942,1.3e+30
27.700000000000067,5.374432879664152,5.272774433690342,1.3e+30
27.800000000000068,5.371056614039111,5.253040611348993,1.3e+30
27.90000000000007,5.367722395776492,5.233462553106264,1.3e+30
28.00000000000007,5.364429541111322,5.214038615766689,1.3e+30
28.100000000000072,5.361177379410674,5.194767173176295,1.3e+30
28.200000000000074,5.357965252899165,5.175646616181386,1.3e+30
28.300000000000075,5.354792516390119,5.1566753525792945,1.3e+30
28.400000000000077,5.35165853702229,5.13785180706158,1.3e+30
28.500000000000078,5.348562694002066,5.119174421150124,1.3e+30
28.60000000000008,5.345504378351048,5.100641653126525,1.3e+30
28.70000000000008,5.342482992658934,5.0822519779552415,1.3e+30
28.800000000000082,5.339497950841596,5.064003887200868,1.3e+30
28.900000000000084,5.336548677904273,5.045895888939901,1.3e+30
29.000000000000085,5.333634609709779,5.027926507667388,1.3e+30
29.100000000000087,5.330755192751644,5.010094284198766,1.3e+30
29.200000000000088,5.327909883932094,4.992397775567283,1.3e+30
29.30000000000009,5.325098150344769,4.974835554917201,1.3e+30
29.40000000000009,5.322319469062116,4.957406211393236,1.3e+30
29.500000000000092,5.3195733269273315,4.940108350026374,1.3e+30
29.600000000000094,5.316859220350804,4.9229405916164195,1.3e+30
29.700000000000095,5.314176655110939,4.905901572611539,1.3e+30
29.800000000000097,5.311525146159289,4.888989944984964,1.3e+30
29.900000000000098,5.308904217429918,4.872204376109224,1.3e+30
30.0000000000001,5.306313401652889,4.855543548627999,1.3e+30
30.1000000000001,5.3037522401718125,4.839006160325889,1.3e+30
30.200000000000102,5.301220282765361,4.822590923996274,1.3e+30
30.300000000000104,5.298717087472676,4.806296567307466,1.3e+30
30.400000000000105,5.296242220422581,4.790121832667326,1.3e+30
30.500000000000107,5.293795255666523,4.774065477086527,1.3e+30
30.600000000000108,5.291375775015168,4.758126272040643,1.3e+30
30.70000000000011,5.288983367878567,4.742303003331179,1.3e+30
30.80000000000011,5.286617631109821,4.726594470945735,1.3e+30
30.900000000000112,5.284278168852172,4.710999488917434,1.3e+30
31.000000000000114,5.281964592389439,4.695516885183711,1.3e+30
31.100000000000115,5.2796765199997395,4.680145501444661,1.3e+30
31.200000000000117,5.277413576812411,4.664884193020992,1.3e+30
31.300000000000118,5.275175394668076,4.649731828711738,1.3e+30
31.40000000000012,5.2729616119817715,4.634687290651837,1.3e+30
31.50000000000012,5.2707718736090845,4.619749474169648,1.3e+30
31.600000000000122,5.268605830715224,4.6049172876445486,1.3e+30
31.700000000000124,5.266463140646959,4.59018965236465,1.3e+30
31.800000000000125,5.264343466807373,4.575565502384746,1.3e+30
31.900000000000126,5.26224647853336,4.561043784384584,1.3e+30
32.00000000000013,5.260171850975802,4.546623457527502,1.3e+30
32.10000000000013,5.258119264982384,4.53230349331953,1.3e+30
32.20000000000013,5.25608840698296,4.518082875468989,1.3e+30
32.30000000000013,5.254078968877439,4.503960599746689,1.3e+30
32.400000000000134,5.252090647926123,4.489935673846774,1.3e+30
32.500000000000135,5.25012314664244,4.476007117248242,1.3e+30
32.600000000000136,5.248176172688019,4.462173961077193,1.3e+30
32.70000000000014,5.246249438770067,4.448435247969919,1.3e+30
32.80000000000014,5.24434266254097,4.434790031936772,1.3e+30
32.90000000000014,5.242455566500097,4.421237378226948,1.3e+30
33.00000000000014,5.240587877897735,4.407776363194158,1.3e+30
33.10000000000014,5.238739328641115,4.394406074163264,1.3e+30
33.200000000000145,5.23690965520249,4.381125609297889,1.3e+30
33.300000000000146,5.2350985985292,4.3679340774690445,1.3e+30
33.40000000000015,5.233305903955692,4.354830598124775,1.3e+30
33.50000000000015,5.231531321117451,4.341814301160901,1.3e+30
33.60000000000015,5.229774603866791,4.328884326792817,1.3e+30
33.70000000000015,5.228035510190469,4.316039825428415,1.3e+30
33.80000000000015,5.226313802129077,4.303279957542129,1.3e+30
33.900000000000155,5.224609245698179,4.290603893550109,1.3e+30
34.000000000000156,5.2229216108111425,4.278010813686603,1.3e+30
34.10000000000016,5.221250671203632,4.265499907881442,1.3e+30
34.20000000000016,5.219596204359727,4.25307037563876,1.3e+30
34.30000000000016,5.2179579914396275,4.240721425916901,1.3e+30
34.40000000000016,5.216335817208906,4.228452277009503,1.3e+30
34.50000000000016,5.214729469969278,4.2162621564278515,1.3e+30
34.600000000000165,5.213138741490848,4.204150300784372,1.3e+30
34.700000000000166,5.211563426945807,4.1921159556774175,1.3e+30
34.80000000000017,5.21000332484354,4.180158375577262,1.3e+30
34.90000000000017,5.208458236967116,4.168276823713295,1.3e+30
35.00000000000017,5.206927968311129,4.156470571962499,1.3e+30
35.10000000000017,5.205412327020855,4.14473890073913,1.3e+30
35.20000000000017,5.203911124332698,4.133081098885633,1.3e+30
35.300000000000175,5.2024241745159,4.1214964635647995,1.3e+30
35.400000000000176,5.20095129481548,4.109984300153171,1.3e+30
35.50000000000018,5.199492305396373,4.098543922135642,1.3e+30
35.60000000000018,5.198047029288747,4.087174651001309,1.3e+30
35.70000000000018,5.196615292334472,4.075875816140555,1.3e+30
35.80000000000018,5.195196923134704,4.064646754743315,1.3e+30
35.90000000000018,5.193791752998577,4.053486811698596,1.3e+30
36.000000000000185,5.192399615892961,4.04239533949519,1.3e+30
36.100000000000186,5.191020348393264,4.031371698123579,1.3e+30
36.20000000000019,5.189653789635275,4.020415254979065,1.3e+30
36.30000000000019,5.188299781267989,4.009525384766061,1.3e+30
36.40000000000019,5.186958167407422,3.9987014694035774,1.3e+30
36.50000000000019,5.185628794591384,3.987942897931891,1.3e+30
36.60000000000019,5.1843115117351815,3.9772490664203652,1.3e+30
36.700000000000195,5.183006170088236,3.966619377876436,1.3e+30
36.800000000000196,5.181712623191599,3.9560532421557557,1.3e+30
36.9000000000002,5.18043072683634,3.945550075873477,1.3e+30
37.0000000000002,5.179160339022784,3.9351093023166417,1.3e+30
37.1000000000002,5.177901319920591,3.924730351357746,1.3e+30
37.2000000000002,5.176653531829645,3.91441265936935,1.3e+30
37.3000000000002,5.175416839141748,3.90415566913986,1.3e+30
37.400000000000205,5.174191108303089,3.893958829790359,1.3e+30
37.500000000000206,5.172976207777474,3.8838215966925245,1.3e+30
37.60000000000021,5.171772008010311,3.873743431387642,1.3e+30
37.70000000000021,5.170578381393317,3.863723801506655,1.3e+30
37.80000000000021,5.169395202229936,3.853762180691281,1.3e+30
37.90000000000021,5.168222346701463,3.843858048516175,1.3e+30
38.00000000000021,5.167059692833843,3.8340108904120913,1.3e+30
38.100000000000215,5.165907120465138,3.8242201975901176,1.3e+30
38.200000000000216,5.164764511213649,3.814485466966863,1.3e+30
38.30000000000022,5.163631748446671,3.8048062010906807,1.3e+30
38.40000000000022,5.162508717249876,3.7951819080688534,1.3e+30
38.50000000000022,5.161395304397304,3.7856121014957878,1.3e+30
38.60000000000022,5.160291398321951,3.7760963003821293,1.3e+30
38.70000000000022,5.15919688908694,3.7666340290848663,1.3e+30
38.800000000000225,5.158111668357262,3.757224817238362,1.3e+30
38.900000000000226,5.157035629372079,3.7478681996863186,1.3e+30
39.00000000000023,5.15596866691757,3.7385637164146606,1.3e+30
39.10000000000023,5.154910677300308,3.7293109124853396,1.3e+30
39.20000000000023,5.153861558321171,3.7201093379710217,1.3e+30
39.30000000000023,5.152821209249747,3.710958547890671,1.3e+30
39.40000000000023,5.151789530799257,3.7018581021460073,1.3e+30
39.500000000000234,5.150766425101956,3.692807565458841,1.3e+30
39.600000000000236,5.149751795685017,3.683806507309243,1.3e+30
39.70000000000024,5.14874554744688,3.674854501874576,1.3e+30
39.80000000000024,5.147747586634065,3.665951127969345,1.3e+30
39.90000000000024,5.146757820818428,3.657095968985879,1.3e+30
40.00000000000024,5.145776158874863,3.648288612835842,1.3e+30
40.10000000000024,5.144802510959423,3.639528651892509,1.3e+30
40.200000000000244,5.14383678848787,3.630815682933865,1.3e+30
40.300000000000246,5.142878904114637,3.6221493070864756,1.3e+30
40.40000000000025,5.141928771712184,3.613529129770116,1.3e+30
40.50000000000025,5.140986306350756,3.6049547606431793,1.3e+30
40.60000000000025,5.140051424278525,3.596425813548827,1.3e+30
40.70000000000025,5.139124042902107,3.5879419064618836,1.3e+30
40.80000000000025,5.138204080767451,3.579502661436466,1.3e+30
40.900000000000254,5.137291457541091,3.5711077045543,1.3e+30
41.000000000000256,5.136386093991745,3.562756665873817,1.3e+30
41.10000000000026,5.1354879119722705,3.554449179379863,1.3e+30
41.20000000000026,5.134596834401954,3.5461848829341953,1.3e+30
41.30000000000026,5.1337127852491315,3.5379634182265813,1.3e+30
41.40000000000026,5.132835689514138,3.529784430726609,1.3e+30
41.50000000000026,5.131965473212574,3.521647569636164,1.3e+30
41.600000000000264,5.131102063358882,3.51355248784254,1.3e+30
41.700000000000266,5.130245387950232,3.5054988418722215,1.3e+30
41.80000000000027,5.129395375950706,3.4974862918452803,1.3e+30
41.90000000000027,5.128551957275767,3.489514501430399,1.3e+30
42.00000000000027,5.127715062777029,3.481583137800536,1.3e+30
42.10000000000027,5.126884624227298,3.473691871589194,1.3e+30
42.20000000000027,5.126060574305888,3.4658403768472654,1.3e+30
42.300000000000274,5.125242846584213,3.4580283310005004,1.3e+30
42.400000000000276,5.124431375511634,3.4502554148075397,1.3e+30
42.50000000000028,5.123626096401575,3.4425213123185507,1.3e+30
42.60000000000028,5.122826945417884,3.4348257108343954,1.3e+30
42.70000000000028,5.122033859561443,3.427168300866385,1.3e+30
42.80000000000028,5.121246776657027,3.4195487760965904,1.3e+30
42.90000000000028,5.120465635340391,3.4119668333386626,1.3e+30
43.000000000000284,5.119690375045604,3.404422172499242,1.3e+30
43.100000000000286,5.118920935992595,3.3969144965398406,1.3e+30
43.20000000000029,5.1181572591749385,3.3894435114393024,1.3e+30
43.30000000000029,5.117399286347848,3.3820089261567174,1.3e+30
43.40000000000029,5.116646960016393,3.3746104525949066,1.3e+30
43.50000000000029,5.115900223423917,3.3672478055643476,1.3e+30
43.60000000000029,5.1151590205406725,3.359920702747643,1.3e+30
43.700000000000294,5.114423296052651,3.3526288646644176,1.3e+30
43.800000000000296,5.113692995350614,3.345372014636751,1.3e+30
43.9000000000003,5.1129680645193165,3.3381498787550514,1.3e+30
44.0000000000003,5.112248450326926,3.330962185844399,1.3e+30
44.1000000000003,5.11153410021462,3.3238086674313374,1.3e+30
44.2000000000003,5.110824962286374,3.3166890577111303,1.3e+30
44.3000000000003,5.1101209852989244,3.3096030935154683,1.3e+30
44.400000000000304,5.109422118651908,3.302550514280582,1.3e+30
44.500000000000306,5.108728312378177,3.295531062015826,1.3e+30
44.60000000000031,5.1080395171342765,3.2885444812726625,1.3e+30
44.70000000000031,5.107355684191096,3.2815905191140753,1.3e+30
44.80000000000031,5.106676765424675,3.274668925084395,1.3e+30
44.90000000000031,5.106002713307173,3.2677794511795133,1.3e+30
45.00000000000031,5.105333480897994,3.260921851817547,1.3e+30
45.100000000000314,5.104669021835067,3.254095883809842,1.3e+30
45.200000000000315,5.10400929032627,3.2473013063323997,1.3e+30
45.30000000000032,5.103354241141005,3.2405378808976626,1.3e+30
45.40000000000032,5.102703829601923,3.233805371326734,1.3e+30
45.50000000000032,5.102058011576778,3.2271035437218822,1.3e+30
45.60000000000032,5.101416743470431,3.2204321664394895,1.3e+30
45.70000000000032,5.100779982216987,3.2137910100633382,1.3e+30
45.800000000000324,5.10014768527206,3.2071798473782307,1.3e+30
45.900000000000325,5.099519810605179,3.200598453344002,1.3e+30
46.00000000000033,5.098896316692315,3.194046605069849,1.3e+30
46.10000000000033,5.098277162508532,3.187524081788993,1.3e+30
46.20000000000033,5.097662307520774,3.1810306648337185,1.3e+30
46.30000000000033,5.097051711680757,3.174566137610717,1.3e+30
46.40000000000033,5.096445335417995,3.1681302855767477,1.3e+30
46.500000000000334,5.09584313963293,3.1617228962146497,1.3e+30
46.600000000000335,5.095245085690186,3.155343759009651,1.3e+30
46.70000000000034,5.094651135411931,3.148992665425986,1.3e+30
46.80000000000034,5.094061251071351,3.1426694088838496,1.3e+30
46.90000000000034,5.0934753953862275,3.136373784736605,1.3e+30
47.00000000000034,5.092893531512629,3.1301055902483514,1.3e+30
47.10000000000034,5.0923156230387,3.123864624571741,1.3e+30
47.200000000000344,5.0917416339785575,3.1176506887261093,1.3e+30
47.300000000000345,5.091171528766282,3.1114635855758728,1.3e+30
47.40000000000035,5.090605272250014,3.105303119809234,1.3e+30
47.50000000000035,5.090042829686138,3.09916909791715,1.3e+30
47.60000000000035,5.089484166733573,3.093061328172576,1.3e+30
47.70000000000035,5.088929249448145,3.0869796206099616,1.3e+30
47.80000000000035,5.088378044277058,3.080923787005067,1.3e+30
47.900000000000354,5.087830518053451,3.074893640854968,1.3e+30
48.000000000000355,5.0872866379910455,3.068888997358378,1.3e+30
48.10000000000036,5.086746371678879,3.062909673396214,1.3e+30
48.20000000000036,5.086209687076122,3.0569554875123766,1.3e+30
48.30000000000036,5.085676552506979,3.051026259894827,1.3e+30
48.40000000000036,5.085146936655671,3.045121812356873,1.3e+30
48.50000000000036,5.0846208085615014,3.0392419683187226,1.3e+30
48.600000000000364,5.084098137613995,3.033386552789244,1.3e+30
48.700000000000365,5.083578893548118,3.0275553923479745,1.3e+30
48.80000000000037,5.0830630464395785,3.0217483151273896,1.3e+30
48.90000000000037,5.082550566700189,3.0159651507953322,1.3e+30
49.00000000000037,5.082041425073317,3.010205730537723,1.3e+30
49.10000000000037,5.081535592629397,3.00446988704147,1.3e+30
49.20000000000037,5.081033040761516,2.99875745447758,1.3e+30
49.300000000000374,5.080533741181073,2.9930682684845253,1.3e+30
49.400000000000375,5.080037665913501,2.987402166151775,1.3e+30
49.50000000000038,5.079544787294059,2.981758986003567,1.3e+30
49.60000000000038,5.0790550779636865,2.976138567982872,1.3e+30
49.70000000000038,5.078568510864929,2.9705407534355546,1.3e+30
49.80000000000038,5.078085059237919,2.964965385094742,1.3e+30
49.90000000000038,5.077604696616428,2.95941230706539,1.3e+30
50.000000000000384,5.077127396823969,2.9538813648090314,1.3e+30
50.100000000000385,5.076653133969974,2.9483724051287394,1.3e+30
50.20000000000039,5.076181882446014,2.9428852761542403,1.3e+30
50.30000000000039,5.07571361692209,2.937419827327244,1.3e+30
50.40000000000039,5.075248312342974,2.9319759093869466,1.3e+30
50.50000000000039,5.074785943924611,2.926553374355713,1.3e+30
50.60000000000039,5.074326487150571,2.921152075524931,1.3e+30
50.700000000000394,5.073869917768558,2.9157718674410464,1.3e+30
50.800000000000395,5.073416211786975,2.910412605891777,1.3e+30
50.9000000000004,5.072965345471535,2.9050741478924804,1.3e+30
51.0000000000004,5.0725172953419255,2.8997563516726954,1.3e+30
51.1000000000004,5.07207203816853,2.894459076662866,1.3e+30
51.2000000000004,5.07162955096919,2.889182183481206,1.3e+30
51.3000000000004,5.071189811006019,2.883925533920717,1.3e+30
51.400000000000404,5.070752795782268,2.8786889909363955,1.3e+30
51.500000000000405,5.070318483039234,2.8734724186325806,1.3e+30
51.600000000000406,5.069886850753214,2.8682756822504407,1.3e+30
51.70000000000041,5.06945787713251,2.863098648155624,1.3e+30
51.80000000000041,5.069031540614473,2.8579411838260844,1.3e+30
51.90000000000041,5.068607819862596,2.852803157839997,1.3e+30
52.00000000000041,5.068186693763644,2.847684439863873,1.3e+30
52.10000000000041,5.067768141424834,2.842584900640791,1.3e+30
52.200000000000415,5.067352142171049,2.837504411978754,1.3e+30
52.300000000000416,5.066938675542102,2.8324428467392435,1.3e+30
52.40000000000042,5.06652772129003,2.827400078825831,1.3e+30
52.50000000000042,5.06611925937644,2.822375983173008,1.3e+30
52.60000000000042,5.065713269969881,2.817370435735077,1.3e+30
52.70000000000042,5.0653097334432635,2.8123833134752076,1.3e+30
52.80000000000042,5.064908630371316,2.8074144943546373,1.3e+30
52.900000000000425,5.064509941528073,2.802463857321961,1.3e+30
53.000000000000426,5.064113647884408,2.797531282302585,1.3e+30
53.10000000000043,5.063719730605592,2.7926166501882634,1.3e+30
53.20000000000043,5.063328171048897,2.7877198428268026,1.3e+30
53.30000000000043,5.0629389507612315,2.782840743011863,1.3e+30
53.40000000000043,5.062552051476805,2.777979234472866,1.3e+30
53.50000000000043,5.062167455114833,2.7731352018650277,1.3e+30
53.600000000000435,5.0617851437772705,2.7683085307595503,1.3e+30
53.700000000000436,5.061405099746584,2.763499107633865,1.3e+30
53.80000000000044,5.061027305483544,2.7587068198619913,1.3e+30
53.90000000000044,5.060651743625065,2.7539315557050803,1.3e+30
54.00000000000044,5.060278396982057,2.749173204301961,1.3e+30
54.10000000000044,5.059907248537332,2.744431655659908,1.3e+30
54.20000000000044,5.059538281443513,2.7397068006453926,1.3e+30
54.300000000000445,5.0591714790209945,2.734998530975048,1.3e+30
54.400000000000446,5.058806824755922,2.730306739206674,1.3e+30
54.50000000000045,5.0584443022981995,2.7256313187303567,1.3e+30
54.60000000000045,5.058083895459531,2.7209721637597193,1.3e+30
54.70000000000045,5.057725588211483,2.7163291693232017,1.3e+30
54.80000000000045,5.057369364683576,2.711702231255519,1.3e+30
54.90000000000045,5.057015209161411,2.707091246189174,1.3e+30
55.000000000000455,5.056663106084804,2.702496111546042,1.3e+30
55.100000000000456,5.056313040045969,2.6979167255290935,1.3e+30
55.20000000000046,5.055964995787706,2.6933529871142117,1.3e+30
55.30000000000046,5.055618958201629,2.688804796042031,1.3e+30
55.40000000000046,5.055274912326411,2.68427205280996,1.3e+30
55.50000000000046,5.054932843346054,2.679754658664235,1.3e+30
55.60000000000046,5.054592736588188,2.675252515592061,1.3e+30
55.700000000000465,5.054254577522384,2.670765526313847,1.3e+30
55.800000000000466,5.0539183517585,2.666293594275551,1.3e+30
55.90000000000047,5.053584045045045,2.6618366236410655,1.3e+30
56.00000000000047,5.053251643267565,2.657394519284718,1.3e+30
56.10000000000047,5.052921132447053,2.6529671867838265,1.3e+30
56.20000000000047,5.05259249873838,2.648554532411369,1.3e+30
56.30000000000047,5.052265728428748,2.6441564631286907,1.3e+30
56.400000000000475,5.051940807936162,2.6397728865783305,1.3e+30
56.500000000000476,5.051617723807924,2.6354037110768718,1.3e+30
56.60000000000048,5.051296462719152,2.631048845607935,1.3e+30
56.70000000000048,5.050977011471308,2.6267081998151847,1.3e+30
56.80000000000048,5.050659356990758,2.6223816839954344,1.3e+30
56.90000000000048,5.050343486327344,2.6180692090918316,1.3e+30
57.00000000000048,5.050029386652978,2.6137706866871113,1.3e+30
57.100000000000485,5.0497170452602544,2.6094860289969066,1.3e+30
57.200000000000486,5.049406449561079,2.6052151488631305,1.3e+30
57.30000000000049,5.049097587085321,2.6009579597474293,1.3e+30
57.40000000000049,5.048790445479479,2.59671437572472,1.3e+30
57.50000000000049,5.048485012505366,2.592484311476762,1.3e+30
57.60000000000049,5.048181276038811,2.5882676822858155,1.3e+30
57.70000000000049,5.047879224068382,2.584064404028365,1.3e+30
57.800000000000495,5.047578844694119,2.5798743931688914,1.3e+30
57.900000000000496,5.047280126126291,2.5756975667537243,1.3e+30
58.0000000000005,5.046983056684166,2.571533842404939,1.3e+30
58.1000000000005,5.046687624794792,2.5673831383143204,1.3e+30
58.2000000000005,5.046393818991807,2.563245373237386,1.3e+30
58.3000000000005,5.046101627914251,2.5591204664874843,1.3e+30
58.4000000000005,5.045811040305404,2.555008337929907,1.3e+30
58.500000000000504,5.045522045011631,2.5509089079761207,1.3e+30
58.600000000000506,5.045234630981248,2.5468220975779863,1.3e+30
58.70000000000051,5.044948787263403,2.5427478282220957,1.3e+30
58.80000000000051,5.044664503006963,2.5386860219241223,1.3e+30
58.90000000000051,5.04438176745943,2.5346366012232364,1.3e+30
59.00000000000051,5.044100569965855,2.530599489176579,1.3e+30
59.10000000000051,5.043820899967781,2.526574609353788,1.3e+30
59.200000000000514,5.043542747002188,2.522561885831548,1.3e+30
59.300000000000516,5.043266100700456,2.518561243188243,1.3e+30
59.40000000000052,5.042990950787347,2.514572606498616,1.3e+30
59.50000000000052,5.042717287079991,2.5105959013284966,1.3e+30
59.60000000000052,5.042445099486886,2.50663105372955,1.3e+30
59.70000000000052,5.04217437800692,2.5026779902341,1.3e+30
59.80000000000052,5.041905112728395,2.4987366378500147,1.3e+30
59.900000000000524,5.04163729382807,2.4948069240555926,1.3e+30
60.000000000000526,5.041370911570212,2.490888776794532,1.3e+30
60.10000000000053,5.04110595630566,2.486982124470885,1.3e+30
60.20000000000053,5.040842418470908,2.4830868959441683,1.3e+30
60.30000000000053,5.0405802885871855,2.4792030205243822,1.3e+30
60.40000000000053,5.040319557259563,2.4753304279671764,1.3e+30
60.50000000000053,5.040060215176063,2.471469048469007,1.3e+30
60.600000000000534,5.039802253106781,2.4676188126623275,1.3e+30
60.700000000000536,5.039545661903019,2.4637796516108494,1.3e+30
60.80000000000054,5.039290432496435,2.4599514968048535,1.3e+30
60.90000000000054,5.0390365558981935,2.4561342801564603,1.3e+30
61.00000000000054,5.038784023198132,2.4523279339950284,1.3e+30
61.10000000000054,5.038532825563941,2.4485323910625567,1.3e+30
61.20000000000054,5.038282954240347,2.4447475845090993,1.3e+30
61.300000000000544,5.038034400548313,2.440973447888263,1.3e+30
61.400000000000546,5.037787155884245,2.4372099151526987,1.3e+30
61.50000000000055,5.037541211719206,2.4334569206496512,1.3e+30
61.60000000000055,5.037296559598144,2.429714399116505,1.3e+30
61.70000000000055,5.037053191139132,2.4259822856764393,1.3e+30
61.80000000000055,5.03681109803261,2.4222605158340462,1.3e+30
61.90000000000055,5.036570272040638,2.4185490254709894,1.3e+30
62.000000000000554,5.036330704996167,2.414847750841718,1.3e+30
62.100000000000556,5.036092388802306,2.411156628569223,1.3e+30
62.20000000000056,5.0358553154316095,2.4074755956407796,1.3e+30
62.30000000000056,5.035619476925365,2.4038045894037356,1.3e+30
62.40000000000056,5.035384865392893,2.400143547561344,1.3e+30
62.50000000000056,5.035151473010859,2.3964924081686116,1.3e+30
62.60000000000056,5.034919292022586,2.392851109628172,1.3e+30
62.700000000000564,5.034688314737384,2.389219590686203,1.3e+30
62.800000000000566,5.034458533529879,2.3855977904283283,1.3e+30
62.90000000000057,5.034229940839358,2.3819856482755952,1.3e+30
63.00000000000057,5.03400252916912,2.378383103980466,1.3e+30
63.10000000000057,5.033776291085828,2.374790097622773,1.3e+30
63.20000000000057,5.0335512192188805,2.3712065696058193,1.3e+30
63.30000000000057,5.033327306259781,2.367632460652363,1.3e+30
63.400000000000574,5.033104544961519,2.3640677118007147,1.3e+30
63.500000000000576,5.032882928137961,2.360512264400849,1.3e+30
63.60000000000058,5.032662448663243,2.3569660601105094,1.3e+30
63.70000000000058,5.032443099471172,2.3534290408913106,1.3e+30
63.80000000000058,5.032224873554644,2.3499011490049613,1.3e+30
63.90000000000058,5.03200776396505,2.346382327009364,1.3e+30
64.00000000000058,5.031791763811708,2.3428725177548784,1.3e+30
64.10000000000058,5.031576866261294,2.3393716643804856,1.3e+30
64.20000000000057,5.031363064537275,2.3358797103100297,1.3e+30
64.30000000000057,5.031150351919357,2.3323965992484643,1.3e+30
64.40000000000056,5.030938721742937,2.3289222751781273,1.3e+30
64.50000000000055,5.03072816739856,2.3254566823549947,1.3e+30
64.60000000000055,5.030518682331381,2.321999765304999,1.3e+30
64.70000000000054,5.03031026004064,2.3185514688202824,1.3e+30
64.80000000000054,5.030102894079135,2.3151117379555926,1.3e+30
64.90000000000053,5.029896578052707,2.3116805180245454,1.3e+30
65.00000000000053,5.02969130561973,2.3082577545959944,1.3e+30
65.10000000000052,5.029487070490607,2.3048433934904136,1.3e+30
65.20000000000051,5.029283866427267,2.3014373807762154,1.3e+30
65.30000000000051,5.029081687242679,2.298039662766163,1.3e+30
65.4000000000005,5.02888052680036,2.2946501860137296,1.3e+30
65.5000000000005,5.0286803790138945,2.291268897309518,1.3e+30
65.60000000000049,5.028481237846463,2.287895743677651,1.3e+30
65.70000000000049,5.028283097310366,2.2845306723721657,1.3e+30
65.80000000000048,5.028085951466566,2.2811736308734574,1.3e+30
65.90000000000047,5.027889794424223,2.2778245668846786,1.3e+30
66.00000000000047,5.027694620340248,2.274483428328203,1.3e+30
66.10000000000046,5.0275004234188465,2.2711501633420097,1.3e+30
66.20000000000046,5.027307197911083,2.2678247202761517,1.3e+30
66.30000000000045,5.0271149381144395,2.264507047689209,1.3e+30
66.40000000000045,5.026923638372384,2.2611970943446695,1.3e+30
66.50000000000044,5.026733293073945,2.257894809207447,1.3e+30
66.60000000000043,5.026543896653284,2.254600141440278,1.3e+30
66.70000000000043,5.026355443589285,2.251313040400177,1.3e+30
66.80000000000042,5.026167928405136,2.24803345563489,1.3e+30
66.90000000000042,5.025981345667924,2.2447613368793204,1.3e+30
67.00000000000041,5.025795689988234,2.2414966340519964,1.3e+30
67.1000000000004,5.0256109560197455,2.2382392972514658,1.3e+30
67.2000000000004,5.025427138458845,2.234989276752792,1.3e+30
67.3000000000004,5.025244232044232,2.2317465230039057,1.3e+30
67.40000000000039,5.025062231556538,2.228510986622103,1.3e+30
67.50000000000038,5.024881131817945,2.22528261839041,1.3e+30
67.60000000000038,5.024700927691811,2.222061369254017,1.3e+30
67.70000000000037,5.024521614082296,2.2188471903166516,1.3e+30
67.80000000000037,5.024343185934001,2.21564003283701,1.3e+30
67.90000000000036,5.024165638231599,2.2124398482251295,1.3e+30
68.00000000000036,5.023988965999482,2.2092465880387295,1.3e+30
68.10000000000035,5.023813164301404,2.2060602039795993,1.3e+30
68.20000000000034,5.023638228240132,2.2028806478899425,1.3e+30
68.30000000000034,5.023464152957099,2.1997078717486964,1.3e+30
68.40000000000033,5.023290933632065,2.1965418276678514,1.3e+30
68.50000000000033,5.023118565482776,2.1933824678887524,1.3e+30
68.60000000000032,5.022947043764634,2.1902297447784127,1.3e+30
68.70000000000032,5.022776363770362,2.1870836108257263,1.3e+30
68.80000000000031,5.022606520829682,2.1839440186377628,1.3e+30
68.9000000000003,5.022437510308993,2.1808109209359725,1.3e+30
69.0000000000003,5.022269327611049,2.177684270552371,1.3e+30
69.10000000000029,5.022101968174647,2.1745640204257723,1.3e+30
69.20000000000029,5.0219354274743155,2.1714501235978867,1.3e+30
69.30000000000028,5.021769701020006,2.1683425332095014,1.3e+30
69.40000000000028,5.021604784356793,2.1652412024965733,1.3e+30
69.50000000000027,5.021440673064568,2.1621460847863023,1.3e+30
69.60000000000026,5.021277362757747,2.1590571334931683,1.3e+30
69.70000000000026,5.021114849084977,2.1559743021149798,1.3e+30
69.80000000000025,5.020953127728847,2.152897544228848,1.3e+30
69.90000000000025,5.020792194405597,2.1498268134871292,1.3e+30
70.00000000000024,5.020632044864841,2.146762063613348,1.3e+30
70.10000000000024,5.020472674889286,2.1437032483981096,1.3e+30
70.20000000000023,5.020314080294453,2.1406503216948902,1.3e+30
70.30000000000022,5.020156256928408,2.1376032374158984,1.3e+30
70.40000000000022,5.019999200671491,2.134561949527795,1.3e+30
70.50000000000021,5.0198429074360496,2.1315264120474646,1.3e+30
70.60000000000021,5.019687373166174,2.128496579037627,1.3e+30
70.7000000000002,5.01953259383744,2.1254724046025326,1.3e+30
70.8000000000002,5.019378565456654,2.122453842883513,1.3e+30
70.90000000000019,5.01922528406159,2.1194408480544897,1.3e+30
71.00000000000018,5.019072745720751,2.1164333743175265,1.3e+30
71.10000000000018,5.018920946533115,2.1134313758981835,1.3e+30
71.20000000000017,5.018769882627889,2.110434807040945,1.3e+30
71.30000000000017,5.0186195501642725,2.107443622004495,1.3e+30
71.40000000000016,5.018469945331215,2.104457775056967,1.3e+30
71.50000000000016,5.018321064347181,2.101477220471169,1.3e+30
71.60000000000015,5.018172903459921,2.0985019125196915,1.3e+30
71.70000000000014,5.018025458946237,2.0955318054699807,1.3e+30
71.80000000000014,5.017878727111758,2.0925668535792807,1.3e+30
71.90000000000013,5.017732704290714,2.089607011089589,1.3e+30
72.00000000000013,5.01758738684572,2.0866522322225154,1.3e+30
72.10000000000012,5.01744277116755,2.0837024711740133,1.3e+30
72.20000000000012,5.017298853674929,2.0807576821090725,1.3e+30
72.30000000000011,5.017155630814315,2.0778178191563317,1.3e+30
72.4000000000001,5.017013099059691,2.074882836402568,1.3e+30
72.5000000000001,5.016871254912357,2.0719526878871855,1.3e+30
72.6000000000001,5.016730094900727,2.0690273275964595,1.3e+30
72.70000000000009,5.016589615580126,2.066106709457861,1.3e+30
72.80000000000008,5.0164498135325895,2.063190787334122,1.3e+30
72.90000000000008,5.016310685366669,2.060279515017335,1.3e+30
73.00000000000007,5.016172227717239,2.0573728462228704,1.3e+30
73.10000000000007,5.016034437245302,2.054470734583149,1.3e+30
73.20000000000006,5.015897310637802,2.051573133641412,1.3e+30
73.30000000000005,5.015760844607442,2.048679996845279,1.3e+30
73.40000000000005,5.015625035892493,2.0457912775402276,1.3e+30
73.50000000000004,5.015489881256621,2.0429069289629256,1.3e+30
73.60000000000004,5.015355377488703,2.0400269042344568,1.3e+30
73.70000000000003,5.015221521402654,2.0371511563533726,1.3e+30
73.80000000000003,5.015088309837253,2.034279638188646,1.3e+30
73.90000000000002,5.014955739655975,2.03141230247248,1.3e+30
74.00000000000001,5.014823807746819,2.0285491017928976,1.3e+30
74.10000000000001,5.014692511022143,2.0256899885862683,1.3e+30
74.2,5.0145618464185056,2.022834915129624,1.3e+30
74.3,5.014431810896499,2.0199838335327898,1.3e+30
74.39999999999999,5.014302401440598,2.0171366957304198,1.3e+30
74.49999999999999,5.014173615058997,2.014293453473747,1.3e+30
74.59999999999998,5.014045448783464,2.0114540583222413,1.3e+30
74.69999999999997,5.013917899669185,2.0086184616349883,1.3e+30
74.79999999999997,5.013790964794619,2.005786614561981,1.3e+30
74.89999999999996,5.013664641261352,2.0029584680350982,1.3e+30
74.99999999999996,5.013538926193953,2.0001339727588903,1.3e+30
75.09999999999995,5.0134138167398365,1.997313079201239,1.3e+30
75.19999999999995,5.013289310069119,1.9944957375836037,1.3e+30
75.29999999999994,5.01316540337449,1.991681897871239,1.3e+30
75.39999999999993,5.013042093871075,1.9888715097629965,1.3e+30
75.49999999999993,5.012919378796306,1.98606452268095,1.3e+30
75.59999999999992,5.012797255409794,1.983260885759757,1.3e+30
75.69999999999992,5.012675720993204,1.980460547835687,1.3e+30
75.79999999999991,5.012554772850132,1.9776634574354637,1.3e+30
75.8999999999999,5.012434408305984,1.9748695627646562,1.3e+30
75.9999999999999,5.012314624707861,1.9720788116959556,1.3e+30
76.0999999999999,5.012195419424439,1.9692911517569196,1.3e+30
76.19999999999989,5.012076789845862,1.9665065301175797,1.3e+30
76.29999999999988,5.0119587333836275,1.9637248935775449,1.3e+30
76.39999999999988,5.011841247470483,1.960946188552847,1.3e+30
76.49999999999987,5.011724329560319,1.958170361062369,1.3e+30
76.59999999999987,5.011607977128068,1.9553973567138874,1.3e+30
76.69999999999986,5.011492187669607,1.9526271206897277,1.3e+30
76.79999999999986,5.011376958701656,1.9498595977319577,1.3e+30
76.89999999999985,5.01126228776169,1.9470947321271823,1.3e+30
76.99999999999984,5.011148172407845,1.9443324676908806,1.3e+30
77.09999999999984,5.01103461021883,1.9415727477512887,1.3e+30
77.19999999999983,5.010921598793841,1.9388155151326778,1.3e+30
77.29999999999983,5.010809135752481,1.9360607121382851,1.3e+30
77.39999999999982,5.01069721873468,1.9333082805325972,1.3e+30
77.49999999999982,5.010585845400613,1.9305581615230918,1.3e+30
77.59999999999981,5.010475013430636,1.9278102957414356,1.3e+30
77.6999999999998,5.010364720525204,1.9250646232240223,1.3e+30
77.7999999999998,5.010254964404814,1.922321083391982,1.3e+30
77.89999999999979,5.010145742809935,1.9195796150303905,1.3e+30
77.99999999999979,5.010037053500946,1.9168401562669333,1.3e+30
78.09999999999978,5.009928894258081,1.9141026445497076,1.3e+30
78.19999999999978,5.009821262881372,1.9113670166244399,1.3e+30
78.29999999999977,5.009714157190599,1.9086332085107955,1.3e+30
78.39999999999976,5.00960757502524,1.9059011554779235,1.3e+30
78.49999999999976,5.009501514244429,1.9031707920191718,1.3e+30
78.59999999999975,5.009395972726912,1.90044205182585,1.3e+30
78.69999999999975,5.009290948371015,1.8977148677601716,1.3e+30
78.79999999999974,5.009186439094602,1.8949891718270635,1.3e+30
78.89999999999974,5.009082442835053,1.8922648951451104,1.3e+30
78.99999999999973,5.008978957549234,1.8895419679163594,1.3e+30
79.09999999999972,5.008875981213474,1.8868203193950468,1.3e+30
79.19999999999972,5.00877351182355,1.8840998778550988,1.3e+30
79.29999999999971,5.008671547394672,1.8813805705564635,1.3e+30
79.39999999999971,5.008570085961473,1.8786623237101887,1.3e+30
79.4999999999997,5.008469125578005,1.875945062442092,1.3e+30
79.5999999999997,5.008368664317734,1.873228710754995,1.3e+30
79.69999999999969,5.008268700273552,1.8705131914896393,1.3e+30
79.79999999999968,5.00816923155778,1.8677984262838792,1.3e+30
79.89999999999968,5.008070256302181,1.8650843355303262,1.3e+30
79.99999999999967,5.007971772657984,1.8623708383322692,1.3e+30
80.09999999999967,5.007873778795903,1.8596578524578182,1.3e+30
80.19999999999966,5.00777627290617,1.856945294292138,1.3e+30
80.29999999999966,5.007679253198567,1.8542330787876578,1.3e+30
80.39999999999965,5.007582717902469,1.8515211194122503,1.3e+30
80.49999999999964,5.0074866652668915,1.8488093280952391,1.3e+30
80.59999999999964,5.007391093560541,1.8460976151709418,1.3e+30
80.69999999999963,5.007296001071876,1.8433858893199044,1.3e+30
80.79999999999963,5.007201386109173,1.8406740575074747,1.3e+30
80.89999999999962,5.007107247000601,1.8379620249197595,1.3e+30
80.99999999999962,5.007013582094298,1.8352496948965842,1.3e+30
81.09999999999961,5.006920389758461,1.8325369688614606,1.3e+30
81.1999999999996,5.006827668381442,1.8298237462484064,1.3e+30
81.2999999999996,5.006735416371851,1.8271099244253535,1.3e+30
81.3999999999996,5.0066436321586645,1.824395398613883,1.3e+30
81.49999999999959,5.006552314191352,1.8216800618053264,1.3e+30
81.59999999999958,5.0064614609400016,1.8189638046727148,1.3e+30
81.69999999999958,5.006371070895459,1.8162465154785314,1.3e+30
81.79999999999957,5.006281142569478,1.813528079977947,1.3e+30
81.89999999999957,5.006191674494882,1.810808381317274,1.3e+30
81.99999999999956,5.006102665225727,1.8080872999273079,1.3e+30
82.09999999999955,5.0060141133374945,1.8053647134113242,1.3e+30
82.19999999999955,5.0059260174272735,1.8026404964272198,1.3e+30
82.29999999999954,5.005838376113975,1.7999145205637315,1.3e+30
82.39999999999954,5.005751188038549,1.7971866542100017,1.3e+30
82.49999999999953,5.005664451864215,1.7944567624182306,1.3e+30
82.59999999999953,5.0055781662767105,1.7917247067590198,1.3e+30
82.69999999999952,5.005492329984557,1.7889903451688387,1.3e+30
82.79999999999951,5.005406941719334,1.7862535317889408,1.3e+30
82.89999999999951,5.005322000235978,1.783514116795517,1.3e+30
82.9999999999995,5.005237504313091,1.7807719462199891,1.3e+30
83.0999999999995,5.005153452753279,1.7780268617592945,1.3e+30
83.19999999999949,5.005069844383499,1.7752787005748623,1.3e+30
83.29999999999949,5.004986678055433,1.7725272950800495,1.3e+30
83.39999999999948,5.004903952645882,1.7697724727146413,1.3e+30
83.49999999999947,5.004821667057186,1.7670140557059884,1.3e+30
83.59999999999947,5.004739820217666,1.764251860815305,1.3e+30
83.69999999999946,5.004658411082093,1.761485699068344,1.3e+30
83.79999999999946,5.004577438632184,1.7587153754689993,1.3e+30
83.89999999999945,5.004496901877133,1.7559406886947213,1.3e+30
83.99999999999945,5.004416799854164,1.7531614307721353,1.3e+30
84.09999999999944,5.004337131629129,1.7503773867312629,1.3e+30
84.19999999999943,5.004257896297132,1.7475883342367349,1.3e+30
84.29999999999943,5.004179092983192,1.74479404319394,1.3e+30
84.39999999999942,5.004100720842961,1.7419942753281514,1.3e+30
84.49999999999942,5.004022779063461,1.7391887837340936,1.3e+30
84.59999999999941,5.00394526686389,1.736377312393553,1.3e+30
84.6999999999994,5.003868183496468,1.7335595956582834,1.3e+30
84.7999999999994,5.0037915282473335,1.7307353576947522,1.3e+30
84.8999999999994,5.0037153004375075,1.727904311887595,1.3e+30
84.99999999999939,5.00363949942391,1.725066160197811,1.3e+30
85.09999999999938,5.003564124600448,1.7222205924713074,1.3e+30
85.19999999999938,5.003489175399177,1.7193672856932967,1.3e+30
85.29999999999937,5.003414651291532,1.7165059031827858,1.3e+30
85.39999999999937,5.003340551789654,1.7136360937218422,1.3e+30
85.49999999999936,5.003266876447796,1.7107574906123542,1.3e+30
85.59999999999935,5.003193624863838,1.7078697106531935,1.3e+30
85.69999999999935,5.003120796680896,1.7049723530292598,1.3e+30
85.79999999999934,5.003048391589065,1.7020649981029874,1.3e+30
85.89999999999934,5.002976409327267,1.6991472060974466,1.3e+30
85.99999999999933,5.002904849685255,1.6962185156591707,1.3e+30
86.09999999999933,5.002833712505761,1.6932784422868294,1.3e+30
86.19999999999932,5.0027629976868075,1.6903264766099495,1.3e+30
86.29999999999932,5.002692705184203,1.6873620825001334,1.3e+30
86.39999999999931,5.002622835014234,1.6843846949939687,1.3e+30
86.4999999999993,5.002553387256581,1.681393718004585,1.3e+30
86.5999999999993,5.002484362057473,1.6783885217945058,1.3e+30
86.69999999999929,5.0024157596331085,1.675368440178731,1.3e+30
86.79999999999929,5.00234758027338,1.6723327674220692,1.3e+30
86.89999999999928,5.002279824345921,1.669280754788578,1.3e+30
86.99999999999928,5.002212492300526,1.6662116066942085,1.3e+30
87.09999999999927,5.002145584673978,1.6631244764053716,1.3e+30
87.19999999999926,5.002079102095344,1.6600184612160307,1.3e+30
87.29999999999926,5.002013045291775,1.6568925970234454,1.3e+30
87.39999999999925,5.001947415094904,1.653745852208809,1.3e+30
87.49999999999925,5.001882212447893,1.6505771207095739,1.3e+30
87.59999999999924,5.001817438413239,1.647385214149749,1.3e+30
87.69999999999924,5.001753094181421,1.644168852865365,1.3e+30
87.79999999999923,5.001689181080535,1.6409266556299162,1.3e+30
87.89999999999922,5.001625700587046,1.6376571278407186,1.3e+30
87.99999999999922,5.001562654337826,1.634358647874389,1.3e+30
88.09999999999921,5.001500044143702,1.6310294512512757,1.3e+30
88.1999999999992,5.00143787200474,1.6276676121620566,1.3e+30
88.2999999999992,5.001376140127574,1.624271021796751,1.3e+30
88.3999999999992,5.001314850945148,1.6208373627716275,1.3e+30
88.49999999999919,5.0012540071392975,1.6173640787561645,1.3e+30
88.59999999999918,5.0011936116667455,1.6138483381485718,1.3e+30
88.69999999999918,5.001133667789181,1.6102869903046966,1.3e+30
88.79999999999917,5.001074179108289,1.606676512359789,1.3e+30
88.89999999999917,5.001015149606837,1.6030129440400382,1.3e+30
88.99999999999916,5.000956583697218,1.5992918069621422,1.3e+30
89.09999999999916,5.000898486279297,1.5955080036407843,1.3e+30
89.19999999999915,5.000840862809973,1.5916556895754184,1.3e+30
89.29999999999914,5.000783719387714,1.587728109058945,1.3e+30
89.39999999999914,5.000727062856462,1.583717381232435,1.3e+30
89.49999999999913,5.000670900935042,1.5796142165475462,1.3e+30
89.59999999999913,5.000615242380742,1.5754075336793685,1.3e+30
89.69999999999912,5.000560097199642,1.5710839303350728,1.3e+30
89.79999999999912,5.000505476922473,1.5666269331638016,1.3e+30
89.89999999999911,5.000451394974932,1.5620159018427107,1.3e+30
89.9999999999991,5.000397867188816,1.557224368865428,1.3e+30
90.0999999999991,5.000344912531688,1.5522174111701308,1.3e+30
90.1999999999991,5.000292554193084,1.546947254281527,1.3e+30
90.29999999999909,5.0002408212903475,1.541345383998795,1.3e+30
90.39999999999908,5.000189751744748,1.5353069945072038,1.3e+30
90.49999999999908,5.000139397638452,1.5286559586006432,1.3e+30
90.59999999999907,5.000089836829872,1.521047763609827,1.3e+30
90.69999999999906,5.000041206066886,1.5115726933538116,1.3e+30
90.79999999999906,5.0,1.4953487812212205,1.3e+30
