Time,Mass,Radius,Lx
23.0,32.763096042130094,6.41,1.44e+30
33.0,32.73476009191443,6.406490681779668,2.908183100584865e+29
43.0,32.72706715463041,6.40553774327392,9.000000000000013e+28
53.0,32.72289125019095,6.4050204317616375,8.170411357561055e+28
63.0,32.719039490754845,6.404543253883285,7.542692064129898e+28
73.0,32.71544030275144,6.404097347353933,7.04586710942873e+28
83.0,32.71204545485412,6.403676740194122,6.6396862215223825e+28
93.0,32.70882056340468,6.40327717507191,6.299378793660935e+28
103.0,32.70574006424726,6.402895486697847,6.008745283894494e+28
113.0,32.702784319817304,6.402529243616512,5.756680952988309e+28
123.0,32.699937846151705,6.402176528670943,5.535282145081373e+28
133.0,32.69718817064421,6.401835797568021,5.338748147956605e+28
143.0,32.694525065737004,6.40150578399331,5.162711368798775e+28
153.0,32.69194001727315,6.401185433782151,5.003811319272389e+28
163.0,32.6894258450699,6.400873857939028,4.85941396170187e+28
173.0,32.686976425503225,6.4005702982880965,4.727421179038117e+28
183.0,32.68458648439168,6.40027410182826,4.60613802654134e+28
193.0,32.68225143951457,6.399984701233981,4.494178121900957e+28
203.0,32.67996727892628,6.399701599788384,4.390394857138949e+28
213.0,32.67773046557577,6.399424359573465,4.293830490582288e+28
223.0,32.67553786158268,6.3991525920941585,4.203677869802806e+28
233.0,32.67338666742326,6.3988859507485305,4.119251238687827e+28
243.0,32.6712743725796,6.398624124717344,4.039963684081835e+28
253.0,32.66919871511072,6.398366833958309,3.965309506753659e+28
263.0,32.667157648245215,6.398113825069732,3.89485029348554e+28
273.0,32.66514931255677,6.397864867845419,3.8282038049746698e+28
283.0,32.66317201261991,6.397619752384307,3.7650350300578674e+28
293.0,32.66122419729269,6.397378286649184,3.7050489238085453e+28
303.0,32.65930444295866,6.3971402943918,3.6479844669978533e+28
313.0,32.65741143920144,6.396905613379188,3.593609771628374e+28
323.0,32.65554397649268,6.3966740938692634,3.5417180214119494e+28
333.0,32.65370093555706,6.396445597294077,3.492124083780707e+28
343.0,32.651881278142675,6.39621999511707,3.4446616658669163e+28
353.0,32.65008403897565,6.395997167836958,3.3991809140710843e+28
363.0,32.64830831871795,6.3957770041158195,3.355546377634486e+28
373.0,32.646553277779205,6.395559400012932,3.31363527267495e+28
383.0,32.64481813085892,6.395344258309035,3.27333599561641e+28
393.0,32.64310214211623,6.39513148790829,3.234546844709576e+28
403.0,32.641404620880756,6.394921003307244,3.1971749160425796e+28
413.0,32.63972491783237,6.39471272412184,3.16113514655316e+28
423.0,32.63806242158821,6.394506574664856,3.1263494814355614e+28
433.0,32.63641655564525,6.39430248356737,3.0927461472566926e+28
443.0,32.63478677563384,6.394100383438717,3.060259015263626e+28
453.0,32.63317256684448,6.393900210560285,3.0288270419366325e+28
463.0,32.63157344199505,6.3937019046090775,2.998393775941125e+28
473.0,32.62998893921064,6.393505408407598,2.9689069223532274e+28
483.0,32.628418620191546,6.393310667697033,2.9403179564517415e+28
493.0,32.62686206854844,6.393117630931138,2.9125817805424884e+28
503.0,32.625318888286365,6.392926249088537,2.885656418255775e+28
513.0,32.62378870242161,6.392736475501488,2.85950274157081e+28
523.0,32.62227115171742,6.392548265699349,2.8340842265016964e+28
533.0,32.62076589352625,6.39236157726525,2.809366733951812e+28
543.0,32.61927260072781,6.3921763697046075,2.7853183127258893e+28
553.0,32.61779096075336,6.391992604324328,2.761909022097443e+28
563.0,32.61632067468772,6.391810244121637,2.7391107716758266e+28
573.0,32.61486145644171,6.391629253681618,2.716897176612394e+28
583.0,32.61341303198819,6.391449599082631,2.695243426437381e+28
593.0,32.61197513865596,6.391271247808893,2.6741261660351334e+28
603.0,32.61054752447611,6.391094168669555,2.6535233874508114e+28
613.0,32.609129947576236,6.390918331723699,2.6334143313815552e+28
623.0,32.6077221756182,6.39074370821074,2.6137793973430657e+28
633.0,32.60632398527571,6.390570270485736,2.594600061622045e+28
643.0,32.6049351617483,6.390397991959227,2.575858802228628e+28
653.0,32.60355549830869,6.390226847041188,2.557539030153117e+28
663.0,32.60218479588064,6.390056811088774,2.5396250263099682e+28
673.0,32.600822862644996,6.389887860357545,2.5221018836206715e+28
683.0,32.59946951367149,6.389719971955875,2.5049554537473357e+28
693.0,32.59812457057433,6.389553123802326,2.488172298041555e+28
703.0,32.59678786118975,6.389387294585718,2.4717396423195453e+28
713.0,32.59545921927379,6.389222463727712,2.4556453351154036e+28
723.0,32.59413848421873,6.389058611347719,2.439877809100426e+28
733.0,32.59282550078692,6.388895718229927,2.424426045388297e+28
743.0,32.591520118860544,6.388733765792339,2.409279540474214e+28
753.0,32.59022219320629,6.38857273605763,2.394428275581078e+28
763.0,32.58893158325382,6.388412611625724,2.3798626882081273e+28
773.0,32.587648152887034,6.388253375647949,2.36557364569725e+28
783.0,32.58637177024726,6.388095011802679,2.3515524206498407e+28
793.0,32.58510230754752,6.387937504272332,2.3377906680428943e+28
803.0,32.58383964089717,6.387780837721667,2.324280403907096e+28
813.0,32.582583650136115,6.387624997277258,2.3110139854423394e+28
823.0,32.58133421867811,6.387469968508091,2.2979840924574214e+28
833.0,32.580091233362396,6.387315737407203,2.285183710030843e+28
843.0,32.578854584313234,6.387162290374287,2.272606112298806e+28
853.0,32.577624164806764,6.387009614199215,2.260244847284724e+28
863.0,32.57639987114479,6.386857696046404,2.248093722692021e+28
873.0,32.575181602534975,6.386706523439996,2.2361467925886726e+28
883.0,32.57396926097717,6.386556084249776,2.2243983449180273e+28
893.0,32.572762751155324,6.386406366677795,2.212842889775932e+28
903.0,32.57156198033482,6.38625735924566,2.2014751483991506e+28
913.0,32.570366858264805,6.386109050782445,2.1902900428145705e+28
923.0,32.569177297085226,6.385961430413176,2.179282686102812e+28
933.0,32.567993211238324,6.385814487547881,2.1684483732335345e+28
943.0,32.56681451738433,6.385668211871151,2.1577825724331706e+28
953.0,32.56564113432108,6.385522593332186,2.1472809170488644e+28
963.0,32.564472982907404,6.385377622135314,2.1369391978752217e+28
973.0,32.56330998598994,6.385233288730933,2.126753355913056e+28
983.0,32.56215206833337,6.3850895838068675,2.1167194755316382e+28
993.0,32.56099915655372,6.38494649828012,2.1068337780081297e+28
1003.0,32.55985176304691,6.3848040957684695,2.090081135351165e+28
1013.0,32.5587179133142,6.3846633723591175,2.057564507998924e+28
1023.0,32.557600161712614,6.38452464514669,2.0258657787155107e+28
1033.0,32.556498124911954,6.3843878666295915,1.9949566780668547e+28
1043.0,32.55541143231878,6.38425299088366,1.9648101746444167e+28
1053.0,32.554339725535655,6.384119973495222,1.9354004096365916e+28
1063.0,32.5532826578483,6.383988771497614,1.90670263543932e+28
1073.0,32.552239893738836,6.383859343310918,1.8786931580213176e+28
1083.0,32.5512111084237,6.38373164868476,1.851349282781836e+28
1093.0,32.55019598741466,6.383605648643966,1.824649263659377e+28
1103.0,32.54919422610164,6.383481305436913,1.7985722552685233e+28
1113.0,32.54820552935607,6.383358582486414,1.7730982678592005e+28
1123.0,32.54722961115351,6.383237444343012,1.748208124908331e+28
1133.0,32.5462661942146,6.383117856640511,1.723883423168225e+28
1143.0,32.54531500966313,6.382999786053645,1.700106495009184e+28
1153.0,32.544375796700336,6.382883200257757,1.6768603729058693e+28
1163.0,32.54344830229461,6.382768067890368,1.6541287559280541e+28
1173.0,32.54253228088555,6.382654358514544,1.6318959781065499e+28
1183.0,32.54162749410187,6.382542042583956,1.6101469785544454e+28
1193.0,32.540733710492056,6.3824310914095355,1.588867273232399e+28
1203.0,32.53985070526745,6.382321477127658,1.5680429282546348e+28
1213.0,32.5389782600568,6.382213172669753,1.5476605346395964e+28
1223.0,32.538116162671884,6.38210615173327,1.5277071844159233e+28
1233.0,32.537264206883435,6.382000388753942,1.5081704480006252e+28
1243.0,32.53642219220703,6.381895858879263,1.4890383527720523e+28
1253.0,32.535589923698254,6.3817925379431255,1.4702993627655415e+28
1263.0,32.53476721175679,6.381690402441556,1.4519423594245204e+28
1273.0,32.53395387193887,6.381589429509488,1.433956623344352e+28
1283.0,32.53314972477779,6.381489596898535,1.41633181695041e+28
1293.0,32.53235459561197,6.381390882955692,1.3990579680557288e+28
1303.0,32.531568314420234,6.381293266602942,1.3821254542471741e+28
1313.0,32.53079071566399,6.381196727317702,1.3655249880524102e+28
1323.0,32.53002163813591,6.381101245114086,1.3492476028430196e+28
1333.0,32.529260924814814,6.381006800524927,1.333284639432007e+28
1343.0,32.52850842272645,6.380913374584542,1.3176277333265775e+28
1353.0,32.52776398280997,6.380820948812179,1.3022688025995552e+28
1363.0,32.527027459789686,6.380729505196147,1.2872000363451093e+28
1373.0,32.52629871205197,6.380639026178559,1.272413883686598e+28
1383.0,32.52557760152702,6.380549494640692,1.257903043306326e+28
1393.0,32.524863993575266,6.380460893888911,1.2436604534688825e+28
1403.0,32.52415775687821,6.38037320764115,1.2296792825114366e+28
1413.0,32.52345876333349,6.380286420013914,1.2159529197759997e+28
1423.0,32.522766887953935,6.380200515509774,1.2024749669601522e+28
1433.0,32.52208200877056,6.380115479005348,1.1892392298641452e+28
1443.0,32.521404006739154,6.380031295739733,1.1762397105136008e+28
1453.0,32.52073276565042,6.379947951303368,1.1634705996382474e+28
1463.0,32.52006817204348,6.379865431627325,1.1509262694882854e+28
1473.0,32.51941011512256,6.379783722972984,1.1386012669710393e+28
1483.0,32.518758486676795,6.379702811922096,1.1264903070915544e+28
1493.0,32.51811318100291,6.379622685367208,1.114588266681745e+28
1503.0,32.51747409483077,6.379543330502438,1.102890178403556e+28
1513.0,32.51684112725158,6.3794647348145785,1.0913912250124469e+28
1523.0,32.5162141796487,6.379386886074528,1.0800867338682597e+28
1533.0,32.51559315563089,6.379309772329014,1.0689721716812628e+28
1543.0,32.514977960967926,6.379233381892625,1.058043139481841e+28
1553.0,32.51436850352853,6.379157703340114,1.0472953678029298e+28
1563.0,32.513764693220395,6.379082725498966,1.036724712064904e+28
1573.0,32.513166441932356,6.3790084374422396,1.0263271481531739e+28
1583.0,32.51257366347853,6.378934828481641,1.0160987681792809e+28
1593.0,32.51198627354437,6.3788618881608405,1.0060357764167797e+28
1603.0,32.51140418963459,6.37878960624902,9.961344854036515e+27
1613.0,32.510827331022796,6.378717972734634,9.863913122034388e+27
1623.0,32.51025561870288,6.378646977819385,9.768027748177005e+27
1633.0,32.509688975341994,6.378576611912396,9.67365488742779e+27
1643.0,32.50912732523512,6.378506865624581,9.580761636642259e+27
1653.0,32.5085705942611,6.378437729763198,9.489316002825918e+27
1663.0,32.50801870984017,6.378369195326588,9.399286872645987e+27
1673.0,32.50747160089282,6.378301253499073,9.310643983140233e+27
1683.0,32.506929197800034,6.378233895646031,9.223357893569133e+27
1693.0,32.5063914323648,6.378167113309129,9.137399958360179e+27
1703.0,32.50585823777485,6.378100898201701,9.05274230109589e+27
1713.0,32.505329548566586,6.37803524220428,8.96935778949935e+27
1723.0,32.50480530059017,6.377970137360272,8.887220011373481e+27
1733.0,32.5042854309757,6.377905575871764,8.806303251452434e+27
1743.0,32.50376987810043,6.377841550095463,8.726582469125438e+27
1753.0,32.50325858155705,6.37777805253876,8.648033276995488e+27
1763.0,32.502751482122925,6.377715075855925,8.570631920237025e+27
1773.0,32.50224852173029,6.377652612844408,8.49435525671848e+27
1783.0,32.50174964343733,6.3775906564412566,8.419180737857249e+27
1793.0,32.5012547914002,6.377529199719647,8.345086390176169e+27
1803.0,32.50076391084585,6.37746823588552,8.272050797532034e+27
1813.0,32.50027694804565,6.377407758274309,8.200053083988135e+27
1823.0,32.49979385028988,6.377347760347774,8.129072897304038e+27
1833.0,32.499314565862896,6.377288235690935,8.059090393017164e+27
1843.0,32.498839044019086,6.377229178009082,7.990086219091827e+27
1853.0,32.498367234959524,6.3771705811248856,7.922041501112572e+27
1863.0,32.497899089809295,6.377112438975585,7.854937827999701e+27
1873.0,32.497434560595494,6.3770547456102635,7.788757238225886e+27
1883.0,32.496973600225864,6.376997495187199,7.723482206513706e+27
1893.0,32.49651616246803,6.376940681971288,7.659095630994922e+27
1903.0,32.49606220192938,6.3768843003315565,7.595580820813075e+27
1913.0,32.495611674037434,6.376828344738725,7.532921484151906e+27
1923.0,32.495164535020876,6.376772809762856,7.471101716672822e+27
1933.0,32.49472074189104,6.376717690071058,7.410105990345382e+27
1943.0,32.49428025242394,6.376662980425265,7.349919142655515e+27
1953.0,32.493843025142844,6.376608675680067,7.290526366176811e+27
1963.0,32.493409019301254,6.376554770780605,7.231913198490886e+27
1973.0,32.49297819486642,6.376501260760532,7.174065512443448e+27
1983.0,32.492550512503286,6.376448140740013,7.116969506723222e+27
1993.0,32.492125933558896,6.3763954059238,7.060611696751503e+27
2003.0,32.49170442004718,6.376343051599343,7.004978905870561e+27
2013.0,32.491285934634185,6.37629107313496,6.9500582568197e+27
2023.0,32.49087044062372,6.376239465978056,6.895837163488174e+27
2033.0,32.490457901943365,6.376188225653388,6.842303322934677e+27
2043.0,32.490048283130825,6.3761373477613805,6.78944470766351e+27
2053.0,32.48964154932071,6.376086827976476,6.737249558147974e+27
2063.0,32.489237666231624,6.376036662045544,6.685706375591914e+27
2073.0,32.488836600153604,6.375986845786314,6.634803914920715e+27
2083.0,32.48843831793589,6.375937375085871,6.584531177993409e+27
2093.0,32.488042786974994,6.3758882458991675,6.534877407027916e+27
2103.0,32.48764997520313,6.375839454247591,6.485832078231711e+27
2113.0,32.48725985107688,6.375790996217561,6.437384895630586e+27
2123.0,32.4868723835662,6.3757428679591674,6.389525785088442e+27
2133.0,32.48648754214368,6.375695065684831,6.342244888511314e+27
2143.0,32.486105296774085,6.375647585668018,6.295532558229129e+27
2153.0,32.48572561790417,6.375600424241968,6.24937935154897e+27
2163.0,32.48534847645276,6.3755535777984695,6.203776025473794e+27
2173.0,32.48497384380101,6.3755070427866505,6.158713531580889e+27
2183.0,32.48460169178303,6.375460815711817,6.114183011054509e+27
2193.0,32.48423199267664,6.375414893134303,6.070175789867359e+27
2203.0,32.4838647191944,6.375369271668367,6.026683374105825e+27
2213.0,32.48349984447484,6.375323947981094,5.983697445434027e+27
2223.0,32.48313734207394,6.375278918791349,5.941209856691981e+27
2233.0,32.48277718595677,6.375234180868731,5.899212627623287e+27
2243.0,32.482419350489394,6.375189731032579,5.857697940728021e+27
2253.0,32.4820638104309,6.375145566150977,5.816658137236578e+27
2263.0,32.481710540925675,6.375101683139795,5.776085713200457e+27
2273.0,32.48135951749585,6.37505807896176,5.735973315696062e+27
2283.0,32.481010716033914,6.375014750625535,5.696313739137784e+27
2293.0,32.48066411279554,6.374971695184827,5.65709992169678e+27
2303.0,32.48031968439252,6.374928909737519,5.618324941821917e+27
2313.0,32.479977407785924,6.374886391424811,5.579982014859597e+27
2323.0,32.4796372602794,6.3748441374304,5.5420644897692e+27
2333.0,32.479299219512605,6.374802144979659,5.504565845931068e+27
2343.0,32.47896326345485,6.37476041133885,5.467479690044014e+27
2353.0,32.47862937039883,6.374718933814349,5.430799753109507e+27
2363.0,32.47829751895451,6.374677709751884,5.394519887499714e+27
2373.0,32.47796768804322,6.374636736535805,5.358634064106775e+27
2383.0,32.47763985689178,6.374596011588358,5.323136369570685e+27
2393.0,32.477314005026805,6.374555532368973,5.288021003583316e+27
2403.0,32.476990112269206,6.374515296373588,5.253282276266181e+27
2413.0,32.47666815872869,6.374475301133962,5.218914605619628e+27
2423.0,32.47634812479848,6.374435544217023,5.184912515041214e+27
2433.0,32.47602999115011,6.374396023224224,5.151270630911126e+27
2443.0,32.475713738728345,6.374356735790912,5.117983680242569e+27
2453.0,32.47539934874625,6.374317679585712,5.085046488395105e+27
2463.0,32.47508680268028,6.3742788523099225,5.052453976849009e+27
2473.0,32.47477608226558,6.374240251696936,5.020201161038791e+27
2483.0,32.47446716949131,6.374201875511651,4.98828314824405e+27
2493.0,32.47416004659614,6.3741637215499205,4.956695135535962e+27
2503.0,32.47385469606376,6.374125787637991,4.925432407777659e+27
2513.0,32.473551100618586,6.374088071631971,4.8944903356769395e+27
2523.0,32.47324924322146,6.374050571417301,4.863864373889693e+27
2533.0,32.47294910706553,6.374013284908235,4.833550059172542e+27
2543.0,32.47265067557216,6.373976210047343,4.803543008583241e+27
2553.0,32.472353932386945,6.373939344805009,4.773838917727393e+27
2563.0,32.47205886137582,6.37390268717895,4.7444335590501514e+27
2573.0,32.47176544662124,6.373866235193748,4.7153227801715404e+27
2583.0,32.47147367241844,6.373829986900377,4.686502502264155e+27
2593.0,32.4711835232718,6.37379394037576,4.657968718471975e+27
2603.0,32.47089498389122,6.373758093722317,4.629717492369114e+27
2613.0,32.47060803918868,6.373722445067534,4.601744956457332e+27
2623.0,32.47032267427475,6.3736869925635355,4.574047310701211e+27
2633.0,32.47003887445524,6.373651734386672,4.546620821099889e+27
2643.0,32.469756625227944,6.373616668737104,4.51946181829432e+27
2653.0,32.46947591227937,6.37358179383841,4.4925666962090457e+27
2663.0,32.46919672148162,6.373547107937192,4.4659319107274855e+27
2673.0,32.46891903888927,6.373512609302687,4.439553978399809e+27
2683.0,32.46864285073634,6.373478296226401,4.4134294751824675e+27
2693.0,32.468368143433345,6.373444167021732,4.3875550352084826e+27
2703.0,32.46809490356438,6.3734102200236125,4.361927349587651e+27
2713.0,32.467823117884244,6.373376453588158,4.3365431652358174e+27
2723.0,32.46755277331569,6.373342866092317,4.3113992837324027e+27
2733.0,32.46728385694665,6.373309455933533,4.28649256020542e+27
2743.0,32.46701635602757,6.373276221529411,4.2618199022432046e+27
2753.0,32.466750257968776,6.373243161317395,4.2373782688321333e+27
2763.0,32.46648555033789,6.373210273754443,4.213164669319616e+27
2773.0,32.466222220857325,6.373177557316715,4.1891761624016685e+27
2783.0,32.465960257401775,6.373145010499269,4.165409855134403e+27
2793.0,32.465699647995805,6.373112631815754,4.1418629019687787e+27
2803.0,32.465440380811465,6.373080419798121,4.118532503807997e+27
2813.0,32.46518244416596,6.373048372996328,4.095415907086919e+27
2823.0,32.464925826519355,6.373016489978058,4.072510402872924e+27
2833.0,32.46467051647232,6.372984769328441,4.0498133259876243e+27
2843.0,32.46441650276393,6.372953209649779,4.0273220541488994e+27
2853.0,32.46416377426954,6.372921809561282,4.0050340071326904e+27
2863.0,32.463912319998585,6.372890567698798,3.982946645954044e+27
2873.0,32.46366212909258,6.372859482714561,3.961057472066896e+27
2883.0,32.463413190823054,6.372828553276934,3.939364026582101e+27
2893.0,32.46316549458952,6.372797778070166,3.917863889503228e+27
2903.0,32.462919029917536,6.372767155794143,3.896554678979668e+27
2913.0,32.46267378645679,6.372736685164151,3.8754340505765916e+27
2923.0,32.46242975397918,6.3727063649106395,3.8544996965613276e+27
2933.0,32.46218692237697,6.372676193778996,3.8337493452057357e+27
2943.0,32.46194528166098,6.372646170529316,3.8131807601041674e+27
2953.0,32.461704821958776,6.372616293936182,3.792791739506602e+27
2963.0,32.46146553351293,6.372586562788445,3.7725801156665846e+27
2973.0,32.46122740667929,6.372556975889014,3.7525437542035844e+27
2983.0,32.460990431925296,6.372527532054643,3.732680553479397e+27
2993.0,32.4607545998283,6.372498230115723,3.7129884439882546e+27
3003.0,32.460519901073965,6.3724690689160886,3.6934653877602815e+27
3013.0,32.46028632645464,6.372440047312808,3.674109377777966e+27
3023.0,32.4600538668678,6.372411164175995,3.654918437405324e+27
3033.0,32.4598225133145,6.372382418388619,3.635890619829437e+27
3043.0,32.45959225689785,6.372353808846309,3.617024007514053e+27
3053.0,32.45936308882155,6.372325334457179,3.5983167116649533e+27
3063.0,32.459135000388386,6.372296994141638,3.5797668717067947e+27
3073.0,32.45890798299884,6.372268786832213,3.5613726547711475e+27
3083.0,32.458682028149646,6.372240711473382,3.5431322551954445e+27
3093.0,32.45845712743242,6.3722127670213915,3.5250438940325866e+27
3103.0,32.45823327253229,6.372184952444096,3.507105818570932e+27
3113.0,32.45801045522657,6.372157266720783,3.489316301864428e+27
3123.0,32.457788667383426,6.372129708842021,3.471673642272632e+27
3133.0,32.4575679009606,6.372102277809489,3.454176163010385e+27
3143.0,32.45734814800414,6.372074972635827,3.4368222117069026e+27
3153.0,32.45712940064713,6.372047792344475,3.4196101599740676e+27
3163.0,32.45691165110852,6.372020735969524,3.402538402983684e+27
3173.0,32.45669489169184,6.371993802555568,3.3856053590535004e+27
3183.0,32.45647911478409,6.371966991157553,3.368809469241778e+27
3193.0,32.456264312854536,6.371940300840638,3.352149196950212e+27
3203.0,32.45605047845358,6.371913730680047,3.335623027534996e+27
3213.0,32.455837604211624,6.371887279760935,3.3192294679258525e+27
3223.0,32.45562568283798,6.371860947178247,3.302967046252831e+27
3233.0,32.45541470711978,6.371834732036584,3.2868343114806943e+27
3243.0,32.45520466992088,6.3718086334500725,3.2708298330507214e+27
3253.0,32.454995564180855,6.371782650542231,3.2549522005297456e+27
3263.0,32.454787382913935,6.371756782445845,3.239200023266266e+27
3273.0,32.454580119207996,6.371731028302839,3.223571930053467e+27
3283.0,32.45437376622356,6.371705387264154,3.208066568798985e+27
3293.0,32.454168317192824,6.37167985848962,3.192682606201272e+27
3303.0,32.45396376541867,6.3716544411478475,3.177418727432395e+27
3313.0,32.45376010427375,6.371629134416099,3.1622736358271376e+27
3323.0,32.4535573271995,6.371603937480176,3.147246052578246e+27
3333.0,32.453355427705276,6.371578849534309,3.1323347164376943e+27
3343.0,32.45315439936742,6.37155386978104,3.117538383423817e+27
3353.0,32.452954235828365,6.371528997431114,3.102855826534189e+27
3363.0,32.45275493079578,6.371504231703372,3.0882858354641207e+27
3373.0,32.452556478041686,6.37147957182464,3.073827216330632e+27
3383.0,32.45235887140164,6.371455017029633,3.059478791401804e+27
3393.0,32.45216210477387,6.3714305665608375,3.0452393988313605e+27
3403.0,32.45196617211846,6.371406219668422,3.031107892398391e+27
3413.0,32.45177106745657,6.371381975610132,3.017083141252077e+27
3423.0,32.45157678486961,6.371357833651192,3.003164029661331e+27
3433.0,32.451383318498465,6.371333793064206,2.989349456769218e+27
3443.0,32.45119066254275,6.371309853129068,2.9756383363520846e+27
3453.0,32.450998811260014,6.371286013132862,2.962029596583257e+27
3463.0,32.45080775896503,6.371262272369773,2.9485221798012355e+27
3473.0,32.450617500029026,6.371238630140993,2.9351150422822746e+27
3483.0,32.450428028879,6.371215085754636,2.921807154017258e+27
3493.0,32.450239339997005,6.371191638525645,2.9085974984927695e+27
3503.0,32.450051427919405,6.3711682877757125,2.8954850724762775e+27
3513.0,32.449864287236245,6.371145032833185,2.882468885805339e+27
3523.0,32.44967791259053,6.371121873032983,2.8695479611807346e+27
3533.0,32.44949229867758,6.371098807716525,2.856721333963461e+27
3543.0,32.44930744024437,6.371075836231633,2.8439880519754775e+27
3553.0,32.44912333208887,6.371052957932462,2.831347175304157e+27
3563.0,32.44893996905942,6.371030172179422,2.818797776110331e+27
3573.0,32.4487573460541,6.37100747833909,2.806338938439876e+27
3583.0,32.44857545802012,6.370984875784144,2.793969758038752e+27
3593.0,32.448394299953186,6.37096236389328,2.78168934217143e+27
3603.0,32.44821386689693,6.370939942051143,2.7694968094426294e+27
3613.0,32.44803415394229,6.37091760964825,2.7573912896223036e+27
3623.0,32.44785515622696,6.3708953660809176,2.7453719234737977e+27
3633.0,32.44767686893479,6.370873210751196,2.733437862585118e+27
3643.0,32.44749928729526,6.370851143066794,2.7215882692032513e+27
3653.0,32.447322406582856,6.370829162441011,2.7098223160714554e+27
3663.0,32.4471462221166,6.370807268292671,2.698139186269483e+27
3673.0,32.44697072925946,6.370785460046052,2.6865380730566553e+27
3683.0,32.44679592341783,6.370763737130824,2.675018179717748e+27
3693.0,32.44662180004102,6.370742098981982,2.6635787194116096e+27
3703.0,32.44644835462073,6.3707205450397835,2.6522189150224764e+27
3713.0,32.44627558269052,6.370699074749682,2.6409379990139167e+27
3723.0,32.44610347982536,6.370677687562268,2.6297352132853547e+27
3733.0,32.4459320416411,6.37065638293321,2.618609809031123e+27
3743.0,32.44576126379398,6.370635160323187,2.607561046601993e+27
3753.0,32.445591141980174,6.370614019197833,2.596588195369125e+27
3763.0,32.44542167193529,6.3705929590276815,2.5856905335904005e+27
3773.0,32.44525284943395,6.370571979288104,2.574867348279084e+27
3783.0,32.44508467028926,6.3705510794592515,2.564117935074767e+27
3793.0,32.444917130352444,6.370530259026004,2.5534415981165473e+27
3803.0,32.444750225512315,6.370509517477909,2.5428376499184034e+27
3813.0,32.444583951694895,6.370488854309132,2.5323054112467183e+27
3823.0,32.44441830486296,6.370468269018399,2.521844210999908e+27
3833.0,32.444253281015605,6.370447761108948,2.511453386090116e+27
3843.0,32.44408887618784,6.37042733008847,2.501132281326932e+27
3853.0,32.44392508645017,6.370406975469063,2.490880249303095e+27
3863.0,32.44376190790818,6.3703866967671825,2.480696650282143e+27
3873.0,32.44359933670214,6.370366493503586,2.4705808520879673e+27
3883.0,32.443437369006595,6.370346365203287,2.4605322299962407e+27
3893.0,32.44327600102998,6.370326311395504,2.450550166627677e+27
3903.0,32.44311522901424,6.370306331613618,2.44063405184309e+27
3913.0,32.44295504923444,6.3702864253951175,2.4307832826402154e+27
3923.0,32.4427954579984,6.370266592281558,2.4209972630522625e+27
3933.0,32.44263645164631,6.370246831818514,2.411275404048163e+27
3943.0,32.44247802655036,6.370227143555533,2.4016171234344798e+27
3953.0,32.44232017911442,6.37020752704609,2.3920218457589527e+27
3963.0,32.44216290577362,6.370187981847547,2.38248900221564e+27
3973.0,32.442006202994065,6.370168507521105,2.373018030551633e+27
3983.0,32.44185006727245,6.370149103631765,2.363608374975309e+27
3993.0,32.44169449513571,6.3701297697482815,2.3542594860660962e+27
4003.0,32.44153948314072,6.370110505443128,2.344970820685719e+27
4013.0,32.44138502787395,6.370091310292444,2.3357418418909012e+27
4023.0,32.441231125951106,6.370072183876006,2.3265720188474928e+27
4033.0,32.441077774016854,6.370053125777182,2.3174608267459975e+27
4043.0,32.44092496874447,6.370034135582891,2.308407746718476e+27
4053.0,32.440772706835546,6.370015212883567,2.2994122657567958e+27
4063.0,32.44062098501966,6.369996357273121,2.2904738766322043e+27
4073.0,32.44046980005409,6.369977568348896,2.2815920778162e+27
4083.0,32.44031914872349,6.369958845711642,2.272766373402681e+27
4093.0,32.440169027839616,6.369940188965466,2.2639962730313385e+27
4103.0,32.44001943424101,6.369921597717802,2.2552812918122858e+27
4113.0,32.439870364792725,6.369903071579377,2.2466209502518836e+27
4123.0,32.43972181638604,6.3698846101641715,2.2380147741797563e+27
4133.0,32.439573785938165,6.369866213089384,2.2294622946769636e+27
4143.0,32.43942627039197,6.369847879975403,2.2209630480053176e+27
4153.0,32.43927926671571,6.369829610445763,2.2125165755378122e+27
4163.0,32.43913277190275,6.369811404127117,2.2041224236901585e+27
4173.0,32.438986782971305,6.369793260649205,2.195780143853395e+27
4183.0,32.43884129696417,6.369775179644815,2.1874892923275578e+27
4193.0,32.43869631094846,6.369757160749757,2.179249430256391e+27
4203.0,32.43855182201535,6.369739203602825,2.1710601235630806e+27
4213.0,32.43840782727982,6.36972130784577,2.162920942886989e+27
4223.0,32.43826432388041,6.369703473123269,2.1548314635213748e+27
4233.0,32.43812130897898,6.369685699082888,2.1467912653520822e+27
4243.0,32.43797877976043,6.369667985375061,2.1387999327971793e+27
4253.0,32.437836733432505,6.369650331653053,2.1308570547475294e+27
4263.0,32.43769516722553,6.369632737572932,2.1229622245082784e+27
4273.0,32.437554078392175,6.369615202793542,2.115115039741246e+27
4283.0,32.43741346420724,6.369597726976474,2.107315102408197e+27
4293.0,32.437273321967396,6.369580309786032,2.0995620187149845e+27
4303.0,32.43713364899099,6.369562950889214,2.0918553990565467e+27
4313.0,32.436994442617795,6.369545649955675,2.0841948579627403e+27
4323.0,32.43685570020882,6.369528406657707,2.0765800140449996e+27
4333.0,32.43671741914605,6.3695112206702085,2.0690104899438047e+27
4343.0,32.436579596832274,6.3694940916706555,2.0614859122769458e+27
4353.0,32.43644223069085,6.369477019339084,2.054005911588567e+27
4363.0,32.436305318165495,6.36946000335805,2.0465701222989805e+27
4373.0,32.43616885672008,6.36944304341262,2.0391781826552347e+27
4383.0,32.436032843838426,6.369426139190328,2.031829734682423e+27
4393.0,32.43589727702411,6.369409290381168,2.024524424135723e+27
4403.0,32.43576215380025,6.369392496677556,2.017261900453151e+27
4413.0,32.43562747170931,6.369375757774312,2.0100418167090202e+27
4423.0,32.43549322831293,6.369359073368635,2.002863829568093e+27
4433.0,32.4353594211917,6.369342443160076,1.9957275992404108e+27
4443.0,32.43522604794499,6.36932586685052,1.9886327894367942e+27
4453.0,32.43509310619075,6.369309344144155,1.9815790673249993e+27
4463.0,32.434960593565336,6.369292874747457,1.97456610348652e+27
4473.0,32.43482850772333,6.369276458369164,1.967593571874028e+27
4483.0,32.434696846337346,6.369260094720253,1.9606611497694318e+27
4493.0,32.434565607097845,6.369243783513914,1.953768517742556e+27
4503.0,32.434434787712995,6.369227524465539,1.946915359610418e+27
4513.0,32.434304385908455,6.369211317292689,1.9401013623971028e+27
4523.0,32.43417439942722,6.369195161715078,1.9333262162942188e+27
4533.0,32.43404482602946,6.369179057454552,1.9265896146219276e+27
4543.0,32.43391566349233,6.369163004235068,1.9198912537905384e+27
4553.0,32.43378690960983,6.369147001782668,1.9132308332626568e+27
4563.0,32.433658562192626,6.369131049825472,1.9066080555158793e+27
4573.0,32.43353061906788,6.36911514809364,1.9000226260060245e+27
4583.0,32.4334030780791,6.369099296319366,1.8934742531308902e+27
4593.0,32.433275937085995,6.369083494236852,1.8869626481945325e+27
4603.0,32.43314919396428,6.369067741582293,1.880487525372053e+27
4613.0,32.433022846605574,6.36905203809385,1.874048601674889e+27
4623.0,32.43289689291719,6.36903638351164,1.8676455969165943e+27
4633.0,32.432771330822035,6.3690207775777115,1.8612782336791138e+27
4643.0,32.43264615825842,6.369005220036028,1.854946237279525e+27
4653.0,32.43252137317995,6.368989710632451,1.848649335737259e+27
4663.0,32.43239697355535,6.368974249114716,1.8423872597417768e+27
4673.0,32.43227295736832,6.368958835232425,1.8361597426207058e+27
4683.0,32.43214932261742,6.368943468737018,1.8299665203084206e+27
4693.0,32.4320260673159,6.3689281493817615,1.8238073313150648e+27
4703.0,32.431903189491585,6.368912876921732,1.8176819166960057e+27
4713.0,32.431780687186716,6.3688976511137945,1.8115900200217174e+27
4723.0,32.43165855845782,6.368882471716589,1.80553138734808e+27
4733.0,32.431536801375586,6.368867338490512,1.7995057671870937e+27
4743.0,32.43141541402473,6.368852251197703,1.7935129104779976e+27
4753.0,32.43129439450384,6.368837209602024,1.7875525705587892e+27
4763.0,32.43117374092529,6.368822213469048,1.7816245031381374e+27
4773.0,32.43105345141507,6.368807262566039,1.7757284662676815e+27
4783.0,32.430933524112675,6.3687923566619355,1.7698642203147102e+27
4793.0,32.430813957171,6.368777495527342,1.7640315279352188e+27
4803.0,32.430694748756174,6.368762678934508,1.7582301540473313e+27
4813.0,32.430575897047476,6.36874790665731,1.752459865805089e+27
4823.0,32.43045740023719,6.368733178471243,1.7467204325725947e+27
4833.0,32.430339256530495,6.368718494153403,1.7410116258985086e+27
4843.0,32.43022146414535,6.368703853482471,1.7353332194908917e+27
4853.0,32.43010402131236,6.368689256238702,1.729684989192389e+27
4863.0,32.42998692627469,6.368674702203905,1.7240667129557497e+27
4873.0,32.4298701772879,6.368660191161432,1.718478170819675e+27
4883.0,32.42975377261991,6.368645722896167,1.7129191448849958e+27
4893.0,32.42963771055081,6.368631297194506,1.7073894192911658e+27
4903.0,32.42952198937278,6.368616913844347,1.701888780193072e+27
4913.0,32.42940660739,6.368602572635077,1.6964170157381567e+27
4923.0,32.429291562918515,6.368588273357558,1.6909739160438435e+27
4933.0,32.42917685428613,6.368574015804107,1.6855592731752644e+27
4943.0,32.42906247983233,6.368559799768498,1.680172881123284e+27
4953.0,32.42894843790813,6.368545625045931,1.674814535782815e+27
4963.0,32.42883472687602,6.368531491433033,1.6694840349314214e+27
4973.0,32.42872134510982,6.36851739872784,1.6641811782082042e+27
4983.0,32.42860829099462,6.368503346729781,1.658905767092966e+27
4993.0,32.428495562926635,6.368489335239676,1.6536576048856497e+27
5003.0,32.42838315931316,6.3684753640597105,1.6484364966860487e+27
