Time,Mass,Radius,Lx
23.0,10.922479985220718,5.59,1.16e+30
23.1,10.919968487904947,5.5827579600307855,1.1379130788620363e+30
23.200000000000003,10.917511840774068,5.575639647377111,1.1163394013017164e+30
23.300000000000004,10.915108498905784,5.568641980410485,1.0952649051464937e+30
23.400000000000006,10.912756971262223,5.56176197319663,1.0746759715264427e+30
23.500000000000007,10.910455818438123,5.554996731965595,1.0545594090858424e+30
23.60000000000001,10.908203650518729,5.548343451732123,1.0349024388211266e+30
23.70000000000001,10.905999125041275,5.5417994130590795,1.015692679517818e+30
23.80000000000001,10.90384094505438,5.535361978957104,9.969181337603901e+29
23.900000000000013,10.901727857269973,5.529028591914007,9.785671744902261e+29
24.000000000000014,10.899658650302715,5.522796771047769,9.606285320880269e+29
24.100000000000016,10.897632152992212,5.516664109377377,9.430912819581272e+29
24.200000000000017,10.895647232803558,5.510628271205908,9.259448325932423e+29
24.30000000000002,10.893702794302056,5.504686989610756,9.091789140991655e+29
24.40000000000002,10.89179777769818,5.498838064035925,8.927835671598919e+29
24.50000000000002,10.889931157459083,5.493079357981768,8.767491324245489e+29
24.600000000000023,10.888101940983198,5.487408796787697,8.610662402983735e+29
24.700000000000024,10.88630916733464,5.481824365503616,8.45725801120788e+29
24.800000000000026,10.884551906034337,5.476324106846063,8.307189957144091e+29
24.900000000000027,10.882829255904996,5.470906119235259,8.160372662895557e+29
25.00000000000003,10.881140343967145,5.465568554909428,8.016723076895257e+29
25.10000000000003,10.879484324383702,5.460309618112942,7.876160589625755e+29
25.20000000000003,10.877860377450606,5.455127563355012,7.738606952471729e+29
25.300000000000033,10.87626770863124,5.450020693735838,7.603986199576933e+29
25.400000000000034,10.874705547632452,5.444987359337224,7.472224572583034e+29
25.500000000000036,10.87317314752016,5.44002595567488,7.343250448133274e+29
25.600000000000037,10.871669783872555,5.435134922209681,7.216994268028987e+29
25.70000000000004,10.87019475396914,5.430312740915403,7.093388471932082e+29
25.80000000000004,10.868747376013802,5.4255579349004535,6.972367432511196e+29
25.90000000000004,10.867326988390358,5.420869067081306,6.853867392933779e+29
26.000000000000043,10.86593294894896,5.416244738905453,6.737826406610593e+29
26.100000000000044,10.864564634321933,5.411683589121755,6.624184279103221e+29
26.200000000000045,10.863221439267665,5.40718429259621,6.512882512109003e+29
26.300000000000047,10.861902776041203,5.402745559171247,6.403864249441579e+29
26.40000000000005,10.860608073790344,5.398366132566691,6.297074224928658e+29
26.50000000000005,10.859336777976019,5.394044789320719,6.192458712152085e+29
26.60000000000005,10.858088349815873,5.38978033776913,6.08996547595837e+29
26.700000000000053,10.85686226574996,5.385571617061352,5.989543725671013e+29
26.800000000000054,10.855658016927567,5.381417496211703,5.891144069938766e+29
26.900000000000055,10.854475108714198,5.377316873184473,5.7947184731568234e+29
27.000000000000057,10.853313060217818,5.37326867401142,5.7002202134005516e+29
27.10000000000006,10.852171403833506,5.369271851940446,5.607603841813913e+29
27.20000000000006,10.851049684805679,5.365325386614131,5.51682514339714e+29
27.30000000000006,10.849947460807133,5.361428283276981,5.4278410991405365e+29
27.400000000000063,10.848864301534157,5.357579572010248,5.3406098494534814e+29
27.500000000000064,10.847799788317,5.3537783069931955,5.255090658839811e+29
27.600000000000065,10.84675351374506,5.350023565789835,5.171243881772766e+29
27.700000000000067,10.84572508130613,5.346314448660069,5.0890309297246156e+29
27.800000000000068,10.844714105039106,5.342650077894346,5.008414239307892e+29
27.90000000000007,10.843720209199597,5.339029597170878,4.929357241486938e+29
28.00000000000007,10.842743027937871,5.335452170934602,4.851824331820135e+29
28.100000000000072,10.841782204988618,5.331916983796958,4.7757808416947935e+29
28.200000000000074,10.840837393372057,5.328423239955822,4.701193010518186e+29
28.300000000000075,10.839908255105874,5.324970162634681,4.62802795882973e+29
28.400000000000077,10.838994460927587,5.321556993540465,4.556253662300662e+29
28.500000000000078,10.83809569002687,5.318182992339214,4.48583892658893e+29
28.60000000000008,10.837211629787445,5.3148474361489795,4.416753363018301e+29
28.70000000000008,10.836341975538154,5.3115496190493285,4.348967365051892e+29
28.800000000000082,10.835486430312823,5.308288851606756,4.282452085531544e+29
28.900000000000084,10.834644704618583,5.305064460415512,4.2171794146555416e+29
29.000000000000085,10.833816516212286,5.301875787653207,4.15312195866829e+29
29.100000000000087,10.833001589884715,5.298722190650703,4.0902530192365705e+29
29.200000000000088,10.832199657252257,5.295603041475717,4.028546573488002e+29
29.30000000000009,10.831410456555764,5.292517726529712,3.96797725468826e+29
29.40000000000009,10.830633732466293,5.2894656461575025,3.908520333534531e+29
29.500000000000092,10.829869235897487,5.28644621426921,3.850151700043538e+29
29.600000000000094,10.829116723824315,5.28345885797407,3.792847846013295e+29
29.700000000000095,10.828375959107934,5.280503017225674,3.7365858480385805e+29
29.800000000000097,10.82764671032643,5.2775781444782615,3.6813433510608264e+29
29.900000000000098,10.826928751611224,5.274683704353649,3.62709855243392e+29
30.0000000000001,10.826221862488913,5.271819173318441,3.573830186488051e+29
30.1000000000001,10.825525827728354,5.268984039371149,3.521517509574476e+29
30.200000000000102,10.824840437192782,5.2661778017388805,3.4701402855746435e+29
30.300000000000104,10.824165485696769,5.2633999705832615,3.4196787718578264e+29
30.400000000000105,10.823500772867861,5.260650066715268,3.370113705671926e+29
30.500000000000107,10.822846103012703,5.257927621318686,3.3214262909527345e+29
30.600000000000108,10.822201284987482,5.255232175681865,3.2735981855374616e+29
30.70000000000011,10.821566132072553,5.252563280937514,3.226611488768879e+29
30.80000000000011,10.820940461851057,5.24992049781024,3.180448729476906e+29
30.900000000000112,10.82032409609143,5.2473033963716045,3.135092854324992e+29
31.000000000000114,10.819716860633612,5.244711555802399,3.0905272165090608e+29
31.100000000000115,10.819118585278876,5.242144564161938,3.0467355647972845e+29
31.200000000000117,10.818529103683087,5.239602018164092,3.0037020328993312e+29
31.300000000000118,10.817948253253327,5.237083522959896,2.961411129154183e+29
31.40000000000012,10.817375875047723,5.234588691926443,2.919847726525988e+29
31.50000000000012,10.81681181367838,5.232117146461922,2.8789970528978103e+29
31.600000000000122,10.816255917217314,5.2296685157865515,2.8388446816534904e+29
31.700000000000124,10.815708037105269,5.227242436749233,2.799376522538193e+29
31.800000000000125,10.815168028063328,5.224838553639747,2.7605788127885465e+29
31.900000000000126,10.814635748007204,5.222456518006297,2.7224381085236035e+29
32.00000000000013,10.814111057964139,5.220095988478231,2.684941276388174e+29
32.10000000000013,10.813593821992306,5.21775663059378,2.6480754854403674e+29
32.20000000000013,10.813083907102627,5.2154381166326385,2.611828199275475e+29
32.30000000000013,10.812581183182935,5.2131401254532586,2.5761871683786024e+29
32.400000000000134,10.812085522924399,5.210862342334682,2.541140422698729e+29
32.500000000000135,10.811596801750113,5.2086044588227685,2.5066762644371185e+29
32.600000000000136,10.811114897745819,5.206366172580706,2.472783261043264e+29
32.70000000000014,10.810639691592637,5.20414718724363,2.4394502384117803e+29
32.80000000000014,10.81017106650179,5.201947212277256,2.406666274273884e+29
32.90000000000014,10.809708908151213,5.199765962840391,2.374420691777328e+29
33.00000000000014,10.809253104624018,5.19760315965118,2.34270305324886e+29
33.10000000000014,10.808803546348718,5.195458528857017,2.3115031541334882e+29
33.200000000000145,10.808360126041192,5.193331801907956,2.2808110171050227e+29
33.300000000000146,10.807922738648296,5.191222715433558,2.2506168863425564e+29
33.40000000000015,10.807491281293098,5.189131011123052,2.220911221967735e+29
33.50000000000015,10.80706565322166,5.187056435608686,2.1916846946378223e+29
33.60000000000015,10.80664575575133,5.184998740352219,2.1629281802897667e+29
33.70000000000015,10.806231492220492,5.182957681534413,2.1346327550306017e+29
33.80000000000015,10.805822767939729,5.18093301994746,2.1067896901696976e+29
33.900000000000155,10.805419490144345,5.1789245208902575,2.0793904473885187e+29
34.000000000000156,10.805021567948222,5.176931954066421,2.0524266740436887e+29
34.10000000000016,10.804628912298943,5.174955093484995,2.0258901985993073e+29
34.20000000000016,10.804241435934166,5.17299371736372,1.9997730261845938e+29
34.30000000000016,10.803859053339194,5.171047608034863,1.9740673342730685e+29
34.40000000000016,10.803481680705708,5.169116551853456,1.9487654684796028e+29
34.50000000000016,10.803109235891633,5.1672003391079055,1.9238599384717915e+29
34.600000000000165,10.802741638382082,5.165298763932929,1.8993434139922206e+29
34.700000000000166,10.802378809251378,5.163411624224697,1.8752087209883104e+29
34.80000000000017,10.802020671126085,5.161538721558163,1.8514488378465243e+29
34.90000000000017,10.80166714814904,5.159679861106481,1.8280568917278475e+29
35.00000000000017,10.801318165944346,5.157834851562497,1.8050261550015198e+29
35.10000000000017,10.800973651583305,5.156003505062185,1.7823500417741262e+29
35.20000000000017,10.800633533551249,5.154185637110057,1.760022104511232e+29
35.300000000000175,10.80029774171525,5.152381066506408,1.7380360307488352e+29
35.400000000000176,10.79996620729269,5.150589615276406,1.7163856398920097e+29
35.50000000000018,10.79963886282065,5.148811108600949,1.6950648800981853e+29
35.60000000000018,10.799315642126103,5.147045374749219,1.674067825242599e+29
35.70000000000018,10.798996480296886,5.145292245012946,1.653388671963525e+29
35.80000000000018,10.798681313653416,5.143551553642247,1.633021736784973e+29
35.90000000000018,10.798370079721161,5.14182313778308,1.612961453314615e+29
36.000000000000185,10.798062717203798,5.140106837416221,1.5932023695147676e+29
36.100000000000186,10.797759165957073,5.138402495297715,1.5737391450443311e+29
36.20000000000019,10.797459366963333,5.136709956900824,1.5545665486696545e+29
36.30000000000019,10.797163262306697,5.135029070359314,1.5356794557423448e+29
36.40000000000019,10.796870795148871,5.133359686412181,1.5170728457421226e+29
36.50000000000019,10.79658190970557,5.131701658349662,1.4987417998828668e+29
36.60000000000019,10.796296551223527,5.130054841960577,1.4806814987800578e+29
36.700000000000195,10.796014665958102,5.128419095480902,1.4628872201778831e+29
36.800000000000196,10.795736201151431,5.1267942795435975,1.4453543367343198e+29
36.9000000000002,10.79546110501113,5.125180257129608,1.4280783138625661e+29
37.0000000000002,10.795189326689531,5.123576893520035,1.4110547076272375e+29
37.1000000000002,10.794920816263433,5.121984056249447,1.3942791626937956e+29
37.2000000000002,10.794655524714347,5.1204016150602705,1.3777474103297262e+29
37.3000000000002,10.794393403909236,5.118829441858265,1.3614552664560223e+29
37.400000000000205,10.79413440658172,5.1172674106690375,1.345398629747578e+29
37.500000000000206,10.793878486313751,5.115715397595568,1.3295734797811386e+29
37.60000000000021,10.793625597517725,5.1141732807767335,1.3139758752294937e+29
37.70000000000021,10.793375695419034,5.1126409403467825,1.2986019521006383e+29
37.80000000000021,10.793128736039039,5.111118258395743,1.2834479220206678e+29
37.90000000000021,10.79288467617846,5.109605118930762,1.268510070559209e+29
38.00000000000021,10.79264347340115,5.1081014078383005,1.2537847555962246e+29
38.100000000000215,10.792405086018277,5.106607012847233,1.239268405729061e+29
38.200000000000216,10.792169473072875,5.105121823492754,1.2249575187186513e+29
38.30000000000022,10.791936594324754,5.103645731081121,1.2108486599738036e+29
38.40000000000022,10.791706410235793,5.102178628655205,1.1969384610725535e+29
39.40000000000022,10.789544551039052,5.087979698704119,1.0680662357847755e+29
40.40000000000022,10.787613365989959,5.074573803617016,9.55794709385979e+28
41.40000000000022,10.785882934366459,5.061878005413849,8.57650770362941e+28
42.40000000000022,10.784327887281028,5.049820887125502,7.715773322980486e+28
43.40000000000022,10.782918874722816,5.038323503673561,7.22361334918874e+28
44.40000000000022,10.781552681066927,5.02714483243968,7.159104285409285e+28
45.40000000000022,10.78020796541413,5.016226839483864,7.096589087492759e+28
46.40000000000022,10.77888393601719,5.005557805502823,7.035964206584341e+28
47.40000000000022,10.777579846625171,4.99512677824656,6.977133556295869e+28
48.40000000000022,10.776294992969973,4.984923507293772,6.92000783090461e+28
49.40000000000022,10.775028709590787,4.974938385596767,6.864503898465346e+28
50.40000000000022,10.773780366957833,4.965162396971493,6.810544259273195e+28
51.40000000000022,10.772549368861828,4.955587068822977,6.758056561498513e+28
52.40000000000022,10.771335150039944,4.946204429493166,6.70697316697624e+28
53.40000000000022,10.77013717401278,4.937006969700281,6.657230761109319e+28
54.40000000000022,10.768954931109993,4.927987607608406,6.608770001671627e+28
55.40000000000022,10.767787936664984,4.91913965712555,6.561535201995653e+28
56.40000000000022,10.766635729361386,4.910456799079304,6.515474044625356e+28
57.40000000000022,10.765497869716157,4.9019330549628,6.470537322022258e+28
58.40000000000022,10.764373938685782,4.893562762981276,6.426678701347109e+28
59.40000000000022,10.763263536383706,4.885340556161948,6.383854510712055e+28
60.40000000000022,10.762166280898374,4.877261342317929,6.342023544618779e+28
61.40000000000022,10.761081807202476,4.869320285681233,6.301146886574612e+28
62.40000000000022,10.760009766144993,4.861512790041058,6.261187747117689e+28
63.40000000000022,10.758949823518526,4.853834483241984,6.222111315689559e+28
64.40000000000022,10.757901659195205,4.8462812029127855,6.183884624973816e+28
65.40000000000022,10.756864966325153,4.838848983310699,6.146476426476223e+28
66.40000000000022,10.755839450592074,4.831534043178295,6.1098570762588055e+28
67.40000000000022,10.754824829521125,4.82433277452106,6.073998429860233e+28
68.40000000000022,10.753820831834664,4.817241732223275,6.038873745539907e+28
69.40000000000022,10.752827196851918,4.810257624428326,6.004457595075453e+28
70.40000000000022,10.751843673928985,4.8033773036169976,5.970725781424603e+28
71.40000000000022,10.75087002193594,4.796597758323977,5.937655262634088e+28
72.40000000000022,10.749906008768095,4.789916105438649,5.905224081441516e+28
73.40000000000022,10.748951410888735,4.783329583041484,5.873411300072198e+28
74.40000000000022,10.748006012900921,4.776835543732048,5.842196939782666e+28
75.40000000000022,10.747069607146141,4.770431448408723,5.811561924746676e+28
76.40000000000022,10.746141993327775,4.764114860464016,5.781488029918843e+28
77.40000000000022,10.745222978157571,4.757883440362654,5.751957832545986e+28
78.40000000000022,10.744312375023416,4.751734940572587,5.722954667027552e+28
79.40000000000022,10.743410003676884,4.745667200821758,5.694462582854358e+28
80.40000000000022,10.742515689939143,4.73967814365591,5.66646630537993e+28
81.40000000000022,10.74162926542393,4.733765770274752,5.638951199201064e+28
82.40000000000022,10.740750567276393,4.727928156625932,5.611903233944442e+28
83.40000000000022,10.739879437926751,4.722163449737895,5.585308952274108e+28
84.40000000000022,10.739015724857703,4.716469864274328,5.559155439950979e+28
85.40000000000022,10.738159280384727,4.710845679294367,5.533430297790187e+28
86.40000000000022,10.73730996144836,4.705289235203996,5.508121615375326e+28
87.40000000000022,10.736467629417728,4.699798930885327,5.483217946400586e+28
88.40000000000022,10.735632149904529,4.694373220991393,5.458708285522666e+28
89.40000000000022,10.734803392586874,4.689010613395249,5.434582046614083e+28
90.40000000000022,10.733981231042305,4.683709666782866,5.410829042318432e+28
91.40000000000022,10.73316554258944,4.678468988380297,5.387439464816222e+28
92.40000000000022,10.7323562081377,4.673287231806166,5.36440386771722e+28
93.40000000000022,10.731553112044644,4.668163095041358,5.341713149001957e+28
94.40000000000022,10.730756141980411,4.663095318508297,5.319358534941079e+28
95.40000000000022,10.729965188798888,4.6580826832527995,5.297331564926817e+28
96.40000000000022,10.729180146415164,4.653124009222023,5.275624077155871e+28
97.40000000000022,10.728400911688937,4.648218153632495,5.254228195107642e+28
98.40000000000022,10.727627384313493,4.6433640094226165,5.233136314765987e+28
99.40000000000022,10.726859466709962,4.638560503784465,5.212341092536492e+28
100.40000000000022,10.726097063926542,4.633806596770086,5.191835433814868e+28
101.40000000000022,10.7253400835424,4.629101279967781,5.171612482165261e+28
102.40000000000022,10.724588435576017,4.624443575244234,5.151665609070298e+28
103.40000000000022,10.723842032397688,4.619832533548567,5.1319884042174e+28
104.40000000000022,10.723100788645993,4.6152672337747465,5.112574666288426e+28
105.40000000000022,10.722364621148,4.6107467816789285,5.093418394222025e+28
106.40000000000022,10.721633448842992,4.606270308848613,5.07451377892021e+28
107.40000000000022,10.72090719270956,4.601836971720662,5.055855195372624e+28
108.40000000000022,10.720185775695855,4.597445950645431,5.03743719517381e+28
109.40000000000022,10.719469122652841,4.593096448994439,5.019254499410429e+28
110.40000000000022,10.718757160270409,4.5887876923091895,5.0013019918969565e+28
111.40000000000022,10.718049817016187,4.58451892748886,4.983574712739795e+28
112.40000000000022,10.717347023076917,4.5802894220148005,4.966067852211072e+28
113.40000000000022,10.716648710302268,4.576098463209805,4.948776744914616e+28
114.40000000000022,10.71595481215096,4.571945357530338,4.931696864227732e+28
115.40000000000022,10.715265263639093,4.567829429889985,4.914823817003462e+28
116.40000000000022,10.71458000129057,4.563750023012455,4.898153338518981e+28
117.40000000000022,10.713898963089491,4.559706496812623,4.881681287656682e+28
118.40000000000022,10.71322208843447,4.5556982278041875,4.8654036423053694e+28
119.40000000000022,10.712549318094734,4.551724608532546,4.849316494969723e+28
120.40000000000022,10.711880594167939,4.547785047031631,4.833416048576957e+28
121.40000000000022,10.711215860039637,4.54387896630352,4.817698612470266e+28
122.40000000000022,10.710555060344289,4.5400058038196445,4.802160598579255e+28
123.40000000000022,10.709898140927777,4.536165011042595,4.786798517758189e+28
124.40000000000022,10.709245048811324,4.53235605296743,4.771608976283395e+28
125.40000000000022,10.708595732156777,4.528578407681618,4.756588672501684e+28
126.40000000000022,10.707950140233182,4.524831565942677,4.74173439362215e+28
127.40000000000022,10.707308223384594,4.521115030772666,4.7270430126441145e+28
128.4000000000002,10.706669932999064,4.517428317068738,4.7125114854144326e+28
129.4000000000002,10.706035221478764,4.513770951228992,4.698136847807743e+28
130.4000000000002,10.705404042211176,4.510142470792918,4.68391621302364e+28
131.4000000000002,10.704776349541332,4.5065424240957555,4.669846768995039e+28
132.4000000000002,10.70415209874502,4.502970369936108,4.655925775902368e+28
133.4000000000002,10.703531246002957,4.499425877256244,4.642150563788506e+28
134.4000000000002,10.702913748375847,4.49590852483447,4.628518530269648e+28
135.4000000000002,10.702299563780326,4.492417900989072,4.615027138337574e+28
136.4000000000002,10.701688650965714,4.488953603293265,4.601673914249015e+28
137.4000000000002,10.701080969491588,4.48551523830071,4.588456445498059e+28
138.4000000000002,10.7004764797061,4.482102421281099,4.575372378867757e+28
139.4000000000002,10.699875142725032,4.478714775965374,4.562419418557278e+28
140.4000000000002,10.699276920411556,4.475351934300177,4.549595324381171e+28
141.4000000000002,10.698681775356668,4.47201353621113,4.536897910037469e+28
142.4000000000002,10.698089670860261,4.468699229374536,4.524325041441533e+28
143.4000000000002,10.697500570912831,4.465408668997204,4.511874635122699e+28
144.4000000000002,10.696914440177768,4.4621415176039925,4.499544656680939e+28
145.4000000000002,10.696331243974226,4.4588974448327985,4.487333119300905e+28
146.4000000000002,10.69575094826055,4.455676127236641,4.475238082320822e+28
147.4000000000002,10.695173519618209,4.452477248092576,4.4632576498538625e+28
148.4000000000002,10.69459892523627,4.449300497217161,4.451389969459736e+28
149.4000000000002,10.69402713289634,4.446145570788174,4.439633230864331e+28
150.4000000000002,10.693458110957978,4.443012171172375,4.427985664725372e+28
151.4000000000002,10.692891828344576,4.4399000067590215,4.4164455414421355e+28
152.4000000000002,10.692328254529663,4.436808791798967,4.4050111700073785e+28
153.4000000000002,10.691767359523629,4.433738246249045,4.393680896899721e+28
154.4000000000002,10.691209113860863,4.43068809562161,4.382453105014797e+28
155.4000000000002,10.69065348858727,4.427658070838967,4.371326212633562e+28
156.4000000000002,10.69010045524817,4.424647908092549,4.360298672426276e+28
157.4000000000002,10.68954998587656,4.421657348706624,4.349368970490667e+28
158.4000000000002,10.689002052981715,4.418686139006381,4.338535625422907e+28
159.4000000000002,10.688456629538136,4.415734030190201,4.327797187420104e+28
160.4000000000002,10.687913688974815,4.412800778205998,4.317152237413009e+28
161.4000000000002,10.68737320516482,4.409886143631429,4.306599386227779e+28
162.4000000000002,10.68683515241517,4.406989891557849,4.296137273775624e+28
163.4000000000002,10.686299505457018,4.404111791477891,4.2857645682692526e+28
164.4000000000002,10.685766239436099,4.401251617176498,4.275479965465082e+28
165.4000000000002,10.685235329903458,4.39840914662531,4.265282187930196e+28
166.4000000000002,10.68470675280644,4.395584161880265,4.255169984333113e+28
167.4000000000002,10.684180484479928,4.392776448982316,4.245142128757442e+28
168.4000000000002,10.683656501637834,4.3899857978611285,4.235197420037574e+28
169.4000000000002,10.683134781364817,4.387212002241672,4.225334681115553e+28
170.4000000000002,10.682615301108235,4.384454859553594,4.215552758418337e+28
171.4000000000002,10.68209803867032,4.381714170843276,4.205850521254708e+28
172.4000000000002,10.68158297220056,4.378989740688476,4.196226861231065e+28
173.4000000000002,10.681070080188292,4.376281377115466,4.186680691685436e+28
174.4000000000002,10.68055934145549,4.373588891518597,4.177210947139014e+28
175.4000000000002,10.680050735149758,4.370912098582172,4.167816582764599e+28
176.4000000000002,10.679544240737494,4.368250816204582,4.158496573871312e+28
177.4000000000002,10.679039837997246,4.365604865424597,4.149249915405007e+28
178.4000000000002,10.67853750701324,4.362974070349766,4.140075621463819e+28
179.4000000000002,10.678037228169082,4.360358258086848,4.130972724828294e+28
180.4000000000002,10.677538982141606,4.357757258674164,4.121940276505587e+28
181.4000000000002,10.67704274989491,4.355170905015898,4.11297734528726e+28
182.4000000000002,10.676548512674529,4.352599032818173,4.104083017320145e+28
183.4000000000002,10.676056252001748,4.350041480526924,4.095256395689875e+28
184.4000000000002,10.675565949668085,4.3474980892674715,4.086496600016603e+28
185.4000000000002,10.675077587729891,4.344968702785757,4.07780276606251e+28
186.4000000000002,10.674591148503103,4.342453167391165,4.06917404535068e+28
187.4000000000002,10.674106614558111,4.339951331900897,4.0606096047949774e+28
188.4000000000002,10.673623968714775,4.337463047585851,4.052108626340518e+28
189.4000000000002,10.673143194037543,4.33498816811794,4.043670306614412e+28
190.4000000000002,10.672664273830708,4.332526549518825,4.03529385658641e+28
191.4000000000002,10.672187191633773,4.330078050109998,4.0269785012391255e+28
192.4000000000002,10.671711931216924,4.327642530464182,4.018723479247525e+28
193.4000000000002,10.671238476576626,4.325219853358002,4.010528042667358e+28
194.4000000000002,10.670766811931315,4.322809883725908,4.002391456632262e+28
195.4000000000002,10.6702969217172,4.320412488615279,3.994312999059226e+28
196.4000000000002,10.66982879058416,4.318027537142678,3.986291960362166e+28
197.4000000000002,10.669362403391743,4.315654900451255,3.978327643173332e+28
198.4000000000002,10.668897745205255,4.313294451669222,3.970419362072307e+28
199.4000000000002,10.668434801291951,4.310946065869388,3.962566443322342e+28
200.4000000000002,10.667973557117303,4.308609620029712,3.954768224613804e+28
201.4000000000002,10.667513998341365,4.306284992994874,3.947024054814497e+28
202.4000000000002,10.667056110815214,4.303972065438769,3.939333293726659e+28
203.4000000000002,10.666599880577477,4.301670719827966,3.9316953118503995e+28
204.4000000000002,10.666145293850947,4.299380840386065,3.924109490153397e+28
205.4000000000002,10.665692337039259,4.297102313058937,3.9165752198466524e+28
206.4000000000002,10.665240996723652,4.2948350254808085,3.909091902166109e+28
207.4000000000002,10.664791259659806,4.292578866941182,3.90165894815996e+28
208.4000000000002,10.664343112774743,4.290333728352561,3.894275778481472e+28
209.4000000000002,10.663896543163805,4.288099502218955,3.8869418231871494e+28
210.4000000000002,10.663451538087697,4.285876082605154,3.8796565215400835e+28
211.4000000000002,10.663008084969592,4.28366336510671,3.8724193218183227e+28
212.4000000000002,10.662566171392303,4.281461246820674,3.865229681128121e+28
213.4000000000002,10.662125785095519,4.279269626316999,3.8580870652219076e+28
214.4000000000002,10.661686913973101,4.277088403610632,3.850990948320847e+28
215.4000000000002,10.661249546070433,4.274917480134258,3.8439408129418482e+28
216.4000000000002,10.660813669581836,4.272756758711697,3.8369361497288887e+28
217.4000000000002,10.660379272848033,4.270606143531882,3.8299764572885315e+28
218.4000000000002,10.65994634435367,4.268465540123495,3.823061242029512e+28
219.4000000000002,10.659514872724897,4.266334855330145,3.8161900180062676e+28
220.4000000000002,10.659084846726985,4.264213997286147,3.809362306766312e+28
221.4000000000002,10.658656255262015,4.262102875392825,3.80257763720132e+28
222.4000000000002,10.65822908736659,4.260001400295387,3.795835545401842e+28
223.4000000000002,10.657803332209623,4.2579094838603,3.789135574515521e+28
224.4000000000002,10.657378979090145,4.255827039153193,3.7824772746087277e+28
225.4000000000002,10.656956017435181,4.2537539804172475,3.775860202531508e+28
226.4000000000002,10.656534436797655,4.251690223052069,3.7692839217857565e+28
227.4000000000002,10.65611422685434,4.2496356835930325,3.7627480023965165e+28
228.4000000000002,10.655695377403864,4.247590279691102,3.756252020786323e+28
229.4000000000002,10.655277878364737,4.245553930093067,3.749795559652513e+28
230.4000000000002,10.65486171977343,4.24352655462223,3.7433782078473973e+28
231.4000000000002,10.654446891782493,4.241508074159523,3.7369995602612435e+28
232.4000000000002,10.654033384658709,4.239498410625024,3.730659217707967e+28
233.4000000000002,10.653621188781278,4.237497486959874,3.7243567868134773e+28
234.4000000000002,10.653210294640056,4.2355052271085984,3.718091879906585e+28
235.4000000000002,10.652800692833805,4.233521556001787,3.7118641149124248e+28
236.4000000000002,10.6523923740685,4.231546399539174,3.705673115248302e+28
237.4000000000002,10.651985329155654,4.229579684573053,3.699518509721918e+28
238.4000000000002,10.651579549010682,4.227621338892054,3.6933999324318905e+28
239.4000000000002,10.651175024651302,4.225671291205272,3.6873170226705303e+28
240.4000000000002,10.650771747195954,4.223729471126714,3.681269424828793e+28
241.4000000000002,10.650369707862266,4.221795809160095,3.675256788303359e+28
242.4000000000002,10.649968897965534,4.219870236683912,3.669278767405788e+28
243.4000000000002,10.649569308917247,4.217952685936888,3.6633350212736834e+28
244.4000000000002,10.649170932223623,4.216043090003652,3.6574252137838234e+28
245.4000000000002,10.64877375948419,4.21414138280077,3.6515490134672024e+28
246.4000000000002,10.648377782390382,4.212247499063029,3.6457060934259354e+28
247.4000000000002,10.647982992724168,4.2103613743300095,3.639896131251975e+28
248.4000000000002,10.647589382356704,4.208482944932944,3.634118808947597e+28
249.4000000000002,10.647196943247014,4.2066121479818355,3.6283738128476047e+28
250.4000000000002,10.646805667440686,4.204748921352819,3.622660833543218e+28
251.4000000000002,10.646415547068608,4.202893203675808,3.6169795658075874e+28
252.4000000000002,10.646026574345713,4.201044934322365,3.61132970852291e+28
253.4000000000002,10.645638741569757,4.199204053393831,3.6057109646090965e+28
254.4000000000002,10.64525204112011,4.197370501709672,3.600123040953949e+28
255.4000000000002,10.644866465456582,4.195544220796085,3.5945656483448194e+28
256.4000000000002,10.644482007118262,4.1937251528748,3.5890385014017066e+28
257.4000000000002,10.644098658722374,4.191913240852115,3.5835413185117543e+28
258.4000000000002,10.643716412963167,4.190108428308152,3.5780738217651207e+28
259.4000000000002,10.643335262610814,4.188310659486312,3.572635736892181e+28
260.4000000000002,10.64295520051033,4.186519879282938,3.5672267932020377e+28
261.4000000000002,10.642576219580526,4.184736033237185,3.561846723522291e+28
262.4000000000002,10.642198312812956,4.1829590675210735,3.5564952641400575e+28
263.4000000000002,10.641821473270905,4.181188928929748,3.5511721547441965e+28
264.4000000000002,10.641445694088384,4.179425564871906,3.545877138368712e+28
265.4000000000002,10.641070968469146,4.177668923360434,3.540609961337312e+28
266.4000000000002,10.640697289685715,4.175918953003183,3.5353703732090855e+28
267.4000000000002,10.640324651078439,4.174175602993964,3.530158126725284e+28
268.4000000000002,10.639953046054558,4.172438823103677,3.5249729777571655e+28
269.4000000000002,10.63958246808728,4.170708563671626,3.5198146852548897e+28
270.4000000000002,10.639212910714885,4.168984775596991,3.5146830111974335e+28
271.4000000000002,10.638844367539837,4.167267410330459,3.509577720543498e+28
272.4000000000002,10.638476832227912,4.165556419866008,3.5044985811833946e+28
273.4000000000002,10.638110298507346,4.163851756732858,3.4994453638918785e+28
274.4000000000002,10.637744760167989,4.16215337398754,3.4944178422819114e+28
275.4000000000002,10.63738021106048,4.1604612252061415,3.489415792759327e+28
276.4000000000002,10.637016645095438,4.158775264476686,3.4844389944783904e+28
277.4000000000002,10.636654056242657,4.1570954463916365,3.4794872292982123e+28
278.4000000000002,10.636292438530324,4.155421726040547,3.474560281740017e+28
279.4000000000002,10.635931786044246,4.153754059002857,3.469657938945233e+28
280.4000000000002,10.635572092927092,4.152092401340802,3.4647799906343895e+28
281.4000000000002,10.635213353377642,4.150436709592443,3.4599262290668006e+28
282.4000000000002,10.63485556165006,4.1487869407648486,3.4550964490010283e+28
283.4000000000002,10.634498712053162,4.147143052327378,3.450290447656086e+28
284.4000000000002,10.634142798949716,4.145505002205084,3.4455080246733914e+28
285.4000000000002,10.633787816755735,4.143872748772242,3.44074898207943e+28
286.4000000000002,10.633433759939798,4.142246250845996,3.4360131242491266e+28
287.4000000000002,10.633080623022368,4.1406254676800955,3.4313002578699057e+28
288.4000000000002,10.632728400575125,4.139010358958764,3.4266101919064197e+28
289.4000000000002,10.632377087220323,4.1374008847906705,3.4219427375659433e+28
290.4000000000002,10.632026677630137,4.135797005702999,3.4172977082644035e+28
291.4000000000002,10.63167716652603,4.134198682635627,3.4126749195930438e+28
292.4000000000002,10.631328548678136,4.1326058769353935,3.4080741892857027e+28
293.4000000000002,10.630980818904641,4.1310185503504915,3.403495337186692e+28
294.4000000000002,10.630633972071186,4.129436665024928,3.39893818521927e+28
295.4000000000002,10.630288003090268,4.127860183493096,3.3944025573546844e+28
296.4000000000002,10.629942906920656,4.126289068674428,3.389888279581783e+28
297.4000000000002,10.62959867856682,4.124723283868157,3.3853951798771754e+28
298.4000000000002,10.629255313078364,4.1231627927481505,3.3809230881759346e+28
299.4000000000002,10.628912805549465,4.121607559357838,3.376471836342826e+28
300.4000000000002,10.62857115111833,4.1200575481052235,3.3720412581440556e+28
301.4000000000002,10.628230344966651,4.118512723757983,3.36763118921952e+28
302.4000000000002,10.627890382319082,4.116973051438647,3.3632414670555593e+28
303.4000000000002,10.627551258442704,4.115438496619843,3.358871930958186e+28
304.4000000000002,10.627212968646518,4.113909025119652,3.3545224220267967e+28
305.4000000000002,10.626875508280937,4.112384603097015,3.3501927831283426e+28
306.4000000000002,10.626538872737287,4.110865197047225,3.3458828588719585e+28
307.4000000000002,10.626203057447311,4.109350773797489,3.3415924955840357e+28
308.4000000000002,10.625868057882688,4.107841300502569,3.3373215412837344e+28
309.4000000000002,10.625533869554557,4.10633674464049,3.3330698456589176e+28
310.4000000000002,10.625200488013045,4.104837074008314,3.3288372600425102e+28
311.4000000000002,10.624867908846804,4.103342256717998,3.3246236373892625e+28
312.4000000000002,10.624536127682559,4.101852261192294,3.320428832252919e+28
313.4000000000002,10.624205140184655,4.100367056160747,3.3162527007637788e+28
314.4000000000002,10.623874942054616,4.098886610655724,3.3120951006066418e+28
315.4000000000002,10.623545529030714,4.0974108940085365,3.3079558909991317e+28
316.4000000000002,10.62321689688753,4.0959398758455965,3.3038349326703918e+28
317.4000000000002,10.622889041435542,4.094473526084664,3.299732087840136e+28
318.4000000000002,10.622561958520699,4.093011814931123,3.2956472201980664e+28
319.4000000000002,10.622235644024018,4.09155471287435,3.2915801948836273e+28
320.4000000000002,10.621910093861176,4.090102190684105,3.287530878466106e+28
321.4000000000002,10.621585303982116,4.08865421940701,3.283499138925071e+28
322.4000000000002,10.621261270370642,4.087210770363056,3.2794848456311285e+28
323.4000000000002,10.62093798904405,4.085771815142191,3.2754878693270106e+28
324.4000000000002,10.620615456052732,4.084337325600941,3.2715080821089703e+28
325.4000000000002,10.620293667479807,4.082907273859084,3.2675453574084895e+28
326.4000000000002,10.619972619440746,4.081481632296397,3.2635995699742877e+28
327.4000000000002,10.619652308083015,4.080060373549426,3.2596705958546282e+28
328.4000000000002,10.619332729585707,4.0786434705083225,3.255758312379915e+28
329.4000000000002,10.619013880159189,4.077230896313724,3.2518625981455736e+28
330.4000000000002,10.618695756044756,4.075822624353687,3.2479833329952157e+28
331.4000000000002,10.61837835351428,4.074418628260645,3.2441203980040725e+28
332.4000000000002,10.61806166886988,4.073018881908457,3.240273675462701e+28
333.4000000000002,10.61774569844357,4.071623359409443,3.236443048860952e+28
334.4000000000002,10.61743043859695,4.070232035111523,3.2326284028721995e+28
335.4000000000002,10.61711588572086,4.068844883595352,3.228829623337821e+28
336.4000000000002,10.616802036235077,4.067461879671532,3.2250465972519275e+28
337.4000000000002,10.616488886587982,4.066082998377834,3.221279212746342e+28
338.4000000000002,10.616176433256257,4.064708214976491,3.2175273590758096e+28
339.4000000000002,10.615864672744575,4.063337504951516,3.21379092660345e+28
340.4000000000002,10.615553601585296,4.061970844006062,3.2100698067864398e+28
341.4000000000002,10.615243216338165,4.0606082080598185,3.2063638921619138e+28
342.4000000000002,10.614933513590021,4.0592495732464595,3.2026730763331015e+28
343.4000000000002,10.614624489954505,4.0578949159111115,3.1989972539556686e+28
344.4000000000002,10.614316142071766,4.056544212607866,3.1953363207242813e+28
345.4000000000002,10.614008466608185,4.055197440097329,3.191690173359377e+28
346.4000000000002,10.613701460256092,4.053854575344214,3.188058709594143e+28
347.4000000000002,10.613395119733488,4.0525155955149526,3.184441828161694e+28
348.4000000000002,10.613089441783778,4.051180477975354,3.1808394287824525e+28
349.4000000000002,10.612784423175498,4.049849200288293,3.1772514121517217e+28
350.4000000000002,10.612480060702051,4.048521740211434,3.17367767992745e+28
351.4000000000002,10.612176351181448,4.0471980756949835,3.170118134718186e+28
352.4000000000002,10.611873291456044,4.045878184879475,3.1665726800712152e+28
353.4000000000002,10.61157087839229,4.044562046093594,3.1630412204608754e+28
354.4000000000002,10.611269108880482,4.043249637852026,3.1595236612770595e+28
355.4000000000002,10.610967979834502,4.041940938853331,3.156019908813882e+28
356.4000000000002,10.61066748819159,4.040635927977863,3.152529870258523e+28
357.4000000000002,10.610367630912089,4.039334584285703,3.149053453680243e+28
358.4000000000002,10.610068404979215,4.038036887014632,3.1455905680195547e+28
359.4000000000002,10.609769807398818,4.036742815578131,3.142141123077566e+28
360.4000000000002,10.60947183519915,4.035452349563398,3.1387050295054795e+28
361.4000000000002,10.60917448543064,4.034165468729413,3.135282198794246e+28
362.4000000000002,10.608877755165658,4.032882153005007,3.1318725432643787e+28
363.4000000000002,10.608581641498306,4.03160238248698,3.12847597605591e+28
364.4000000000002,10.608286141544188,4.030326137438228,3.125092411118506e+28
365.4000000000002,10.607991252440192,4.029053398285905,3.12172176320172e+28
366.4000000000002,10.607696971344282,4.027784145619604,3.118363947845395e+28
367.4000000000002,10.60740329543528,4.02651836018957,3.1150188813702024e+28
368.4000000000002,10.60711022191266,4.02525602290494,3.111686480868322e+28
369.4000000000002,10.60681774799634,4.023997114831988,3.108366664194261e+28
370.4000000000002,10.606525870926479,4.022741617192418,3.105059349955798e+28
371.4000000000002,10.606234587963277,4.02148951136167,3.1017644575050685e+28
372.4000000000002,10.605943896386771,4.020240778867238,3.098481906929775e+28
373.4000000000002,10.605653793496643,4.018995401387031,3.0952116190445225e+28
374.4000000000002,10.605364276612027,4.017753360747747,3.0919535153822833e+28
375.4000000000002,10.605075343071315,4.01651463892326,3.088707518185981e+28
376.4000000000002,10.604786990231966,4.015279218033047,3.0854735504001948e+28
377.4000000000002,10.604499215470327,4.014047080340617,3.0822515356629896e+28
378.4000000000002,10.604212016181439,4.01281820825198,3.0790413982978493e+28
379.4000000000002,10.603925389778864,4.011592584314119,3.07584306330574e+28
380.4000000000002,10.603639333694497,4.010370191213489,3.0726564563572725e+28
381.4000000000002,10.603353845378393,4.00915101177454,3.0694815037849874e+28
382.4000000000002,10.603068922298593,4.00793502895826,3.066318132575739e+28
383.4000000000002,10.602784561940945,4.006722225860724,3.063166270363192e+28
384.4000000000002,10.602500761808937,4.005512585711678,3.0600258454204236e+28
385.4000000000002,10.602217519423528,4.004306091873137,3.0568967866526283e+28
386.4000000000002,10.601934832322979,4.003102727837991,3.0537790235899223e+28
387.4000000000002,10.60165269806269,4.001902477228648,3.050672486380252e+28
388.4000000000002,10.601371114215034,4.000705323795673,3.0475771057823986e+28
389.4000000000002,10.601090078369202,3.999511251416468,3.044492813159081e+28
390.4000000000002,10.600809588131034,3.9983202440939447,3.0414195404701523e+28
391.4000000000002,10.60052964112287,3.9971322859552356,3.0383572202658917e+28
392.4000000000002,10.600250234983394,3.995947361250411,3.0353057856803905e+28
393.4000000000002,10.599971367367475,3.994765454351211,3.0322651704250224e+28
394.4000000000002,10.599693035946022,3.993586549749799,3.0292353087820105e+28
395.4000000000002,10.599415238405829,3.992410632057529,3.0262161355980783e+28
396.4000000000002,10.599137972449432,3.991237686003734,3.023207586278188e+28
397.4000000000002,10.598861235794956,3.9900676964345116,3.020209596779362e+28
398.4000000000002,10.598585026175977,3.988900648311548,3.017222103604592e+28
399.4000000000002,10.598309341341373,3.987736526710947,3.0142450437968286e+28
400.4000000000002,10.59803417905519,3.986575316822068,3.011278354933048e+28
401.4000000000002,10.597759537096497,3.985417003946391,3.0083219751184065e+28
402.4000000000002,10.597485413259246,3.98426157349638,3.0053758429804663e+28
403.4000000000002,10.597211805352144,3.9831090109943776,3.0024398976635008e+28
404.4000000000002,10.59693871119851,3.9819593020715036,2.9995140788228796e+28
405.4000000000002,10.596666128636146,3.980812432466568,2.9965983266195203e+28
406.4000000000002,10.596394055517205,3.9796683880249972,2.9936925817144235e+28
407.4000000000002,10.596122489708058,3.978527154697775,2.990796785263271e+28
408.4000000000002,10.595851429089171,3.977388718540404,2.9879108789111035e+28
409.4000000000002,10.595580871554972,3.9762530657118664,2.9850348047870624e+28
410.4000000000002,10.595310815013729,3.9751201824736024,2.9821685054992044e+28
411.4000000000002,10.595041257387424,3.973990055188507,2.979311924129382e+28
412.4000000000002,10.59477219661163,3.9728626703199335,2.9764650042281917e+28
413.4000000000002,10.594503630635392,3.9717380144307017,2.9736276898099904e+28
414.4000000000002,10.5942355574211,3.9706160741821406,2.9707999253479715e+28
415.4000000000002,10.593967974944382,3.969496836333123,2.9679816557693114e+28
416.4000000000002,10.593700881193975,3.9683802877391146,2.965172826450372e+28
417.4000000000002,10.593434274171614,3.9672664153512387,2.9623733832119727e+28
418.4000000000002,10.59316815189192,3.9661552062153618,2.9595832723147172e+28
419.4000000000002,10.59290251238228,3.9650466474711568,2.9568024404543823e+28
420.4000000000002,10.59263735368274,3.9639407263512285,2.9540308347573695e+28
421.4000000000002,10.592372673845892,3.9628374301801963,2.951268402776208e+28
422.4000000000002,10.592108470936765,3.96173674637383,2.9485150924851225e+28
423.4000000000002,10.591844743032715,3.9606386624381704,2.9457708522756503e+28
424.4000000000002,10.591581488223317,3.9595431659686713,2.943035630952321e+28
425.4000000000002,10.591318704610265,3.9584502446493475,2.9403093777283866e+28
426.4000000000002,10.591056390307257,3.957359886251938,2.9375920422216065e+28
427.4000000000002,10.590794543439902,3.9562720786350765,2.9348835744500862e+28
428.4000000000002,10.590533162145608,3.955186809743463,2.9321839248281683e+28
429.4000000000002,10.590272244573486,3.9541040676070605,2.929493044162376e+28
430.4000000000002,10.590011788884247,3.9530238403402915,2.926810883647407e+28
431.4000000000002,10.589751793250105,3.9519461161412446,2.9241373948621737e+28
432.4000000000002,10.589492255854676,3.950870883290894,2.9214725297659015e+28
433.4000000000002,10.589233174892884,3.9497981301523306,2.9188162406942662e+28
434.4000000000002,10.58897454857086,3.9487278451699805,2.9161684803555857e+28
435.4000000000002,10.588716375105852,3.9476600168688702,2.9135292018270574e+28
436.4000000000002,10.588458652726128,3.946594633853869,2.91089835855104e+28
437.4000000000002,10.588201379670885,3.945531684808948,2.9082759043313835e+28
438.4000000000002,10.58794455419015,3.9444711584964542,2.905661793329804e+28
439.4000000000002,10.587688174544702,3.943413043756394,2.9030559800623033e+28
440.4000000000002,10.587432239005969,3.9423573295057106,2.9004584193956294e+28
441.4000000000002,10.587176745855945,3.9413040047375865,2.897869066543787e+28
442.4000000000002,10.586921693387103,3.9402530585207387,2.895287877064581e+28
443.4000000000002,10.586667079902302,3.939204479998741,2.8927148068562113e+28
444.4000000000002,10.586412903714708,3.9381582583893344,2.890149812153904e+28
445.4000000000002,10.5861591631477,3.937114382983752,2.8875928495265834e+28
446.4000000000002,10.585905856534794,3.936072843146059,2.8850438758735868e+28
447.4000000000002,10.585652982219552,3.9350336283124903,2.882502848421415e+28
448.4000000000002,10.585400538555506,3.9339967279908086,2.8799697247205293e+28
449.4000000000002,10.585148523906069,3.932962131759643,2.8774444626421747e+28
450.4000000000002,10.58489693664446,3.93192982926787,2.874927020375255e+28
451.4000000000002,10.584645775153621,3.9308998102339774,2.8724173564232347e+28
452.4000000000002,10.58439503782614,3.929872064445444,2.869915429601085e+28
453.4000000000002,10.584144723064162,3.9288465817581146,2.8674211990322595e+28
454.4000000000002,10.583894829279329,3.927823352095606,2.864934624145712e+28
455.4000000000002,10.583645354892687,3.9268023654486948,2.8624556646729468e+28
456.4000000000002,10.58339629833462,3.925783611874733,2.8599842806451027e+28
457.4000000000002,10.58314765804477,3.924767081497044,2.8575204323900734e+28
458.4000000000002,10.58289943247196,3.9237527645043535,2.8550640805296623e+28
459.4000000000002,10.58265162007413,3.9227406511502116,2.852615185976769e+28
460.4000000000002,10.58240421931825,3.921730731752419,2.8501737099326074e+28
461.4000000000002,10.58215722868026,3.9207229966924673,2.8477396138839617e+28
462.4000000000002,10.581910646644989,3.919717436414979,2.845312859600469e+28
463.4000000000002,10.581664471706093,3.9187140414271635,2.8428934091319362e+28
464.4000000000002,10.581418702365978,3.917712802298268,2.8404812248056876e+28
465.4000000000002,10.58117333713573,3.916713709659031,2.8380762692239425e+28
466.4000000000002,10.580928374535054,3.915716754201164,2.8356785052612255e+28
467.4000000000002,10.580683813092195,3.9147219266768123,2.8332878960618025e+28
468.4000000000002,10.58043965134388,3.91372921789804,2.8309044050371518e+28
469.4000000000002,10.580195887835247,3.9127386187363093,2.828527995863458e+28
470.4000000000002,10.579952521119779,3.911750120121976,2.8261586324791403e+28
471.4000000000002,10.57970954975924,3.910763713043779,2.823796279082407e+28
472.4000000000002,10.579466972323607,3.9097793885483387,2.821440900128834e+28
473.4000000000002,10.57922478739101,3.9087971377396706,2.8190924603289802e+28
474.4000000000002,10.578982993547667,3.907816951778695,2.816750924646019e+28
475.4000000000002,10.57874158938782,3.90683882188274,2.814416258293406e+28
476.4000000000002,10.578500573513672,3.905862739325082,2.812088426732567e+28
477.4000000000002,10.578259944535331,3.90488869543446,2.809767395670614e+28
478.4000000000002,10.57801970107074,3.9039166815946067,2.807453131058091e+28
479.4000000000002,10.577779841745627,3.9029466892437963,2.8051455990867357e+28
480.4000000000002,10.577540365193435,3.9019787098743666,2.8028447661872767e+28
481.4000000000002,10.577301270055269,3.9010127350322836,2.8005505990272493e+28
482.4000000000002,10.577062554979834,3.9000487563166772,2.798263064508837e+28
483.4000000000002,10.576824218623383,3.8990867653794115,2.795982129766738e+28
484.4000000000002,10.57658625964965,3.898126753924631,2.7937077621660544e+28
485.4000000000002,10.5763486767298,3.8971687137083313,2.7914399293002047e+28
486.4000000000002,10.576111468542372,3.8962126365379297,2.7891785989888615e+28
487.4000000000002,10.575874633773221,3.8952585142718403,2.78692373927591e+28
488.4000000000002,10.575638171115461,3.894306338819039,2.784675318427429e+28
489.4000000000002,10.575402079269416,3.893356102138668,2.782433304929695e+28
490.4000000000002,10.57516635694256,3.892407796239598,2.7801976674872096e+28
491.4000000000002,10.574931002849466,3.891461413180041,2.7779683750207453e+28
492.4000000000002,10.574696015711751,3.890516945067127,2.7757453966654145e+28
493.4000000000002,10.574461394258027,3.889574384056516,2.7735287017687618e+28
494.4000000000002,10.574227137223843,3.8886337223520004,2.7713182598888715e+28
495.4000000000002,10.57399324335164,3.8876949522051034,2.769114040792502e+28
496.4000000000002,10.573759711390693,3.886758065914693,2.7669160144532366e+28
497.4000000000002,10.573526540097065,3.8858230558266134,2.7647241510496552e+28
498.4000000000002,10.573293728233553,3.8848899143332765,2.7625384209635263e+28
499.4000000000002,10.57306127456964,3.8839586338733025,2.7603587947780177e+28
500.4000000000002,10.57282917788145,3.88302920693115,2.758185243275928e+28
501.4000000000002,10.57259743695169,3.8821016260367363,2.756017737437935e+28
502.4000000000002,10.572366050569611,3.8811758837650774,2.7538562484408664e+28
503.4000000000002,10.57213501753095,3.88025197273592,2.7517007476559826e+28
504.4000000000002,10.57190433663789,3.8793298856133895,2.7495512066472865e+28
505.4000000000002,10.571674006699013,3.8784096151056313,2.747407597169843e+28
506.4000000000002,10.571444026529248,3.877491153964468,2.7452698911681235e+28
507.4000000000002,10.571214394949827,3.8765744949850327,2.7431380607743626e+28
508.4000000000002,10.570985110788245,3.8756596310054507,2.741012078306936e+28
509.4000000000002,10.570756172878204,3.874746554906473,2.738891916268751e+28
510.4000000000002,10.570527580059576,3.873835259611156,2.736777547345662e+28
511.4000000000002,10.570299331178356,3.87292573808452,2.7346689444048923e+28
512.4000000000002,10.570071425086619,3.8720179833332224,2.7325660804934824e+28
513.4000000000002,10.569843860642472,3.871111988405223,2.7304689288367474e+28
514.4000000000002,10.569616636710014,3.870207746389467,2.728377462836754e+28
515.4000000000002,10.569389752159298,3.8693052504155605,2.7262916560708135e+28
516.4000000000002,10.569163205866275,3.8684044936534496,2.72421148228999e+28
517.4000000000002,10.568936996712766,3.8675054693131132,2.7221369154176223e+28
518.4000000000002,10.568711123586414,3.8666081706442457,2.720067929547865e+28
519.4000000000002,10.568485585380639,3.8657125909359413,2.7180044989442413e+28
520.4000000000002,10.568260380994603,3.8648187235164038,2.715946598038212e+28
521.4000000000002,10.568035509333168,3.8639265617526304,2.713894201427761e+28
522.4000000000002,10.567810969306851,3.8630360990501162,2.7118472838759924e+28
523.4000000000002,10.567586759831793,3.8621473288525587,2.709805820309745e+28
524.4000000000002,10.567362879829709,3.8612602446415623,2.707769785818217e+28
525.4000000000002,10.567139328227858,3.860374839936346,2.7057391556516108e+28
526.4000000000002,10.566916103958999,3.8594911082934535,2.7037139052197864e+28
527.4000000000002,10.56669320596135,3.8586090433064695,2.7016940100909303e+28
528.4000000000002,10.56647063317856,3.8577286386057392,2.699679445990239e+28
529.4000000000002,10.566248384559657,3.856849887858079,2.6976701887986144e+28
530.4000000000002,10.566026459059023,3.855972784766508,2.695666214551376e+28
531.4000000000002,10.56580485563635,3.855097323069966,2.693667499436978e+28
532.4000000000002,10.565583573256603,3.8542234965430473,2.69167401979575e+28
533.4000000000002,10.565362610889988,3.853351298995721,2.689685752118642e+28
534.4000000000002,10.565141967511911,3.8524807242730765,2.687702673045988e+28
535.4000000000002,10.564921642102947,3.851611766255051,2.6857247593662753e+28
536.4000000000002,10.564701633648799,3.8507444188561664,2.6837519880149352e+28
537.4000000000002,10.564481941140265,3.84987867602527,2.6817843360731373e+28
538.4000000000002,10.564262563573205,3.8490145317452797,2.6798217807666014e+28
539.4000000000002,10.564043499948504,3.8481519800329242,2.677864299464418e+28
540.4000000000002,10.563824749272035,3.847291014938492,2.675911869677883e+28
541.4000000000002,10.563606310554635,3.8464316305455912,2.673964469059342e+28
542.4000000000002,10.563388182812057,3.8455738209708796,2.6720220754010487e+28
543.4000000000002,10.563170365064948,3.8447175803638403,2.6700846666340304e+28
544.4000000000002,10.562952856338812,3.843862902906526,2.668152220826971e+28
545.4000000000002,10.562735655663976,3.843009782813324,2.666224716185097e+28
546.4000000000002,10.562518762075557,3.8421582143307096,2.6643021310490838e+28
547.4000000000002,10.56230217461343,3.8413081917370167,2.6623844438939625e+28
548.4000000000002,10.5620858923222,3.840459709342201,2.6604716333280477e+28
549.4000000000002,10.561869914251165,3.8396127614876088,2.6585636780918686e+28
550.4000000000002,10.561654239454286,3.8387673425457414,2.656660557057112e+28
551.4000000000002,10.561438866990159,3.837923446920034,2.654762249225581e+28
552.4000000000002,10.561223795921975,3.8370810690446215,2.6528687337281522e+28
553.4000000000002,10.561009025317503,3.836240203384123,2.650979989823758e+28
554.4000000000002,10.560794554249046,3.8354008444334142,2.649095996898366e+28
555.4000000000002,10.56058038179342,3.834562986717408,2.6472167344639764e+28
556.4000000000002,10.560366507031919,3.8337266247908395,2.645342182157623e+28
557.4000000000002,10.56015292905029,3.8328917532380484,2.6434723197403904e+28
558.4000000000002,10.559939646938696,3.83205836667276,2.641607127096437e+28
559.4000000000002,10.559726659791695,3.8312264597378767,2.639746584232025e+28
560.4000000000002,10.559513966708206,3.830396027105276,2.637890671274565e+28
561.4000000000002,10.559301566791481,3.829567063475584,2.636039368471667e+28
562.4000000000002,10.55908945914908,3.8287395635779893,2.6341926561902004e+28
563.4000000000002,10.558877642892838,3.827913522170024,2.632350514915363e+28
564.4000000000002,10.55866611713884,3.827088934037363,2.6305129252497605e+28
565.4000000000002,10.558454881007389,3.826265793993627,2.628679867912493e+28
566.4000000000002,10.558243933622986,3.8254440968801817,2.62685132373825e+28
567.4000000000002,10.558033274114297,3.824623837565943,2.6250272736764177e+28
568.4000000000002,10.557822901614125,3.8238050109471695,2.6232076987901865e+28
569.4000000000002,10.55761281525939,3.8229876119472888,2.6213925802556785e+28
570.4000000000002,10.557403014191092,3.822171635516685,2.619581899361074e+28
571.4000000000002,10.557193497554294,3.821357076632522,2.617775637505748e+28
572.4000000000002,10.556984264498093,3.8205439302985473,2.6159737761994195e+28
573.4000000000002,10.55677531417559,3.8197321915449085,2.614176297061304e+28
574.4000000000002,10.556566645743871,3.8189218554279667,2.6123831818192745e+28
575.4000000000002,10.556358258363973,3.8181129170301085,2.610594412309033e+28
576.4000000000002,10.556150151200868,3.81730537145957,2.6088099704732867e+28
577.4000000000002,10.555942323423428,3.816499213850253,2.6070298383609342e+28
578.4000000000002,10.555734774204412,3.815694439361546,2.6052539981262585e+28
579.4000000000002,10.555527502720429,3.8148910431781475,2.6034824320281274e+28
580.4000000000002,10.55532050815192,3.8140890205098885,2.6017151224292e+28
581.4000000000002,10.555113789683137,3.81328836659156,2.5999520517951434e+28
582.4000000000002,10.554907346502107,3.8124890766827346,2.5981932026938557e+28
583.4000000000002,10.554701177800622,3.8116911460676044,2.5964385577946928e+28
584.4000000000002,10.554495282774205,3.8108945700548023,2.5946880998677087e+28
585.4000000000002,10.554289660622093,3.810099343977239,2.592941811782897e+28
586.4000000000002,10.554084310547207,3.80930546319193,2.5911996765094426e+28
587.4000000000002,10.553879231756136,3.8085129230798365,2.589461677114979e+28
588.4000000000002,10.553674423459109,3.8077217190456962,2.587727796764853e+28
589.4000000000002,10.55346988486997,3.8069318465178594,2.5859980187213954e+28
590.4000000000002,10.553265615206168,3.806143300948138,2.5842723263432003e+28
591.4000000000002,10.553061613688719,3.8053560778116355,2.5825507030844082e+28
592.4000000000002,10.55285787954219,3.8045701726065833,2.5808331324939953e+28
593.4000000000002,10.552654411994679,3.8037855808541994,2.5791195982150766e+28
594.4000000000002,10.552451210277791,3.803002298098518,2.577410083984203e+28
595.4000000000002,10.552248273626617,3.802220319906244,2.575704573630676e+28
596.4000000000002,10.552045601279712,3.8014396418665957,2.5740030510758615e+28
597.4000000000002,10.55184319247907,3.8006602595911474,2.5723055003325145e+28
598.4000000000002,10.551641046470111,3.7998821687136894,2.5706119055041055e+28
599.4000000000002,10.55143916250165,3.799105364890067,2.5689222507841574e+28
600.4000000000002,10.551237539825884,3.7983298437980455,2.5672365204555834e+28
601.4000000000002,10.55103617769837,3.7975556011371534,2.5655546988900364e+28
602.4000000000002,10.550835075377998,3.796782632628535,2.5638767705472602e+28
603.4000000000002,10.55063423212698,3.7960109340148125,2.5622027199744474e+28
604.4000000000002,10.550433647210822,3.795240501059942,2.5605325318056037e+28
605.4000000000002,10.550233319898307,3.794471329549065,2.558866190760917e+28
606.4000000000002,10.550033249461478,3.793703415288374,2.557203681646135e+28
607.4000000000002,10.54983343517561,3.7929367541049674,2.5555449893519416e+28
608.4000000000002,10.5496338763192,3.792171341846716,2.553890098853348e+28
609.4000000000002,10.549434572173938,3.7914071743821167,2.5522389952090815e+28
610.4000000000002,10.549235522024697,3.7906442476001696,2.5505916635609817e+28
611.4000000000002,10.549036725159507,3.7898825574102326,2.5489480891334064e+28
612.4000000000002,10.54883818086954,3.7891220997418915,2.5473082572326366e+28
613.4000000000002,10.548639888449086,3.788362870544821,2.54567215324629e+28
614.4000000000002,10.548441847195543,3.7876048657886616,2.544039762642739e+28
615.4000000000002,10.548244056409386,3.786848081462878,2.5424110709705348e+28
616.4000000000002,10.54804651539416,3.7860925135766434,2.5407860638578334e+28
617.4000000000002,10.547849223456456,3.785338158158692,2.539164727011832e+28
618.4000000000002,10.547652179905894,3.7845850112572132,2.5375470462182036e+28
619.4000000000002,10.547455384055104,3.7838330689397055,2.5359330073405423e+28
620.4000000000002,10.547258835219706,3.783082327292858,2.534322596319812e+28
621.4000000000002,10.547062532718302,3.782332782422435,2.532715799173796e+28
622.4000000000002,10.546866475872447,3.7815844304531403,2.5311126019965568e+28
623.4000000000002,10.546670664006635,3.780837267528494,2.529512990957897e+28
624.4000000000002,10.546475096448283,3.7800912898107155,2.527916952302828e+28
625.4000000000002,10.546279772527715,3.779346493480609,2.5263244723510398e+28
626.4000000000002,10.546084691578141,3.7786028747374316,2.524735537496375e+28
627.4000000000002,10.545889852935643,3.7778604297987837,2.5231501342063138e+28
628.4000000000002,10.545695255939155,3.7771191549004817,2.5215682490214556e+28
629.4000000000002,10.54550089993045,3.776379046296454,2.519989868555009e+28
630.4000000000002,10.545306784254125,3.7756401002586157,2.5184149794922853e+28
631.4000000000002,10.545112908257574,3.7749023130767556,2.5168435685901982e+28
632.4000000000002,10.544919271290983,3.774165681058423,2.5152756226767633e+28
633.4000000000002,10.544725872707309,3.7734302005288125,2.5137111286506076e+28
634.4000000000002,10.544532711862264,3.7726958678306577,2.5121500734804772e+28
635.4000000000002,10.5443397881143,3.7719626793241123,2.5105924442047534e+28
636.4000000000002,10.544147100824592,3.7712306313866453,2.509038227930975e+28
637.4000000000002,10.54395464935702,3.770499720412926,2.5074874118353542e+28
638.4000000000002,10.543762433078163,3.7697699428147216,2.5059399831623105e+28
639.4000000000002,10.543570451357267,3.7690412950207834,2.504395929224e+28
640.4000000000002,10.543378703566246,3.768313773476744,2.502855237399846e+28
641.4000000000002,10.543187189079656,3.76758737464501,2.501317895136085e+28
642.4000000000002,10.542995907274685,3.7668620950046536,2.4997838899453054e+28
643.4000000000002,10.542804857531136,3.766137931051314,2.498253209405993e+28
644.4000000000002,10.542614039231411,3.7654148792970883,2.4967258411620856e+28
645.4000000000002,10.542423451760499,3.76469293627043,2.4952017729225236e+28
646.4000000000002,10.542233094505956,3.763972098516047,2.4936809924608094e+28
647.4000000000002,10.542042966857899,3.7632523625948022,2.4921634876145695e+28
648.4000000000002,10.541853068208983,3.762533725083614,2.4906492462851186e+28
649.4000000000002,10.541663397954391,3.76181618257535,2.489138256437029e+28
650.4000000000002,10.541473955491817,3.7610997316787333,2.4876305060977046e+28
651.4000000000002,10.541284740221455,3.760384369018243,2.4861259833569526e+28
652.4000000000002,10.541095751545983,3.759670091234022,2.4846246763665688e+28
653.4000000000002,10.540906988870548,3.758956894981767,2.483126573339915e+28
654.4000000000002,10.540718451602752,3.758244776932645,2.4816316625515104e+28
655.4000000000002,10.54053013915264,3.757533733773192,2.4801399323366176e+28
656.4000000000002,10.540342050932688,3.756823762205223,2.4786513710908374e+28
657.4000000000002,10.540154186357784,3.756114858945735,2.477165967269706e+28
658.4000000000002,10.539966544845216,3.755407020726813,2.4756837093882927e+28
659.4000000000002,10.539779125814663,3.75470024429554,2.4742045860208065e+28
660.4000000000002,10.539591928688175,3.7539945264139014,2.472728585800198e+28
661.4000000000002,10.539404952890168,3.7532898638587078,2.4712556974177725e+28
662.4000000000002,10.5392181978474,3.752586253421483,2.469785909622802e+28
672.4000000000002,10.537362664497886,3.745607320023903,2.4552561295090176e+28
682.4000000000002,10.535528593050492,3.7387301750713497,2.4410244483424882e+28
692.4000000000002,10.53371544704013,3.731951839629522,2.4270805144701215e+28
702.4000000000002,10.531922710816913,3.7252694638809913,2.4134144785904636e+28
712.4000000000002,10.530149888456734,3.71868031976952,2.400016962636634e+28
722.4000000000002,10.528396502743249,3.712181794160635,2.386879030992544e+28
732.4000000000002,10.52666209421566,3.7057713824756204,2.373992163837855e+28
742.4000000000002,10.524946220277197,3.6994466827601125,2.3613482324375676e+28
752.4000000000002,10.5232484543597,3.69320539015225,2.3489394762103235e+28
762.4000000000002,10.521568385140041,3.6870452917184644,2.336758481425627e+28
772.4000000000002,10.519905615804557,3.6809642616280205,2.3247981613946215e+28
782.4000000000002,10.51825976335797,3.6749602566399804,2.313051738031884e+28
792.4000000000002,10.516630457973568,3.6690313118786637,2.3015127246771654e+28
802.4000000000002,10.5150173423817,3.663175536875721,2.290174910076313e+28
812.4000000000002,10.51342007129388,3.6573911118589235,2.2790323434297862e+28
822.4000000000002,10.511838310860004,3.6516762842694215,2.268079320425452e+28
832.4000000000002,10.51027173815643,3.6460293654908327,2.257310370179783e+28
842.4000000000002,10.508720040702777,3.6404487277748503,2.246720243018251e+28
852.4000000000002,10.507182916005545,3.6349328013494184,2.236303899031745e+28
862.4000000000002,10.505660071126764,3.6294800716965963,2.226056497351272e+28
872.4000000000002,10.504151222276002,3.624089076988298,2.21597338608811e+28
882.4000000000002,10.502656094424268,3.6187584056690856,2.2060500928910322e+28
892.4000000000002,10.501174420938337,3.6134866941759602,2.196282316076229e+28
902.4000000000002,10.499705943234261,3.608272624785993,2.1866659162892237e+28
912.4000000000002,10.498250410448815,3.603114923583262,2.1771969086613608e+28
922.4000000000002,10.49680757912779,3.5980123585372494,2.1678714554264867e+28
932.4000000000002,10.495377212930084,3.5929637376854595,2.1586858589661456e+28
942.4000000000002,10.493959082346638,3.5879679074135415,2.1496365552541373e+28
952.4000000000002,10.492552964433326,3.583023750826716,2.1407201076735247e+28
962.4000000000002,10.491158642556945,3.578130186206728,2.1319332011812817e+28
972.4000000000002,10.489775906153572,3.5732861655490247,2.1232726367976407e+28
982.4000000000002,10.488404550498533,3.5684906731751918,2.1147353263989457e+28
992.4000000000002,10.487044376487328,3.56374272441603,2.1063182877943984e+28
1002.4000000000002,10.485695772449985,3.5590425443105884,2.0920587810596125e+28
1012.4000000000002,10.484368021059703,3.5544084147165345,2.059492152670473e+28
1022.4000000000002,10.483064806402732,3.5498473011447453,2.027745159385728e+28
1032.4,10.48178541562114,3.54535727235221,1.996789455315863e+28
1042.4,10.480529163821299,3.540936467714558,1.9665979366576737e+28
1052.4,10.479295392700942,3.536583093954531,1.9371446760137458e+28
1062.4,10.478083469256822,3.532295422053032,1.9084048607689678e+28
1072.4,10.47689278456745,3.528071784330848,1.8803547352380945e+28
1082.4,10.475722752645908,3.5239105716900965,1.8529715463209593e+28
1092.4,10.474572809358001,3.5198102310051684,1.826233492422595e+28
1102.4,10.47344241140148,3.5157692626537482,1.800119675414344e+28
1112.4,10.472331035342304,3.5117862181791235,1.7746100554292786e+28
1122.4,10.471238176704253,3.5078596980756434,1.7496854083010057e+28
1132.4,10.470163349108471,3.5039883496897675,1.7253272854693602e+28
1142.4,10.469106083459755,3.5001708652296593,1.7015179761897145e+28
1152.4,10.468065927176635,3.4964059798767817,1.6782404718947566e+28
1162.4,10.467042443462532,3.492692469993383,1.6554784325687212e+28
1172.4,10.466035210615416,3.4890291514202056,1.6332161550042743e+28
1182.4,10.465043821373635,3.485414877859097,1.6114385428216542e+28
1192.4,10.464067882295696,3.4818485393356173,1.5901310781383081e+28
1202.4,10.463107013171953,3.478329060736977,1.5692797947852291e+28
1212.4,10.4621608464663,3.474855400421019,1.548871252973509e+28
1222.4,10.461229026786093,3.4714265488922362,1.5288925153214026e+28
1232.4,10.460311210378627,3.468041527540996,1.5093311241584065e+28
1242.4,10.459407064652657,3.464699387442515,1.490175080028624e+28
1252.4,10.458516267723464,3.461399208212203,1.471412821320998e+28
1262.4,10.457638507980173,3.4581400969143576,1.4530332049588938e+28
1272.4,10.45677348367402,3.454921187021256,1.4350254880860746e+28
1282.4,10.45592090252641,3.4517416374199366,1.4173793106902982e+28
1292.4,10.455080481355644,3.4486006314641253,1.400084679109667e+28
1302.4,10.454251945721303,3.445497376068909,1.3831319503704674e+28
1312.4,10.453435029585288,3.442431100845872,1.3665118173085748e+28
1322.4,10.45262947498864,3.4394010572766485,1.3502152944296122e+28
1332.4,10.451835031743268,3.4364065179228165,1.3342337044659176e+28
1342.4,10.451051457137778,3.4334467756703138,1.3185586655910638e+28
1352.4,10.450278515656677,3.4305211430066214,1.3031820792551491e+28
1362.4,10.449515978712228,3.4276289513290052,1.2880961186063926e+28
1372.4,10.448763624388286,3.424769550282302,1.2732932174667207e+28
1382.4,10.448021237195517,3.421942307124743,1.25876605983103e+28
1392.4,10.447288607837383,3.4191466061204503,1.2445075698616753e+28
1402.4,10.44656553298636,3.416381847957268,1.230510902351468e+28
1412.4,10.445851815069874,3.413647449188722,1.2167694336300991e+28
1422.4,10.445147262065431,3.410942841698907,1.2032767528903923e+28
1432.4,10.444451687304529,3.4082674721892277,1.1900266539122248e+28
1442.4,10.443764909284871,3.4056208016859317,1.1770131271632516e+28
1452.4,10.443086751490497,3.403002305067446,1.1642303522568126e+28
1462.4,10.442417042219432,3.4004114706106003,1.151672690748536e+28
1472.4,10.441755614418492,3.3978477995548477,1.1393346792542459e+28
1482.4,10.441102305524895,3.39531080568363,1.1272110228727665e+28
1492.4,10.440456957314366,3.3928000149221367,1.115296588898173e+28
1502.4,10.4398194157554,3.3903149649506616,1.1035864008069077e+28
1512.4,10.439189530869415,3.38785520483288,1.0920756325060178e+28
1522.4,10.438567156596509,3.385420294658358,1.0807596028295296e+28
1532.4,10.437952150666561,3.383009805198667,1.0696337702707161e+28
1542.4,10.437344374475424,3.3806233175764824,1.058693727938678e+28
1552.4,10.436743692965983,3.378260422947104,1.0479351987283142e+28
1562.4,10.436149974513846,3.3759207221918475,1.0373540306933392e+28
1572.4,10.435563090817467,3.373603825622782,1.0269461926125833e+28
1582.4,10.434982916792498,3.3713093526983404,1.0167077697403289e+28
1592.4,10.434409330470176,3.3690369317493283,1.0066349597319433e+28
1602.4,10.433842212899568,3.366786199714844,9.96724068736522e+27
1612.4,10.43328144805351,3.364556801887775,9.869715076487166e+27
1622.4,10.432726922738059,3.3623483916693724,9.77373788512309e+27
1632.4,10.432178526505332,3.360160630332591,9.679275210685122e+27
1642.4,10.43163615156956,3.357993186793796,9.586294094423173e+27
1652.4,10.43109969272623,3.355845737392496,9.494762489605735e+27
1662.4,10.430569047274183,3.353717965678767,9.404649230957993e+27
1672.4,10.430044114940538,3.3516095622080684,9.315924005300397e+27
1682.4,10.429524797808323,3.349520224343132,9.22855732333367e+27
1692.4,10.429011000246708,3.3474496560626497,9.142520492518997e+27
1702.4,10.428502628843711,3.3453975677764736,9.057785591004722e+27
1712.4,10.427999592341301,3.343363676147093,8.974325442553306e+27
1722.4,10.427501801572776,3.3413477039171107,8.892113592424567e+27
1732.4,10.42700916940233,3.3393493797424876,8.811124284173476e+27
1742.4,10.426521610666732,3.3373684380313513,8.731332437322742e+27
1752.4,10.42603904211901,3.3354046187881288,8.652713625872443e+27
1762.4,10.425561382374074,3.333457667462805,8.575244057610737e+27
1772.4,10.425088551856197,3.331527334805101,8.498900554191452e+27
1782.4,10.424620472748277,3.3296133767233957,8.423660531945997e+27
1792.4,10.424157068942815,3.327715554148217,8.349501983398597e+27
1802.4,10.423698265994533,3.3258336329000913,8.276403459455288e+27
1812.4,10.423243991074576,3.323967383561638,8.204344052238583e+27
1822.4,10.422794172926237,3.322116581353711,8.133303378540952e+27
1832.4,10.422348741822129,3.3202810060154544,8.063261563871578e+27
1842.4,10.42190762952278,3.318460441688128,7.994199227072023e+27
1852.4,10.421470769236562,3.316654676802546,7.926097465477542e+27
1862.4,10.421038095580927,3.3148635039700287,7.858937840601875e+27
1872.4,10.420609544544895,3.3130867198767016,7.792702364324379e+27
1882.4,10.420185053452736,3.3113241251810583,7.727373485559259e+27
1892.4,10.419764560928817,3.3095755244146297,7.66293407738766e+27
1902.4,10.419348006863567,3.3078407258856926,7.599367424634178e+27
1912.4,10.418935332380505,3.306119541585868,7.536657211870198e+27
1922.4,10.418526479804306,3.3044117870995278,7.474787511827293e+27
1932.4,10.418121392629871,3.3027172815159123,7.41374277420455e+27
1942.4,10.417720015492344,3.301035847343862,7.353507814854555e+27
1952.4,10.417322294138065,3.2993673104290586,7.294067805333297e+27
1962.4,10.41692817539641,3.2977114998737145,7.235408262799968e+27
1972.4,10.416537607152486,3.2960682479585866,7.177515040253266e+27
1982.4,10.416150538320666,3.294437390067287,7.120374317091284e+27
1992.4,10.415766918818916,3.292818764612767,7.063972589982772e+27
2002.4,10.415386699543893,3.2912122129659167,7.008296664037932e+27
2012.4,10.415009832346795,3.2896175793862237,6.95333364426752e+27
2022.4,10.414636270009918,3.2880347109543804,6.899070927319453e+27
2032.4,10.414265966223917,3.286463457506838,6.845496193482579e+27
2042.4,10.413898875565732,3.2849036715721756,6.792597398947723e+27
2052.4,10.413534953477157,3.2833552083092696,6.7403627683165e+27
2062.4,10.413174156244045,3.2818179254471875,6.688780787348821e+27
2072.4,10.4128164409761,3.280291683226745,6.637840195940361e+27
2082.4,10.412461765587262,3.278776344343684,6.587529981321632e+27
2092.4,10.412110088776659,3.277271773893421,6.537839371470642e+27
2102.4,10.411761370010092,3.27577783931729,6.48875782873146e+27
2112.4,10.41141556950205,3.2742944103502585,6.440275043631294e+27
2122.4,10.411072648198243,3.2728213589700674,6.392380928889008e+27
2132.4,10.410732567758602,3.2713585593477204,6.345065613608279e+27
2142.4,10.410395290540794,3.2699058877993377,6.298319437648885e+27
2152.4,10.410060779584155,3.2684632227392516,6.252132946169829e+27
2162.4,10.409728998594098,3.267030444634392,6.206496884338305e+27
2172.4,10.409399911926936,3.2656074359598453,6.161402192198735e+27
2182.4,10.409073484575133,3.264194081155602,6.116839999696294e+27
2192.4,10.408749682152944,3.262790266584429,6.072801621849614e+27
2202.4,10.408428470882459,3.261395880490842,6.029278554067536e+27
2212.4,10.408109817580018,3.260010812961145,5.986262467604964e+27
2222.4,10.407793689642993,3.2586349558845025,5.943745205153105e+27
2232.4,10.40748005503693,3.2572682029150073,5.901718776559519e+27
2242.4,10.40716888228302,3.2559104494347277,5.860175354673618e+27
2252.4,10.406860140445925,3.2545615925176814,5.819107271313366e+27
2262.4,10.406553799121905,3.2532215308947494,5.778507013349153e+27
2272.4,10.40624982842727,3.251890164919444,5.738367218900928e+27
2282.4,10.405948198987131,3.250567396534558,5.698680673644838e+27
2292.4,10.40564888192444,3.2492531292396367,5.659440307225738e+27
2302.4,10.40535184884933,3.2479472680592787,5.620639189772125e+27
2312.4,10.40505707184871,3.246649719512196,5.582270528510109e+27
2322.4,10.40476452347614,3.245360391581056,5.544327664473218e+27
2332.4,10.40447417674197,3.2440791936830564,5.5068040693049e+27
2342.4,10.404186005103716,3.242806036641227,5.46969334215076e+27
2352.4,10.403899982456691,3.241540832656426,5.432989206637607e+27
2362.4,10.403616083124872,3.240283495280009,5.396685507936555e+27
2372.4,10.403334281851993,3.2390339393871717,5.360776209907492e+27
2382.4,10.40305455379287,3.2377920811509258,5.325255392322312e+27
2392.4,10.402776874504925,3.2365578380166884,5.290117248164446e+27
2402.4,10.402501219939941,3.2353311286774993,5.255356081002266e+27
2412.4,10.402227566436009,3.2341118730498,5.220966302434044e+27
2422.4,10.401955890709676,3.23289999224981,5.186942429602256e+27
2432.4,10.401686169848286,3.23169540857044,5.15327908277503e+27
2442.4,10.40141838130251,3.230498045458755,5.11997098299269e+27
2452.4,10.401152502879047,3.229307827493954,5.087012949777378e+27
2462.4,10.400888512733525,3.228124680365883,5.054399898903802e+27
2472.4,10.400626389363547,3.226948530854013,5.022126840229256e+27
2482.4,10.400366111601919,3.2257793068069303,4.990188875581096e+27
2492.4,10.400107658610038,3.2246169371222795,4.958581196699914e+27
2502.4,10.399851009871433,3.223461351727173,4.9272990832367553e+27
2512.4,10.39959614518547,3.222312481559051,4.896337900802719e+27
2522.4,10.399343044661185,3.221170258546953,4.865693099069389e+27
2532.4,10.399091688711287,3.2200346155932413,4.8353602099185607e+27
2542.4,10.398842058046286,3.218905486555715,4.805334845639817e+27
2552.4,10.398594133668759,3.2177828062301312,4.775612697174508e+27
2562.4,10.398347896867753,3.216666510333111,4.746189532404785e+27
2572.4,10.398103329213319,3.215556535485435,4.717061194486345e+27
2582.4,10.397860412551164,3.2144528191956945,4.6882236002236225e+27
2592.4,10.397619128997441,3.2133552998443182,4.6596727384861694e+27
2602.4,10.397379460933635,3.2122639166679336,4.631404668665041e+27
2612.4,10.397141391001588,3.211178609744075,4.60341551916802e+27
2622.4,10.396904902098626,3.21009931997624,4.5757014859525516e+27
2632.4,10.396669977372799,3.209025989079248,4.548258831095326e+27
2642.4,10.396436600218221,3.207958559564916,4.5210838813974295e+27
2652.4,10.396204754270526,3.206896974728058,4.494173027024075e+27
2662.4,10.39597442340242,3.205841178632782,4.467522720177908e+27
2672.4,10.395745591719326,3.2047911160990568,4.441129473804948e+27
2682.4,10.395518243555138,3.203746732689594,4.414989860332249e+27
2692.4,10.39529236346806,3.2027079746969926,4.3891005104363684e+27
2702.4,10.395067936236536,3.20167478913115,4.363458111841796e+27
2712.4,10.394844946855272,3.2006471237069474,4.3380594081485087e+27
2722.4,10.39462338053135,3.199624926832197,4.3129011976878256e+27
2732.4,10.394403222680413,3.198608147595825,4.2879803324057953e+27
2742.4,10.394184458922945,3.1975967357563038,4.263293716773347e+27
2752.4,10.393967075080628,3.196590641730344,4.238838306722467e+27
2762.4,10.393751057172771,3.195589816581789,4.214611108607694e+27
2772.4,10.393536391412828,3.1945942120107604,4.1906091781922403e+27
2782.4,10.393323064204974,3.193603780343011,4.1668296196580586e+27
2792.4,10.39311106214077,3.1926184745195085,4.1432695846392237e+27
2802.4,10.392900371995887,3.1916382480862198,4.119926271277979e+27
2812.4,10.392690980726906,3.1906630551841038,4.096796923302852e+27
2822.4,10.392482875468177,3.1896928505393105,4.0738788291282436e+27
2832.4,10.39227604352876,3.188727589453577,4.051169320974907e+27
2842.4,10.39207047238941,3.187767227794814,4.028665774010777e+27
2852.4,10.391866149699634,3.186811721987868,4.006365605511595e+27
2862.4,10.391663063274816,3.1858610290054923,3.984266274040812e+27
2872.4,10.391461201093387,3.1849151063594747,3.9623652786482623e+27
2882.4,10.391260551294064,3.183973912091954,3.9406601580871085e+27
2892.4,10.391061102173138,3.1830374047668917,3.919148490048592e+27
2902.4,10.390862842181829,3.182105543461732,3.897827890414105e+27
2912.4,10.390665759923678,3.1811782877592094,3.8766960125241584e+27
2922.4,10.39046984415201,3.1802555977393183,3.8557505464637815e+27
2932.4,10.390275083767431,3.1793374339714404,3.8349892183639496e+27
2942.4,10.390081467815389,3.1784237575066183,3.8144097897186187e+27
2952.4,10.389888985483774,3.17751452986999,3.794010056716965e+27
2962.4,10.389697626100578,3.1766097130533613,3.773787849590443e+27
2972.4,10.389507379131585,3.175709269507911,3.7537410319742886e+27
2982.4,10.389318234178123,3.1748131621370526,3.733867500283094e+27
2992.4,10.389130180974853,3.1739213542894236,3.714165183100098e+27
3002.4,10.388943209387595,3.1730338097519994,3.6946320405798544e+27
3012.4,10.388757309411211,3.172150492743347,3.675266063863932e+27
3022.4,10.388572471167523,3.171271367907008,3.6560652745093266e+27
3032.4,10.388388684903264,3.1703964003049965,3.637027723929263e+27
3042.4,10.38820594098808,3.1695255554114175,3.6181514928460804e+27
3052.4,10.388024229912567,3.1686587991062147,3.599434690755905e+27
3062.4,10.387843542286344,3.1677960976690276,3.5808754554048086e+27
3072.4,10.387663868836164,3.1669374177731573,3.5624719522761836e+27
3082.4,10.387485200404063,3.1660827264796567,3.544222374089045e+27
3092.4,10.387307527945543,3.165231991231514,3.526124940307004e+27
3102.4,10.387130842527787,3.164385179847948,3.508177896657642e+27
3112.4,10.386955135327913,3.163542260518815,3.49037951466204e+27
3122.4,10.38678039763126,3.1627032017991112,3.4727280911742117e+27
3132.4,10.3866066208297,3.161867972603566,3.455221947930208e+27
3142.4,10.38643379641999,3.161036542201348,3.4378594311066474e+27
3152.4,10.386261916002155,3.1602088802108623,3.4206389108884617e+27
3162.4,10.386090971277891,3.1593849565946304,3.403558781045621e+27
3172.4,10.385920954049007,3.1585647416542724,3.386617458518633e+27
3182.4,10.385751856215897,3.157748206025582,3.36981338301261e+27
3192.4,10.38558366977603,3.1569353206736706,3.353145016599688e+27
3202.4,10.385416386822481,3.1561260568882186,3.3366108433296125e+27
3212.4,10.385249999542477,3.155320386278797,3.320209368848295e+27
3222.4,10.385084500215982,3.1545182807702794,3.3039391200241514e+27
3232.4,10.384919881214293,3.153719712598324,3.2877986445820354e+27
3242.4,10.384756134998675,3.152924654304946,3.2717865107446034e+27
3252.4,10.384593254119014,3.152133078734158,3.2559013068809226e+27
3262.4,10.384431231212497,3.1513449590276954,3.2401416411621633e+27
3272.4,10.384270059002311,3.150560268620806,3.224506141224207e+27
3282.4,10.384109730296373,3.1497789812381174,3.208993453837017e+27
3292.4,10.383950237986074,3.1490010708895735,3.193602244580601e+27
3302.4,10.383791575045054,3.1482265118664445,3.178331197527441e+27
3312.4,10.383633734527994,3.1474552787374,3.163179014931212e+27
3322.4,10.38347670956943,3.1466873463446574,3.1481444169216664e+27
3332.4,10.38332049338259,3.1459226898001758,3.1332261412055407e+27
3342.4,10.383165079258244,3.145161284481947,3.118422942773341e+27
3352.4,10.38301046056359,3.144403106030314,3.103733593611882e+27
3362.4,10.382856630741138,3.143648130344375,3.089156882422447e+27
3372.4,10.382703583307636,3.142896333578443,3.074691614344441e+27
3382.4,10.382551311852996,3.1421476921385523,3.0603366106844144e+27
3392.4,10.38239981003925,3.1414021826790424,3.0460907086503454e+27
3402.4,10.382249071599519,3.1406597820991875,3.0319527610910485e+27
3412.4,10.382099090337006,3.1399204675398806,3.017921636240609e+27
3422.4,10.381949860123994,3.1391842163803783,3.003996217467726e+27
3432.4,10.381801374900876,3.1384510062350937,2.990175403029858e+27
3442.4,10.381653628675188,3.1377208149504425,2.97645810583206e+27
3452.4,10.381506615520673,3.136993620601751,2.9628432531904227e+27
3462.4,10.381360329576344,3.136269401490199,2.9493297865999917e+27
3472.4,10.381214765045579,3.1355481361398216,2.9359166615070906e+27
3482.4,10.38106991619522,3.134829803294556,2.9226028470859406e+27
3492.4,10.380925777354692,3.1341143819153436,2.9093873260194815e+27
3502.4,10.38078234291514,3.133401851177268,2.896269094284314e+27
3512.4,10.380639607328572,3.1326921904667495,2.8832471609396604e+27
3522.4,10.380497565107019,3.1319853793787664,2.870320547920273e+27
3532.4,10.380356210821718,3.13128139771415,2.857488289833188e+27
3542.4,10.380215539102299,3.1305802254769004,2.844749433758261e+27
3552.4,10.38007554463598,3.129881842871542,2.8321030390523876e+27
3562.4,10.379936222166796,3.1291862303005393,2.8195481771573407e+27
3572.4,10.379797566494819,3.128493368361746,2.807083931411143e+27
3582.4,10.379659572475404,3.127803237845886,2.7947093968629034e+27
3592.4,10.37952223501844,3.1271158197340796,2.7824236800910423e+27
3602.4,10.379385549087619,3.1264310951954153,2.770225899024831e+27
3612.4,10.379249509699713,3.1257490455845485,2.7581151827691873e+27
3622.4,10.379114111923863,3.1250696524393407,2.746090671432641e+27
3632.4,10.378979350880885,3.1243928974785486,2.734151515958421e+27
3642.4,10.378845221742573,3.1237187625995184,2.722296877958592e+27
3652.4,10.378711719731037,3.123047229875958,2.7105259295511717e+27
3662.4,10.378578840118022,3.122378281555697,2.6988378532001755e+27
3672.4,10.378446578224267,3.1217119000585205,2.6872318415585256e+27
3682.4,10.37831492941885,3.121048067974014,2.6757070973137654e+27
3692.4,10.378183889118565,3.1203867680594524,2.664262833036518e+27
3702.4,10.378053452787285,3.1197279832377043,2.652898271031642e+27
3712.4,10.377923615935357,3.119071696595193,2.641612643192016e+27
3722.4,10.377794374118997,3.118417891379867,2.6304051908549147e+27
3732.4,10.377665722939692,3.1177665509992134,2.619275164660904e+27
3742.4,10.377537658043618,3.1171176590182963,2.60822182441523e+27
3752.4,10.377410175121058,3.1164711991578224,2.5972444389516217e+27
3762.4,10.377283269905842,3.115827155292245,2.586342285998485e+27
3772.4,10.377156938174782,3.1151855114478817,2.575514652047423e+27
3782.4,10.377031175747126,3.1145462518010785,2.564760832224046e+27
3792.4,10.376905978484016,3.113909360676383,2.5540801301610177e+27
3802.4,10.376781342287956,3.1132748225447573,2.543471857873298e+27
3812.4,10.376657263102281,3.1126426220218084,2.532935335635542e+27
3822.4,10.37653373691065,3.112012743866055,2.5224698918615995e+27
3832.4,10.37641075973653,3.1113851729772075,2.5120748629860895e+27
3842.4,10.376288327642696,3.1107598943944854,2.5017495933479986e+27
3852.4,10.376166436730744,3.1101368932949547,2.4914934350762637e+27
3862.4,10.376045083140593,3.1095161549918755,2.4813057479773076e+27
3872.4,10.375924263050019,3.108897664933105,2.4711858994244815e+27
3882.4,10.375803972674175,3.10828140869949,2.461133264249379e+27
3892.4,10.375684208265133,3.1076673720033057,2.4511472246349887e+27
3902.4,10.375564966111419,3.107055540686706,2.441227170010646e+27
3912.4,10.375446242537572,3.106445900720201,2.4313724969487478e+27
3922.4,10.375328033903696,3.1058384382011583,2.4215826090632063e+27
3932.4,10.375210336605017,3.1052331393523076,2.411856916909591e+27
3942.4,10.375093147071464,3.1046299905202988,2.4021948378869442e+27
3952.4,10.374976461767238,3.104028978174254,2.3925957961412253e+27
3962.4,10.374860277190393,3.103430088904347,2.38305922247036e+27
3972.4,10.374744589872428,3.1028333094204053,2.3735845542308594e+27
3982.4,10.37462939637788,3.102238626550542,2.3641712352459842e+27
3992.4,10.374514693303926,3.1016460272397834,2.354818715715416e+27
4002.4,10.374400477279984,3.1010554985487326,2.345526452126418e+27
4012.4,10.37428674496733,3.100467027652249,2.33629390716645e+27
4022.4,10.374173493058716,3.0998806018381497,2.3271205496372104e+27
4032.4,10.37406071827799,3.0992962085059172,2.3180058543700804e+27
4042.4,10.373948417379726,3.09871383516544,2.3089493021429458e+27
4052.4,10.373836587148855,3.098133469435748,2.2999503795983663e+27
4062.4,10.373725224400312,3.097555099043806,2.2910085791630718e+27
4072.4,10.373614325978672,3.0969787118232697,2.2821233989687535e+27
4082.4,10.373503888757805,3.0964042957133167,2.2732943427741374e+27
4092.4,10.373393909640528,3.09583183875744,2.2645209198883057e+27
4102.4,10.373284385558266,3.0952613291022923,2.25580264509525e+27
4112.4,10.373175313470714,3.094692754996539,2.2471390385796248e+27
4122.4,10.37306669036551,3.094126104789722,2.2385296258536961e+27
4132.4,10.372958513257906,3.09356136693114,2.2299739376854433e+27
4142.4,10.372850779190445,3.092998529968742,2.2214715100278046e+27
4152.4,10.372743485232649,3.092437582548045,2.2130218839490458e+27
4162.4,10.3726366284807,3.091878513411058,2.2046246055642251e+27
4172.4,10.372530206057139,3.091321311395218,2.196279225967743e+27
4182.4,10.372424215110554,3.090765965432351,2.1879853011669464e+27
4192.4,10.37231865281529,3.090212464547642,2.1797423920167805e+27
4202.4,10.372213516371145,3.0896607978586124,2.171550064155458e+27
4212.4,10.372108803003082,3.089110954574112,2.1634078879411362e+27
4222.4,10.372004509960943,3.0885629239933463,2.1553154383895796e+27
4232.4,10.371900634519163,3.088016695504874,2.1472722951127882e+27
4242.4,10.371797173976493,3.087472258585669,2.1392780422585822e+27
4252.4,10.37169412565572,3.0869296028001427,2.1313322684511153e+27
4262.4,10.371591486903405,3.08638871779923,2.1234345667323115e+27
4272.4,10.371489255089601,3.085849593319443,2.115584534504197e+27
4282.4,10.371387427607603,3.0853122191819677,2.1077817734721243e+27
4292.4,10.371286001873674,3.0847765852917552,2.1000258895888613e+27
4302.4,10.371184975326797,3.0842426816366313,2.0923164929995362e+27
4312.4,10.371084345428418,3.0837104982864263,2.0846531979874226e+27
4322.4,10.370984109662196,3.0831800253920916,2.0770356229205502e+27
4332.4,10.370884265533755,3.0826512531848573,2.069463390199123e+27
4342.4,10.370784810570441,3.0821241719753747,2.061936126203737e+27
4352.4,10.370685742321085,3.0815987721528946,2.0544534612443783e+27
4362.4,10.370587058355756,3.0810750441844292,2.0470150295101907e+27
4372.4,10.370488756265539,3.0805529786139454,2.039620469019998e+27
4382.4,10.370390833662299,3.080032566061571,2.0322694215735712e+27
4392.4,10.37029328817845,3.079513797222786,2.024961532703622e+27
4402.4,10.370196117466737,3.078996662867647,2.0176964516285155e+27
4412.4,10.370099319200005,3.0784811538400145,2.0104738312056875e+27
4422.4,10.370002891070992,3.077967261056796,2.003293327885754e+27
4432.4,10.369906830792104,3.0774549755071785,1.9961546016673004e+27
4442.4,10.369811136095203,3.0769442882518994,1.989057316052344e+27
4452.4,10.3697158047314,3.0764351904225027,1.982001138002449e+27
4462.4,10.369620834470847,3.075927673220616,1.9749857378954924e+27
4472.4,10.369526223102529,3.0754217279172407,1.9680107894830628e+27
4482.4,10.369431968434064,3.074917345852036,1.9610759698484868e+27
4492.4,10.369338068291503,3.074414518432622,1.9541809593654676e+27
4502.4,10.369244520519134,3.0739132371338966,1.947325441657329e+27
4512.4,10.369151322979286,3.0734134934973505,1.940509103556853e+27
4522.4,10.369058473552139,3.07291527913039,1.9337316350667006e+27
4532.4,10.36896597013553,3.0724185857056794,1.9269927293204094e+27
4542.4,10.368873810644775,3.0719234049604855,1.920292082543952e+27
4552.4,10.368781993012474,3.071429728696023,1.9136293940178548e+27
4562.4,10.368690515188337,3.0709375487768216,1.9070043660398558e+27
4572.4,10.368599375138997,3.070446857130083,1.9004167038881077e+27
4582.4,10.368508570847839,3.069957645745073,1.8938661157849026e+27
4592.4,10.368418100314821,3.0694699066724938,1.887352312860919e+27
4602.4,10.368327961556302,3.0689836320238695,1.8808750091199793e+27
4612.4,10.368238152604869,3.068498813970958,1.8744339214043102e+27
4622.4,10.368148671509172,3.068015444745147,1.8680287693602954e+27
4632.4,10.368059516333753,3.067533516636869,1.8616592754047178e+27
4642.4,10.367970685158886,3.0670530219950196,1.855325164691477e+27
4652.4,10.367882176080409,3.0665739532263836,1.8490261650787776e+27
4662.4,10.36779398720957,3.066096302795076,1.8427620070967832e+27
4672.4,10.367706116672863,3.0656200632219717,1.8365324239157216e+27
4682.4,10.367618562611876,3.0651452270841566,1.8303371513144396e+27
4692.4,10.367531323183131,3.0646717870143867,1.8241759276494005e+27
4702.4,10.367444396557937,3.0641997357005355,1.8180484938241124e+27
4712.4,10.367357780922237,3.0637290658850755,1.8119545932589847e+27
4722.4,10.367271474476457,3.063259770364538,1.8058939718616022e+27
4732.4,10.367185475435363,3.062791841989003,1.799866377997417e+27
4742.4,10.367099782027912,3.062325273661572,1.7938715624608403e+27
4752.4,10.367014392497111,3.061860058337872,1.787909278446741e+27
4762.4,10.366929305099877,3.0613961890255466,1.7819792815223322e+27
4772.4,10.36684451810689,3.060933658783755,1.776081329599449e+27
4782.4,10.366760029802462,3.0604724607226923,1.7702151829072052e+27
4792.4,10.366675838484399,3.060012588003092,1.7643806039650262e+27
4802.4,10.366591942463863,3.0595540338357514,1.7585773575560518e+27
4812.4,10.366508340065241,3.0590967914810614,1.7528052107009003e+27
4822.4,10.366425029626013,3.0586408542485284,1.7470639326317935e+27
4832.4,10.366342009496623,3.058186215496325,1.7413532947670312e+27
4842.4,10.366259278040348,3.0577328686308123,1.7356730706858137e+27
4852.4,10.366176833633173,3.057280807106112,1.7300230361034042e+27
4862.4,10.366094674663664,3.0568300244236353,1.7244029688466302e+27
4872.4,10.366012799532848,3.056380514131658,1.7188126488297115e+27
4882.4,10.365931206654086,3.055932269824873,1.713251858030416e+27
4892.4,10.365849894452952,3.0554852851439627,1.7077203804665377e+27
4902.4,10.365768861367117,3.055039553775173,1.702218002172686e+27
4912.4,10.36568810584623,3.0545950694498862,1.6967445111773895e+27
4922.4,10.365607626351796,3.054151825944203,1.6912996974805035e+27
4932.4,10.365527421357069,3.0537098170785377,1.6858833530309204e+27
4942.4,10.36544748934693,3.053269036717202,1.6804952717045753e+27
4952.4,10.365367828817785,3.0528294787680084,1.6751352492827445e+27
4962.4,10.365288438277439,3.0523911371818606,1.669803083430631e+27
4972.4,10.365209316244997,3.0519540059523673,1.6644985736762336e+27
4982.4,10.36513046125075,3.05151807911545,1.6592215213894955e+27
4992.4,10.365051871836075,3.051083350748959,1.6539717297617266e+27
5002.4,10.364973546553317,3.05064981497229,1.6487490037852957e+27
